2732 
56 61 3 100 79775 2.000004950
22 128 3 100 3399651 2.000102947
99 67 3 100 6316709 2.000169083
15 131 3 100 564936 2.000184818
7 100 3 100 4728539 2.000215429
120 130 3 100 2864111 2.000268184
77 78 3 100 69158 2.000268193
7 131 3 100 183401 2.000275727
14 38 3 100 39580 2.000281167
30 131 3 100 621247 2.000396059
73 10 3 100 600 2.000407050
85 128 3 100 74063 2.000450840
111 88 3 100 35750 2.000511721
79 129 3 100 481355 2.000525063
49 12 3 100 37 2.000548617
120 128 3 100 1675235 2.000550200
77 116 3 100 336680 2.000572748
79 130 3 100 1738486 2.000595593
98 117 3 100 1876553 2.000648948
88 129 3 100 2545102 2.000667423
121 34 3 100 972332 2.000669170
93 129 3 100 210312 2.000676159
59 112 3 100 1414288 2.000695479
101 128 3 100 3888301 2.000755354
121 20 3 100 638092 2.000762114
82 128 3 100 9287 2.000844908
20 59 3 100 96160 2.000857646
84 129 3 100 66233 2.000894046
124 84 3 100 5597 2.000972151
124 131 3 100 3050879 2.001017690
92 34 3 100 2735801 2.001020967
89 130 3 100 29259 2.001040654
10 86 3 100 807019 2.001059372
65 131 3 100 65834 2.001160565
96 85 3 100 3127799 2.001188954
72 130 3 100 57491 2.001235917
84 3 3 100 1818 2.001265953
19 128 3 100 2916146 2.001317746
103 70 3 100 9589 2.001334931
118 129 3 100 340692 2.001376716
17 105 3 100 4943052 2.001399865
48 129 3 100 67754 2.001433372
91 94 3 100 1362263 2.001437001
87 128 3 100 2344738 2.001439581
31 25 3 100 1315528 2.001459631
83 130 3 100 4081253 2.001461630
32 117 3 100 37889 2.001511192
93 131 3 100 664892 2.001628827
92 54 3 100 14981 2.001648709
10 131 3 100 142716 2.001655137
41 22 3 100 20740 2.001730613
68 130 3 100 3606 2.001863964
119 127 3 100 29805 2.001879026
21 129 3 100 62802 2.001926238
37 94 3 100 7850 2.001934073
118 131 3 100 398034 2.001971985
33 30 3 100 44020 2.001972852
112 131 3 100 51562 2.001973040
42 39 3 100 62819 2.002027861
75 129 3 100 375744 2.002044669
119 47 3 100 28308 2.002083832
75 130 3 100 1510558 2.002112688
127 40 3 100 9749 2.002117466
2 128 3 100 1543411 2.002160167
4 59 3 100 3265435 2.002195755
15 130 3 100 20069 2.002222083
23 108 3 100 23016 2.002279343
81 129 3 100 4707 2.002319933
127 73 3 100 1718 2.002356140
13 131 3 100 405640 2.002379093
102 39 3 100 925689 2.002412763
32 129 3 100 1938903 2.002415261
19 27 3 100 70472 2.002488357
81 131 3 100 3598287 2.002492719
96 32 3 100 62073 2.002504805
92 128 3 100 37120 2.002529649
106 9 3 100 7286199 2.002575788
46 130 3 100 76232 2.002581932
62 55 3 100 9555781 2.002582689
84 129 3 100 6365703 2.002610734
22 18 3 100 82 2.002679571
71 128 3 100 34595 2.002699934
1 109 3 100 174674 2.002710697
62 129 3 100 78421 2.002799924
24 79 3 100 69912 2.002884507
47 129 3 100 321 2.002965907
59 3 3 100 772818 2.003000269
127 130 3 100 32157 2.003000323
27 3 3 100 1641970 2.003013065
13 128 3 100 2756 2.003022620
22 79 3 100 77206 2.003118841
96 128 3 100 25478 2.003159216
53 105 3 100 6583873 2.003188913
6 131 3 100 7142 2.003207080
81 88 3 100 1937393 2.003219614
88 130 3 100 2945162 2.003240631
3 104 3 100 103329 2.003327393
4 129 3 100 23723 2.003352219
83 33 3 100 544918 2.003450105
16 130 3 100 53305 2.003461223
58 22 3 100 441514 2.003528703
103 128 3 100 2021626 2.003591053
110 46 3 100 45369 2.003624807
108 130 3 100 899389 2.003625564
16 80 3 100 40248 2.003642387
105 131 3 100 2694 2.003726616
65 16 3 100 72248 2.003740474
19 130 3 100 8424205 2.003779398
56 107 3 100 78645 2.003797650
62 128 3 100 20146 2.003804682
119 65 3 100 6842 2.003885045
83 128 3 100 145399 2.003904928
7 65 3 100 28511 2.003929738
5 129 3 100 739057 2.003988434
97 6 3 100 30662 2.003996270
23 128 3 100 58776 2.004029159
1 45 3 100 1639774 2.004082011
76 130 3 100 27332 2.004111563
3 73 3 100 54130 2.004176416
10 130 3 100 204856 2.004222147
24 108 3 100 15698 2.004225103
103 128 3 100 57931 2.004230291
65 0 3 100 2968149 2.004269819
100 129 3 100 79246 2.004286210
4 7 3 100 942606 2.004290934
48 130 3 100 7775473 2.004308067
98 125 3 100 1361616 2.004346810
73 129 3 100 125243 2.004468137
100 119 3 100 48246 2.004477190
114 129 3 100 2830 2.004532339
126 40 3 100 283822 2.004570426
57 130 3 100 355980 2.004575968
57 118 3 100 71999 2.004592395
115 128 3 100 1518 2.004620718
50 114 3 100 9756909 2.004627275
83 129 3 100 114781 2.004645709
46 71 3 100 35429 2.004674813
54 128 3 100 1475 2.004693070
82 120 3 100 18573 2.004723409
97 130 3 100 7189266 2.004734837
100 125 3 100 69132 2.004738474
36 128 3 100 27389 2.004778275
27 122 3 100 65437 2.004800303
42 128 3 100 9598621 2.004801001
84 61 3 100 395362 2.004905271
20 131 3 100 49713 2.004956395
26 15 3 100 20601 2.005032483
58 129 3 100 76052 2.005075213
59 89 3 100 4500 2.005087842
72 128 3 100 7631099 2.005108658
21 71 3 100 48799 2.005142713
81 129 3 100 65576 2.005218028
112 34 3 100 23341 2.005296091
66 131 3 100 761 2.005320606
21 79 3 100 1171493 2.005386927
126 129 3 100 9836 2.005436520
60 115 3 100 6755117 2.005456761
26 128 3 100 8094 2.005474692
24 39 3 100 1641379 2.005481468
95 129 3 100 1366094 2.005507671
32 56 3 100 491989 2.005529311
22 129 3 100 27647 2.005556439
116 91 3 100 43063 2.005565955
91 130 3 100 21124 2.005596286
47 3 3 100 196901 2.005648391
59 128 3 100 42539 2.005649261
125 115 3 100 19701 2.005716555
29 128 3 100 8024412 2.005735993
86 82 3 100 5021 2.005744322
74 131 3 100 71787 2.005750888
16 88 3 100 142126 2.005783076
95 129 3 100 58289 2.005792203
83 76 3 100 182165 2.005792482
114 129 3 100 7867524 2.005793280
45 124 3 100 147179 2.005822252
0 128 3 100 38213 2.005846874
89 16 3 100 762747 2.005848727
93 131 3 100 38948 2.005883443
93 14 3 100 1937524 2.005911771
7 129 3 100 35151 2.005930229
84 64 3 100 26931 2.005949220
94 130 3 100 24123 2.005967539
76 74 3 100 6876 2.005986752
1 129 3 100 9004 2.006014088
46 112 3 100 577730 2.006065604
73 130 3 100 40455 2.006093285
63 43 3 100 105930 2.006169875
21 131 3 100 2570108 2.006198035
124 80 3 100 29268897 2.006279183
115 131 3 100 118276 2.006288549
121 106 3 100 1505445 2.006344004
62 130 3 100 75248 2.006350142
9 55 3 100 1826459 2.006359486
62 131 3 100 7410231 2.006360866
54 38 3 100 73867 2.006361343
121 131 3 100 970565 2.006417624
14 127 3 100 393343 2.006421800
25 128 3 100 3109358 2.006475858
17 87 3 100 37687 2.006488550
47 128 3 100 28791 2.006494707
56 98 3 100 8809553 2.006603791
6 129 3 100 79777 2.006678406
7 5 3 100 289 2.006683618
117 131 3 100 26682 2.006688266
92 38 3 100 7565576 2.006727615
88 129 3 100 7006664 2.006732607
46 79 3 100 20076 2.006738976
48 131 3 100 12946 2.006764015
53 0 3 100 7465542 2.006830864
110 130 3 100 21352 2.006922555
1 34 3 100 24984 2.006922632
68 130 3 100 78366 2.006936377
101 53 3 100 4961880 2.006950211
41 129 3 100 89703 2.006975764
117 55 3 100 3816511 2.006976984
99 131 3 100 1415137 2.006999307
55 70 3 100 38655 2.007037185
16 130 3 100 22261794 2.007045731
37 13 3 100 20886 2.007091900
112 130 3 100 857818 2.007162898
68 31 3 100 26532 2.007231222
123 129 3 100 3171123 2.007249856
127 66 3 100 19192 2.007265478
46 128 3 100 1762133 2.007344078
56 8 3 100 5167 2.007362076
1 131 3 100 894947 2.007375362
75 7 3 100 484973 2.007410489
95 128 3 100 545782 2.007415564
76 7 3 100 5087838 2.007499946
90 129 3 100 38253 2.007526327
6 14 3 100 28988 2.007623319
31 131 3 100 6736162 2.007634984
124 21 3 100 3825656 2.007656932
96 128 3 100 956207 2.007754119
42 114 3 100 51709 2.007769761
23 128 3 100 2019 2.007865131
35 56 3 100 9905 2.007918364
20 128 3 100 51364 2.007984393
116 106 3 100 4962863 2.008007989
92 129 3 100 1792812 2.008094064
49 2 3 100 8249680 2.008095721
103 128 3 100 1488 2.008142047
12 106 3 100 73714 2.008148939
74 131 3 100 76767 2.008180522
55 69 3 100 1868439 2.008182756
22 128 3 100 8454630 2.008214223
4 69 3 100 721964 2.008276644
55 131 3 100 96485 2.008305600
99 90 3 100 39821 2.008315319
90 131 3 100 68854 2.008326630
46 74 3 100 2002113 2.008351335
77 129 3 100 24505 2.008407844
88 20 3 100 1717928 2.008414323
61 129 3 100 788237 2.008507144
63 29 3 100 59695 2.008518864
95 130 3 100 69519 2.008572185
50 5 3 100 65401 2.008649516
43 131 3 100 29409 2.008846133
87 55 3 100 34556 2.008855209
5 131 3 100 8282 2.008885597
121 92 3 100 32596 2.008944905
116 128 3 100 31786 2.009004656
100 18 3 100 27770 2.009009718
120 130 3 100 2323619 2.009017305
71 5 3 100 282199 2.009019506
1 128 3 100 43120 2.009023933
16 21 3 100 7841184 2.009049636
95 130 3 100 9919999 2.009102142
48 87 3 100 27593 2.009247571
125 128 3 100 77051 2.009262080
111 83 3 100 17717 2.009337998
63 129 3 100 732386 2.009363546
103 92 3 100 704909 2.009366805
34 129 3 100 22038 2.009370440
54 107 3 100 79382 2.009381123
30 131 3 100 16858 2.009419394
50 47 3 100 379747 2.009432486
114 128 3 100 710864 2.009436099
75 88 3 100 17106 2.009436822
48 130 3 100 30640 2.009479863
102 87 3 100 1384404 2.009615626
46 130 3 100 1047219 2.009649062
78 0 3 100 26388 2.009740165
79 131 3 100 15976173 2.009849289
61 10 3 100 26702 2.009882607
73 129 3 100 1780581 2.009916992
103 125 3 100 20974 2.009962232
125 129 3 100 55079 2.010022959
41 102 3 100 15061 2.010078006
79 130 3 100 570314 2.010081615
4 116 3 100 10972241 2.010087255
60 131 3 100 33860 2.010131356
52 20 3 100 52338 2.010136810
39 129 3 100 35683 2.010177662
59 95 3 100 25495 2.010200652
29 130 3 100 1579883 2.010224245
25 59 3 100 49821 2.010258813
7 131 3 100 379034 2.010278579
31 68 3 100 2454 2.010334976
76 128 3 100 113493 2.010431274
83 52 3 100 46605 2.010452764
115 130 3 100 200923 2.010477430
38 13 3 100 925307 2.010506883
38 128 3 100 27837 2.010562028
17 108 3 100 7939751 2.010602431
40 128 3 100 4902020 2.010630737
53 39 3 100 642598 2.010677944
95 128 3 100 1584773 2.010710561
114 77 3 100 9242650 2.010744088
4 129 3 100 74768 2.010754432
77 112 3 100 670753 2.010755770
92 128 3 100 4164955 2.010759658
74 56 3 100 2333751 2.010784867
80 130 3 100 5313573 2.010816197
28 54 3 100 63021 2.010824377
29 130 3 100 523885 2.010866335
94 56 3 100 2191 2.010880376
87 128 3 100 9650831 2.010958036
3 48 3 100 53677 2.011056606
38 131 3 100 4446256 2.011104148
76 98 3 100 956807 2.011106274
22 130 3 100 8781697 2.011116545
67 97 3 100 7665 2.011230940
120 129 3 100 1154 2.011267197
78 104 3 100 175880 2.011333728
98 128 3 100 2935932 2.011349895
26 88 3 100 663 2.011382722
60 130 3 100 18756 2.011393681
115 116 3 100 40768 2.011401410
31 128 3 100 185893 2.011404056
101 30 3 100 26813 2.011409474
102 130 3 100 48489 2.011469357
61 54 3 100 40392 2.011505172
49 129 3 100 63088 2.011547985
96 75 3 100 3800386 2.011609963
79 130 3 100 42221 2.011628375
44 95 3 100 22184 2.011751943
119 130 3 100 76750 2.011800906
116 104 3 100 24051201 2.011802264
19 128 3 100 178981 2.011850933
63 91 3 100 3830 2.011851243
23 129 3 100 2492370 2.011999148
18 79 3 100 970508 2.012005953
34 131 3 100 1615 2.012024850
96 86 3 100 71336 2.012041278
74 129 3 100 927888 2.012062595
34 45 3 100 904026 2.012091787
61 130 3 100 1729057 2.012187249
51 73 3 100 1901 2.012226123
101 129 3 100 934492 2.012242886
18 93 3 100 1964332 2.012264850
43 130 3 100 6344 2.012265034
23 81 3 100 267009 2.012296122
26 131 3 100 23575 2.012323165
121 122 3 100 8599933 2.012373978
92 129 3 100 43859 2.012436603
16 3 3 100 27889 2.012469074
64 131 3 100 4331096 2.012559835
21 118 3 100 7751 2.012584736
72 129 3 100 637155 2.012587942
67 17 3 100 35488 2.012615621
53 131 3 100 47946 2.012674715
92 69 3 100 23739 2.012712092
26 128 3 100 1669582 2.012771775
44 19 3 100 24902 2.012836422
56 130 3 100 15970 2.012926831
103 16 3 100 72994 2.012960514
80 128 3 100 924829 2.012960991
81 19 3 100 319019 2.012961350
94 131 3 100 992 2.012967130
93 6 3 100 10022 2.012981870
78 128 3 100 4036987 2.013172480
39 42 3 100 688 2.013209414
101 128 3 100 1885273 2.013272282
37 76 3 100 5032 2.013329685
30 129 3 100 968 2.013397361
13 28 3 100 42026 2.013431518
125 130 3 100 7323 2.013461903
21 51 3 100 108428 2.013507961
85 128 3 100 387106 2.013511896
44 61 3 100 7941 2.013565628
117 131 3 100 26851875 2.013593356
32 113 3 100 1800098 2.013595230
92 131 3 100 43965 2.013655988
69 12 3 100 29909 2.013663832
29 130 3 100 26975 2.013664197
119 93 3 100 442388 2.013707672
125 131 3 100 6041647 2.013729802
56 7 3 100 42584 2.013747962
21 128 3 100 47033 2.013756598
35 77 3 100 49289 2.013785459
14 128 3 100 9876054 2.013797088
58 71 3 100 4336585 2.013886332
43 129 3 100 4788 2.013902643
8 98 3 100 1397783 2.013927061
98 128 3 100 2914870 2.013936734
40 15 3 100 41372 2.013963296
99 131 3 100 2382517 2.014206437
87 98 3 100 14271 2.014243835
67 130 3 100 6546 2.014249937
40 33 3 100 8728238 2.014262611
69 129 3 100 9554181 2.014319936
4 7 3 100 6500637 2.014347325
97 128 3 100 104180 2.014364924
30 4 3 100 6203140 2.014378261
43 130 3 100 15775 2.014424584
42 25 3 100 79396 2.014442912
45 128 3 100 1516012 2.014453419
43 60 3 100 3546349 2.014465619
41 131 3 100 295546 2.014468837
119 46 3 100 9250 2.014536472
26 131 3 100 4543360 2.014538479
6 92 3 100 19975 2.014559060
114 128 3 100 2675 2.014627061
14 5 3 100 1680 2.014681656
96 130 3 100 1077770 2.014703022
24 49 3 100 27039 2.014720437
98 130 3 100 36827 2.014743555
77 42 3 100 30521 2.014751593
1 130 3 100 1873 2.014809555
6 117 3 100 28799627 2.014927669
38 128 3 100 5088 2.014967649
37 85 3 100 3273363 2.014996106
55 129 3 100 164557 2.014999515
33 101 3 100 7293 2.015052696
117 130 3 100 31673 2.015054762
85 97 3 100 8032 2.015057432
11 128 3 100 56647 2.015100222
47 35 3 100 1726056 2.015146699
52 129 3 100 1340391 2.015254107
99 0 3 100 85753 2.015356459
119 131 3 100 56298 2.015369065
91 59 3 100 1532081 2.015370860
93 131 3 100 9564 2.015431741
11 85 3 100 74517 2.015450502
14 130 3 100 20038 2.015462847
97 86 3 100 431 2.015504542
24 129 3 100 125281 2.015535507
51 123 3 100 77297 2.015572167
91 129 3 100 61650 2.015584052
49 46 3 100 6656 2.015593318
47 129 3 100 11209 2.015694469
51 64 3 100 11013 2.015752617
2 128 3 100 409350 2.015755689
65 109 3 100 64848 2.015807632
38 131 3 100 16290062 2.015842876
14 28 3 100 3701626 2.015864818
24 131 3 100 1424987 2.015902478
8 46 3 100 9988717 2.015913513
63 129 3 100 4100291 2.015922328
46 48 3 100 3165989 2.015941279
33 129 3 100 2596315 2.015965392
10 124 3 100 50915 2.016067432
29 129 3 100 1939328 2.016095157
15 90 3 100 38698 2.016166803
48 130 3 100 40343 2.016172006
116 61 3 100 5005 2.016244656
102 131 3 100 1416660 2.016249409
42 30 3 100 545297 2.016398441
77 129 3 100 3522835 2.016455985
123 78 3 100 2402 2.016477436
19 130 3 100 76718 2.016489345
11 64 3 100 3501133 2.016517188
16 131 3 100 28238 2.016519291
95 115 3 100 7204526 2.016519428
88 129 3 100 56608 2.016545191
102 58 3 100 49271 2.016561936
45 128 3 100 12149 2.016614016
101 19 3 100 65681 2.016651785
22 130 3 100 1660186 2.016656041
3 52 3 100 37641 2.016667666
82 131 3 100 34861 2.016732760
37 55 3 100 1017660 2.016782957
120 129 3 100 174246 2.016791408
29 112 3 100 47451 2.016837644
33 128 3 100 1332097 2.016848159
118 116 3 100 37377 2.016956788
16 130 3 100 311072 2.016963011
81 88 3 100 9772 2.016973296
16 128 3 100 26427 2.017167947
82 43 3 100 1003638 2.017199990
95 129 3 100 39917 2.017237357
89 118 3 100 1095474 2.017245805
112 130 3 100 16695309 2.017246809
43 27 3 100 21551 2.017260187
91 131 3 100 69523 2.017277619
86 92 3 100 61953 2.017278936
11 130 3 100 77403 2.017280000
87 82 3 100 84707 2.017359515
42 128 3 100 6106 2.017399821
70 45 3 100 36095 2.017404213
108 128 3 100 66378 2.017529022
89 120 3 100 944 2.017584390
42 128 3 100 8156 2.017585314
68 109 3 100 21602 2.017585423
57 129 3 100 4150 2.017608350
84 73 3 100 658748 2.017669198
98 128 3 100 125366 2.017687238
100 63 3 100 4623852 2.017688225
77 130 3 100 8445 2.017692113
69 77 3 100 553 2.017709255
0 129 3 100 26689 2.017737537
33 43 3 100 14444309 2.017840408
114 128 3 100 44815 2.017846534
60 55 3 100 154114 2.017855044
118 130 3 100 89728 2.017971332
49 70 3 100 3513 2.018053360
126 128 3 100 129823 2.018081626
27 2 3 100 3288531 2.018097089
118 131 3 100 6015878 2.018186378
107 17 3 100 66602 2.018196735
7 128 3 100 68039 2.018231520
86 46 3 100 3414242 2.018282378
11 130 3 100 9300673 2.018285622
126 107 3 100 39100 2.018356158
32 130 3 100 6548 2.018391370
35 112 3 100 16495 2.018410014
35 131 3 100 1829867 2.018464789
105 18 3 100 744872 2.018570048
116 129 3 100 98674 2.018601621
28 89 3 100 823 2.018629315
120 128 3 100 46795 2.018630012
20 5 3 100 706001 2.018641388
41 130 3 100 1283141 2.018641607
91 102 3 100 520012 2.018643627
58 131 3 100 31736 2.018646332
43 18 3 100 134009 2.018673807
100 128 3 100 656032 2.018766102
101 37 3 100 131697 2.018851054
20 131 3 100 5146 2.018894516
43 46 3 100 4503 2.018984584
100 128 3 100 48137 2.019009887
35 99 3 100 40887 2.019031220
69 131 3 100 416424 2.019226884
47 32 3 100 4513768 2.019227709
2 131 3 100 73070 2.019240678
40 52 3 100 7724621 2.019269303
16 128 3 100 67257 2.019328521
127 82 3 100 7347 2.019411250
107 129 3 100 8828727 2.019422698
37 25 3 100 41824 2.019436270
51 129 3 100 2213 2.019484824
82 106 3 100 71769 2.019492892
16 129 3 100 24423 2.019501505
30 113 3 100 31960 2.019512113
122 131 3 100 29215 2.019518747
101 75 3 100 4278 2.019537818
41 130 3 100 161475 2.019550704
101 88 3 100 755206 2.019552170
31 129 3 100 22731 2.019604304
90 116 3 100 26025 2.019620183
65 131 3 100 1212594 2.019698426
30 21 3 100 2413 2.019743600
91 130 3 100 1800501 2.019768904
79 5 3 100 1118492 2.019789395
46 129 3 100 1694156 2.019790854
72 28 3 100 25366 2.019821972
11 128 3 100 5755575 2.019834522
17 92 3 100 3655971 2.019840525
30 128 3 100 7031 2.019887168
32 62 3 100 1597390 2.019900355
14 129 3 100 3371339 2.019908772
99 87 3 100 15435 2.019921341
4 130 3 100 71927 2.019996331
101 126 3 100 54306 2.019997111
19 128 3 100 10781671 2.020045469
119 15 3 100 113669 2.020050451
3 129 3 100 342315 2.020061940
90 28 3 100 56944 2.020071720
97 130 3 100 8958 2.020099749
8 6 3 100 14241 2.020108759
18 129 3 100 4391 2.020189690
6 102 3 100 1280153 2.020227881
39 131 3 100 12249 2.020255232
90 4 3 100 16953 2.020279625
1 128 3 100 5185642 2.020316686
38 61 3 100 5473712 2.020357902
94 131 3 100 26649 2.020366926
7 125 3 100 2776385 2.020368820
110 128 3 100 1665045 2.020418240
102 124 3 100 25185 2.020433008
1 128 3 100 22418 2.020434397
19 62 3 100 27095 2.020455567
84 128 3 100 189787 2.020460546
44 114 3 100 24543810 2.020472701
76 130 3 100 1683675 2.020473951
54 23 3 100 169470 2.020538276
44 128 3 100 19523 2.020573206
40 125 3 100 29933 2.020611073
16 130 3 100 7293585 2.020612379
25 127 3 100 587402 2.020620074
91 131 3 100 31437 2.020689426
45 103 3 100 32988 2.020730170
111 129 3 100 12258 2.020798617
63 69 3 100 1087340 2.020829764
120 130 3 100 32709 2.020891780
83 84 3 100 1966531 2.020918039
90 131 3 100 77539 2.020922605
59 26 3 100 300589 2.020926496
11 131 3 100 577880 2.021000545
23 31 3 100 7483903 2.021010164
106 131 3 100 520978 2.021012122
17 105 3 100 3163248 2.021127165
29 131 3 100 1223 2.021206473
53 59 3 100 54417 2.021239590
25 128 3 100 17338 2.021279322
98 109 3 100 2950 2.021365843
40 131 3 100 21791 2.021389726
8 72 3 100 1507704 2.021394773
93 129 3 100 2701 2.021433299
119 91 3 100 7356629 2.021503254
33 131 3 100 8191 2.021556657
40 99 3 100 572 2.021617858
122 128 3 100 263887 2.021690349
86 120 3 100 62553 2.021696943
75 130 3 100 8190 2.021712613
118 82 3 100 28006167 2.021722234
77 128 3 100 1936746 2.021748825
25 57 3 100 1276 2.021847350
103 128 3 100 15446 2.021862358
16 66 3 100 2695227 2.021868227
31 131 3 100 925219 2.021881147
124 85 3 100 4723196 2.021904586
6 131 3 100 70927 2.022013443
24 112 3 100 4234985 2.022015319
82 130 3 100 1530299 2.022034815
108 83 3 100 21474 2.022083361
31 129 3 100 21680 2.022131867
60 93 3 100 624853 2.022185034
40 130 3 100 27807 2.022239892
102 66 3 100 12466 2.022318071
88 129 3 100 3490 2.022323716
17 66 3 100 3544648 2.022425970
116 128 3 100 4652 2.022517339
48 119 3 100 498611 2.022569949
44 128 3 100 22032 2.022594581
10 37 3 100 65332 2.022595902
123 129 3 100 9879789 2.022621439
28 34 3 100 8715045 2.022623452
38 129 3 100 50971 2.022643151
91 81 3 100 77900 2.022654462
23 131 3 100 9182271 2.022654480
76 10 3 100 17989 2.022678090
82 129 3 100 1961544 2.022714668
73 118 3 100 1726121 2.022741429
50 131 3 100 4310652 2.022789534
115 25 3 100 4499992 2.022802995
49 128 3 100 21109694 2.022814688
109 76 3 100 4710097 2.022863916
51 129 3 100 1119 2.022869609
77 68 3 100 269663 2.022894833
37 128 3 100 3104 2.022950522
27 48 3 100 1499 2.022970195
61 129 3 100 95320 2.023009423
21 6 3 100 57737 2.023024964
18 130 3 100 29727 2.023045323
3 22 3 100 970 2.023097573
117 129 3 100 1868314 2.023125578
37 109 3 100 63325 2.023128374
28 130 3 100 4096650 2.023187402
56 81 3 100 26023 2.023324782
66 130 3 100 3848460 2.023334397
6 86 3 100 30293 2.023367706
30 128 3 100 6363191 2.023405748
99 102 3 100 2521474 2.023432928
84 129 3 100 28257628 2.023480591
20 74 3 100 4016539 2.023512523
85 129 3 100 1947522 2.023515697
11 81 3 100 1562784 2.023528631
96 128 3 100 4431895 2.023530965
31 103 3 100 6953654 2.023533604
57 131 3 100 8075 2.023747532
48 66 3 100 2310502 2.023814599
46 129 3 100 5476874 2.023814733
43 91 3 100 100657 2.023836623
69 131 3 100 30594 2.023886180
70 58 3 100 78816 2.023911630
68 129 3 100 1651342 2.023937825
1 61 3 100 2916 2.023940373
89 128 3 100 77452 2.023969583
20 39 3 100 18031 2.024002099
73 130 3 100 18307311 2.024028649
120 87 3 100 764780 2.024079898
74 128 3 100 277974 2.024131526
119 30 3 100 637506 2.024166660
42 130 3 100 723909 2.024181566
62 54 3 100 46695 2.024188728
54 131 3 100 2963391 2.024198720
78 112 3 100 2393991 2.024200454
58 128 3 100 86460 2.024257357
126 10 3 100 56959 2.024266710
78 130 3 100 50229 2.024268542
56 117 3 100 505818 2.024271321
120 128 3 100 7331 2.024274301
98 46 3 100 42116 2.024279358
29 130 3 100 622242 2.024283696
89 7 3 100 156442 2.024293368
100 128 3 100 7611285 2.024324453
21 98 3 100 26969 2.024473298
123 131 3 100 304491 2.024483640
21 10 3 100 2183516 2.024488288
117 131 3 100 14834 2.024493651
100 104 3 100 48987 2.024494076
101 128 3 100 33827 2.024505870
26 97 3 100 53239 2.024527145
75 129 3 100 4562 2.024536003
63 10 3 100 78996 2.024581046
20 128 3 100 32367 2.024589523
40 110 3 100 49076 2.024603890
56 130 3 100 46355 2.024612316
118 96 3 100 13488 2.024643501
53 131 3 100 957199 2.024666992
100 109 3 100 68782 2.024687042
52 131 3 100 102426 2.024704591
31 51 3 100 26249 2.024714306
53 131 3 100 1192936 2.024777787
71 85 3 100 67618 2.024839250
9 131 3 100 4793 2.024860240
67 38 3 100 21722 2.024876949
51 130 3 100 64158 2.024922083
93 102 3 100 942029 2.024925858
113 128 3 100 7172 2.025044970
125 3 3 100 149518 2.025089531
22 128 3 100 1616154 2.025094289
73 60 3 100 5370 2.025160866
104 130 3 100 302226 2.025283277
13 8 3 100 64521 2.025482395
2 129 3 100 310116 2.025593679
30 5 3 100 60328 2.025631170
116 128 3 100 181230 2.025659580
114 13 3 100 6835 2.025712708
27 130 3 100 4723 2.025815158
8 34 3 100 2499924 2.025818364
104 129 3 100 727829 2.025842916
3 103 3 100 21649 2.025872783
29 130 3 100 641414 2.025897598
73 76 3 100 4190914 2.025902108
8 130 3 100 17913 2.025986296
33 2 3 100 6844 2.026006232
114 131 3 100 1863871 2.026051961
4 53 3 100 22427854 2.026128816
110 128 3 100 33314 2.026138386
37 101 3 100 28410 2.026154759
124 128 3 100 71705 2.026195325
77 109 3 100 566300 2.026214257
118 130 3 100 137401 2.026216580
72 78 3 100 8216 2.026289315
121 130 3 100 71065 2.026319837
88 62 3 100 45217 2.026424257
16 131 3 100 574347 2.026476372
111 116 3 100 8237 2.026478605
34 129 3 100 4951855 2.026491228
125 126 3 100 731983 2.026532322
61 129 3 100 6140883 2.026535791
62 98 3 100 9775209 2.026554860
67 129 3 100 741150 2.026587978
27 88 3 100 4749730 2.026600564
106 128 3 100 40342 2.026659738
88 66 3 100 64415 2.026660955
124 128 3 100 3425 2.026665415
65 49 3 100 1440284 2.026704193
74 129 3 100 36065 2.026729507
12 36 3 100 36075 2.026738472
15 128 3 100 9547 2.026745956
58 25 3 100 72149 2.026766674
97 128 3 100 2482 2.026794513
19 84 3 100 29947 2.026819848
100 131 3 100 282654 2.026848384
20 80 3 100 5294087 2.026858062
119 129 3 100 30683 2.026870993
13 122 3 100 3602773 2.026890013
121 129 3 100 31054 2.026900138
64 115 3 100 514493 2.026919495
46 129 3 100 83929 2.027016755
7 100 3 100 1542998 2.027083617
62 129 3 100 6776408 2.027233515
35 42 3 100 5302 2.027278327
98 130 3 100 4005355 2.027291917
102 70 3 100 62645 2.027317867
45 128 3 100 37081 2.027320232
30 27 3 100 4264008 2.027356721
106 131 3 100 16010507 2.027372594
23 38 3 100 1255203 2.027390332
8 131 3 100 24832 2.027435871
22 59 3 100 1261749 2.027438471
96 129 3 100 2223335 2.027456799
92 78 3 100 20475 2.027457433
55 128 3 100 883283 2.027513801
54 119 3 100 44195 2.027598113
104 131 3 100 1887685 2.027618078
7 54 3 100 56092 2.027649713
2 130 3 100 9654 2.027660503
108 66 3 100 32244 2.027674730
17 131 3 100 1164994 2.027758428
25 98 3 100 1518 2.027771696
50 130 3 100 58397 2.027825833
89 99 3 100 26573868 2.027919311
86 129 3 100 43916 2.027957616
8 4 3 100 22421 2.028032586
31 131 3 100 21656 2.028052732
27 19 3 100 62319 2.028275680
65 129 3 100 298337 2.028280582
29 63 3 100 59346 2.028351283
125 130 3 100 54982 2.028405396
3 45 3 100 29530 2.028418785
21 131 3 100 5329753 2.028431899
73 92 3 100 63783 2.028436326
35 131 3 100 208723 2.028452140
8 68 3 100 84900 2.028463924
90 129 3 100 2792 2.028492441
66 122 3 100 3965 2.028628667
105 131 3 100 7369919 2.028632993
75 43 3 100 58318 2.028692406
23 128 3 100 18730388 2.028717474
13 7 3 100 770661 2.028746130
23 129 3 100 2891909 2.028789142
13 36 3 100 62748 2.028797267
70 131 3 100 13333252 2.028831093
13 43 3 100 4628599 2.028860318
85 130 3 100 1504409 2.028876593
54 40 3 100 1319417 2.028932327
10 128 3 100 4323213 2.029056298
79 112 3 100 8525598 2.029078587
50 129 3 100 24775 2.029093083
57 96 3 100 74094 2.029102436
104 128 3 100 56159 2.029122150
105 23 3 100 556 2.029153577
83 131 3 100 15429 2.029252590
69 85 3 100 1094 2.029275003
21 129 3 100 145447 2.029279751
44 60 3 100 1476383 2.029284855
88 131 3 100 32274 2.029311011
113 16 3 100 70755 2.029341032
80 129 3 100 40523 2.029345237
1 15 3 100 79133 2.029481790
126 131 3 100 1803659 2.029494549
18 86 3 100 735 2.029529963
51 128 3 100 2234634 2.029552384
42 3 3 100 27621 2.029572319
90 129 3 100 203562 2.029636141
85 104 3 100 58662 2.029675017
63 130 3 100 1056636 2.029697392
16 11 3 100 77653 2.029716143
46 129 3 100 70854 2.029765549
122 100 3 100 55959 2.029806662
27 128 3 100 9455 2.029807010
97 85 3 100 3910228 2.029815493
43 129 3 100 9282 2.029818933
79 30 3 100 9279 2.029822047
84 130 3 100 8283331 2.029856047
101 85 3 100 3748 2.029967711
19 131 3 100 202227 2.030013825
47 35 3 100 1613224 2.030049680
31 129 3 100 162567 2.030086154
85 58 3 100 60221 2.030119493
65 129 3 100 29610 2.030136913
103 104 3 100 1725 2.030145457
23 129 3 100 6853880 2.030148053
90 81 3 100 424582 2.030242099
21 131 3 100 13412603 2.030252256
113 26 3 100 4204884 2.030277099
104 128 3 100 4197 2.030364065
4 114 3 100 1849885 2.030372124
59 128 3 100 6110283 2.030505886
13 0 3 100 1215245 2.030525957
107 130 3 100 77778 2.030531511
58 61 3 100 8589 2.030559727
45 130 3 100 75708 2.030591023
4 18 3 100 36007 2.030603006
61 129 3 100 4096988 2.030652458
85 96 3 100 24210941 2.030745522
28 129 3 100 32854 2.030806866
85 45 3 100 2429472 2.030810837
84 131 3 100 2226 2.030843089
18 102 3 100 3571479 2.030899880
84 128 3 100 315451 2.030900206
35 33 3 100 9661294 2.030945193
1 131 3 100 1655 2.031042117
70 114 3 100 143396 2.031046749
4 130 3 100 158505 2.031067130
30 29 3 100 189695 2.031069185
105 131 3 100 54764 2.031071716
77 125 3 100 8551201 2.031188315
57 128 3 100 78612 2.031190125
103 97 3 100 20675 2.031198328
69 128 3 100 874636 2.031238897
4 59 3 100 79559 2.031303179
1 130 3 100 73749 2.031340489
112 63 3 100 21475 2.031341474
58 131 3 100 1471 2.031377473
73 39 3 100 42274 2.031423742
2 130 3 100 26803 2.031433103
52 73 3 100 5758698 2.031473234
65 128 3 100 140 2.031514565
7 78 3 100 22752 2.031549204
127 129 3 100 83090 2.031574669
27 11 3 100 37343 2.031579535
73 130 3 100 56999 2.031609030
86 106 3 100 6566 2.031642921
119 130 3 100 6597822 2.031661696
13 29 3 100 5155 2.031669793
42 128 3 100 4124693 2.031739188
26 60 3 100 37466 2.031739511
114 131 3 100 1713436 2.031744539
109 103 3 100 57031 2.031749044
72 129 3 100 70284 2.031788851
73 56 3 100 30313 2.031809958
77 129 3 100 207753 2.031853548
69 2 3 100 82683 2.031866303
8 129 3 100 1063 2.031923533
64 100 3 100 567495 2.031960575
46 131 3 100 8765 2.031980575
46 115 3 100 1249313 2.031985908
57 129 3 100 696784 2.032002767
39 46 3 100 26698 2.032085483
25 129 3 100 796688 2.032120615
26 10 3 100 34084 2.032146161
62 131 3 100 39858 2.032167357
14 0 3 100 65832 2.032194899
53 128 3 100 25595221 2.032201944
45 61 3 100 1156497 2.032212414
50 129 3 100 1365743 2.032370340
41 29 3 100 56828 2.032376271
34 128 3 100 4768119 2.032404951
86 38 3 100 1573943 2.032410603
114 130 3 100 22745 2.032419908
28 45 3 100 44308 2.032534193
29 129 3 100 20799097 2.032545202
81 126 3 100 6792 2.032591209
76 130 3 100 4664090 2.032616385
109 127 3 100 187912 2.032636240
22 129 3 100 351438 2.032687404
43 52 3 100 28337 2.032720827
4 130 3 100 9920 2.032747256
82 98 3 100 746619 2.032754818
62 130 3 100 12794 2.032761776
8 13 3 100 1601243 2.032814954
105 128 3 100 1674891 2.032821477
116 8 3 100 70593 2.032927796
48 128 3 100 4179050 2.032949541
52 107 3 100 917787 2.032963689
106 131 3 100 86483 2.032978723
91 33 3 100 23046 2.033015897
69 129 3 100 56504 2.033025676
14 69 3 100 50793 2.033033743
107 129 3 100 3813621 2.033040175
11 79 3 100 29268 2.033043992
30 131 3 100 5113158 2.033067318
42 80 3 100 22517 2.033106918
57 131 3 100 8696306 2.033152046
55 111 3 100 3407399 2.033170159
109 129 3 100 6320864 2.033175555
97 93 3 100 167701 2.033214911
97 129 3 100 4464 2.033234937
1 16 3 100 295795 2.033346816
8 129 3 100 1732823 2.033359796
83 124 3 100 37399 2.033378843
96 131 3 100 421628 2.033436501
26 73 3 100 177983 2.033455119
79 129 3 100 17885 2.033469096
69 70 3 100 8079208 2.033516704
25 131 3 100 38467 2.033541307
71 30 3 100 25085 2.033726191
36 129 3 100 96705 2.033752739
78 27 3 100 6736669 2.033784524
20 128 3 100 24168 2.033792368
62 110 3 100 48923 2.033817737
50 129 3 100 45083 2.033924610
98 121 3 100 1851769 2.034089142
54 129 3 100 194283 2.034097775
69 111 3 100 26117498 2.034174183
37 131 3 100 2677 2.034189473
87 82 3 100 1784274 2.034201577
3 128 3 100 3005096 2.034276028
107 101 3 100 1518858 2.034278193
99 129 3 100 67131 2.034321045
108 109 3 100 8650 2.034400088
41 129 3 100 69957 2.034422431
101 74 3 100 218171 2.034424311
91 129 3 100 4335808 2.034593025
102 72 3 100 1159517 2.034648738
19 130 3 100 53534 2.034667222
72 59 3 100 21167 2.034685259
10 130 3 100 2498 2.034725213
37 27 3 100 2706 2.034750004
107 128 3 100 1624 2.034766597
30 99 3 100 9616 2.034782841
25 131 3 100 3926 2.034807512
9 102 3 100 27033 2.034811442
96 130 3 100 740467 2.034868604
112 47 3 100 145677 2.034958907
24 129 3 100 8640882 2.035004948
103 117 3 100 6095229 2.035042111
108 131 3 100 3101554 2.035043437
111 88 3 100 130290 2.035068210
101 130 3 100 153317 2.035074288
37 56 3 100 27962 2.035104968
16 130 3 100 1389 2.035114540
49 38 3 100 749575 2.035124630
68 129 3 100 5288 2.035167868
51 99 3 100 65632 2.035216157
5 128 3 100 11591 2.035221171
24 26 3 100 1701367 2.035244624
53 129 3 100 4582813 2.035246472
85 48 3 100 9289 2.035280453
99 129 3 100 438106 2.035294971
104 41 3 100 1604782 2.035296477
36 131 3 100 73644 2.035299579
127 29 3 100 64637 2.035335311
124 128 3 100 3533 2.035373350
34 82 3 100 1151924 2.035411255
3 128 3 100 6900 2.035577004
32 14 3 100 64685 2.035599110
91 129 3 100 172289 2.035623946
89 104 3 100 60613 2.035630082
100 130 3 100 5675 2.035648314
30 46 3 100 292885 2.035683080
86 128 3 100 444681 2.035695687
112 94 3 100 6023 2.035738952
3 129 3 100 28494 2.035768416
83 22 3 100 4862 2.035827297
11 129 3 100 2978 2.035856737
89 97 3 100 1000054 2.035863444
91 130 3 100 76619 2.035932216
62 110 3 100 688876 2.035971640
114 128 3 100 23962 2.036016924
65 42 3 100 7816915 2.036088434
48 131 3 100 4003 2.036128478
105 12 3 100 34112 2.036153839
69 130 3 100 2266 2.036248673
101 82 3 100 1279225 2.036293195
121 131 3 100 1762370 2.036301052
73 22 3 100 9225 2.036329540
8 129 3 100 17416117 2.036352076
16 31 3 100 1884008 2.036467615
69 130 3 100 4781 2.036468440
81 48 3 100 22553 2.036539282
110 131 3 100 362043 2.036666127
93 18 3 100 8731442 2.036683156
103 129 3 100 1726391 2.036784936
49 44 3 100 6018638 2.036856031
30 130 3 100 606846 2.036863678
88 65 3 100 76209 2.036872685
61 130 3 100 14326 2.036948523
119 59 3 100 55908 2.036962762
75 128 3 100 21000 2.036967668
51 108 3 100 57859 2.036968014
88 131 3 100 555358 2.036968115
115 99 3 100 4170 2.037045830
64 128 3 100 1338888 2.037046674
14 55 3 100 54316 2.037124545
24 130 3 100 52001 2.037137646
113 19 3 100 76084 2.037163887
27 130 3 100 117710 2.037210495
85 68 3 100 1006571 2.037215672
7 129 3 100 1468 2.037313705
17 18 3 100 24336 2.037426155
104 131 3 100 489 2.037511983
81 46 3 100 2179715 2.037534674
52 129 3 100 22100 2.037543193
49 109 3 100 47694 2.037557519
11 129 3 100 1443534 2.037581046
6 90 3 100 72606 2.037586834
33 131 3 100 2898610 2.037652705
32 59 3 100 24332 2.037681881
62 130 3 100 1045893 2.037721407
32 120 3 100 27910 2.037735394
97 129 3 100 1007648 2.037795195
52 81 3 100 330497 2.037847150
40 128 3 100 28728 2.037851985
105 60 3 100 2715 2.037900023
118 128 3 100 65136 2.037920785
103 61 3 100 20958 2.037921263
85 128 3 100 39502 2.037934216
12 121 3 100 10601340 2.037939005
4 129 3 100 7977285 2.037940616
29 2 3 100 15868 2.037966625
8 131 3 100 1229361 2.038012388
7 93 3 100 97213 2.038069484
67 131 3 100 35757 2.038104056
9 30 3 100 75905 2.038175332
83 128 3 100 53997 2.038225949
127 75 3 100 846365 2.038239214
92 129 3 100 72633 2.038259035
42 73 3 100 2778 2.038266007
122 128 3 100 2757432 2.038275238
19 0 3 100 2519 2.038293739
59 128 3 100 20029927 2.038338415
35 40 3 100 131555 2.038339861
117 128 3 100 17261083 2.038354380
47 68 3 100 77485 2.038357431
88 130 3 100 21714953 2.038357749
9 57 3 100 25086 2.038390378
126 128 3 100 1168 2.038445870
123 88 3 100 183427 2.038478985
93 129 3 100 1127226 2.038487774
26 76 3 100 1902485 2.038502780
107 128 3 100 67571 2.038669448
35 80 3 100 3370 2.038704132
48 130 3 100 372370 2.038704597
41 82 3 100 2591171 2.038799773
101 128 3 100 7644942 2.038822557
121 3 3 100 12534 2.038860777
77 128 3 100 347090 2.038890858
42 14 3 100 3752 2.038904169
3 130 3 100 2817769 2.038920716
15 38 3 100 10591 2.038933398
73 130 3 100 1263826 2.038971088
12 32 3 100 1409796 2.038986725
101 131 3 100 21319 2.039000509
74 41 3 100 66596 2.039130780
28 129 3 100 14755495 2.039210257
9 119 3 100 25611 2.039324741
63 128 3 100 608422 2.039332449
10 72 3 100 1921471 2.039339144
36 131 3 100 45105 2.039345703
14 16 3 100 285228 2.039382025
92 130 3 100 24969 2.039418564
125 35 3 100 28681 2.039540830
123 128 3 100 560526 2.039542917
56 120 3 100 1019273 2.039651925
46 130 3 100 9954640 2.039663038
23 21 3 100 142333 2.039683128
65 128 3 100 21537157 2.039709974
57 68 3 100 274087 2.039742241
70 129 3 100 139484 2.039782467
10 69 3 100 8722649 2.039798625
41 130 3 100 3271611 2.039861617
7 126 3 100 55217 2.039872068
8 130 3 100 684641 2.039894898
77 20 3 100 78959 2.039943344
123 129 3 100 22502 2.039965174
17 1 3 100 11060 2.040027091
81 129 3 100 1246213 2.040101697
9 20 3 100 3123762 2.040147239
0 128 3 100 8498100 2.040153554
31 110 3 100 270 2.040165696
61 130 3 100 8550 2.040169839
89 66 3 100 40215 2.040182768
8 130 3 100 26878 2.040189834
46 116 3 100 13403 2.040287406
101 128 3 100 73865 2.040326737
111 57 3 100 7540 2.040329600
118 130 3 100 2066991 2.040383326
9 7 3 100 54228 2.040416222
115 129 3 100 4883304 2.040500648
17 72 3 100 21559 2.040501619
13 129 3 100 15407 2.040591019
67 75 3 100 15784 2.040604178
65 129 3 100 1342672 2.040631443
91 70 3 100 8891 2.040637884
80 130 3 100 9230870 2.040660905
68 112 3 100 28058 2.040701524
32 130 3 100 5694 2.040725329
18 107 3 100 5413 2.040766303
72 129 3 100 74000 2.040792271
47 109 3 100 4066755 2.040799274
89 130 3 100 1425797 2.040890216
40 76 3 100 1315129 2.040908966
26 131 3 100 1430864 2.040917873
110 68 3 100 18592855 2.040925695
125 130 3 100 467570 2.040935639
34 11 3 100 634199 2.040978147
72 129 3 100 42312 2.041011534
115 122 3 100 1398295 2.041045001
96 129 3 100 29020 2.041077866
87 13 3 100 57130 2.041170666
113 128 3 100 65325 2.041181545
42 13 3 100 65796 2.041237840
12 130 3 100 785983 2.041330545
104 13 3 100 573324 2.041332275
46 131 3 100 23513 2.041406552
26 70 3 100 105024 2.041434089
118 130 3 100 976299 2.041558572
96 101 3 100 37667 2.041575251
49 131 3 100 1656207 2.041609611
7 36 3 100 17558 2.041616327
104 131 3 100 2155248 2.041618364
5 1 3 100 9230 2.041649772
110 131 3 100 775425 2.041664515
101 105 3 100 885246 2.041671566
1 131 3 100 21090665 2.041713074
83 23 3 100 209 2.041741771
21 130 3 100 9967257 2.041827868
65 109 3 100 9871321 2.041915028
66 131 3 100 22502 2.041955577
99 79 3 100 1156372 2.041964972
78 131 3 100 69167 2.042000926
124 94 3 100 51164 2.042011736
28 131 3 100 1514771 2.042026604
54 53 3 100 249546 2.042029486
3 129 3 100 7403934 2.042046421
61 67 3 100 8546 2.042157059
121 131 3 100 14323 2.042161605
28 67 3 100 68738 2.042201363
125 131 3 100 494284 2.042256711
16 123 3 100 1474378 2.042355812
33 129 3 100 47458 2.042386546
44 65 3 100 386 2.042409473
44 129 3 100 815776 2.042448463
20 42 3 100 36751 2.042476995
116 130 3 100 1520510 2.042528224
97 29 3 100 22295 2.042578211
122 128 3 100 7221 2.042629882
121 67 3 100 49621 2.042635973
12 130 3 100 31522 2.042655958
18 20 3 100 1132105 2.042761808
0 130 3 100 11964 2.042817036
94 46 3 100 8154 2.042842796
5 130 3 100 76858 2.042874211
19 22 3 100 20675 2.042892973
127 129 3 100 60248 2.042895674
28 107 3 100 58738 2.042896617
70 130 3 100 11851 2.042947913
70 124 3 100 27814 2.042951074
48 131 3 100 8304906 2.043028111
127 78 3 100 27954 2.043076474
100 128 3 100 403042 2.043170601
127 47 3 100 1593156 2.043365161
8 129 3 100 7422093 2.043478248
111 26 3 100 1127264 2.043487728
46 131 3 100 145970 2.043530313
69 57 3 100 15337797 2.043566410
59 130 3 100 37959 2.043574540
20 23 3 100 448253 2.043582514
112 130 3 100 254568 2.043617182
99 114 3 100 64782 2.043638694
72 128 3 100 114620 2.043677576
27 66 3 100 66834 2.043702663
26 130 3 100 1019704 2.043716833
2 121 3 100 178601 2.043733686
95 130 3 100 2412266 2.043760734
68 72 3 100 5695 2.043839994
106 131 3 100 26074 2.043863645
23 46 3 100 3731262 2.043868251
87 129 3 100 8845530 2.043919292
126 107 3 100 220 2.043920441
108 129 3 100 195326 2.043930280
69 89 3 100 1595495 2.043957327
23 130 3 100 73605 2.043973464
52 107 3 100 29445 2.044003045
10 131 3 100 9964936 2.044050365
64 92 3 100 1843921 2.044113191
112 128 3 100 1183116 2.044156167
69 7 3 100 15226 2.044201434
65 129 3 100 3194004 2.044208464
56 104 3 100 1332757 2.044250050
11 130 3 100 5491854 2.044293847
20 41 3 100 135863 2.044401496
88 128 3 100 79724 2.044454265
102 77 3 100 15364 2.044454654
124 129 3 100 69074 2.044517154
35 57 3 100 54501 2.044546375
59 129 3 100 295493 2.044548068
6 117 3 100 58925 2.044576243
83 130 3 100 30447 2.044733431
26 101 3 100 3672 2.044868432
72 129 3 100 357779 2.044888306
122 82 3 100 1108599 2.044902415
48 131 3 100 28944 2.044956886
15 71 3 100 1504 2.044962237
48 129 3 100 106628 2.044990798
125 5 3 100 1147805 2.045015461
125 130 3 100 6795 2.045050771
118 83 3 100 1205423 2.045061140
64 128 3 100 1579054 2.045062135
125 58 3 100 3633 2.045074897
107 128 3 100 1719941 2.045091246
67 48 3 100 77765 2.045152046
13 129 3 100 1730762 2.045170263
103 83 3 100 23577226 2.045176047
113 131 3 100 33659 2.045203243
83 53 3 100 563184 2.045220690
63 130 3 100 27128 2.045332775
11 6 3 100 5588 2.045339688
77 129 3 100 55604 2.045354031
43 29 3 100 5117461 2.045361132
48 129 3 100 16825 2.045365171
11 20 3 100 6259130 2.045530604
15 131 3 100 4292 2.045531014
60 62 3 100 5633973 2.045570138
102 128 3 100 11137 2.045571650
31 53 3 100 63189 2.045576237
32 131 3 100 57750 2.045594005
68 111 3 100 25662 2.045686883
110 130 3 100 6439883 2.045717214
15 121 3 100 24247046 2.045770954
22 129 3 100 33480 2.045808164
26 10 3 100 110554 2.045828894
121 129 3 100 35493 2.045834659
49 34 3 100 65600 2.045901584
61 128 3 100 76210 2.045970606
69 113 3 100 8514 2.045979475
50 128 3 100 1832 2.045989603
77 55 3 100 3583252 2.046112147
0 129 3 100 59311 2.046149706
11 23 3 100 3448 2.046165671
85 130 3 100 27046 2.046184693
43 12 3 100 8222487 2.046307389
120 130 3 100 8472 2.046382688
17 31 3 100 634575 2.046481268
84 130 3 100 1274283 2.046502973
5 61 3 100 431161 2.046547635
103 131 3 100 10099 2.046557100
9 91 3 100 4310777 2.046566345
93 131 3 100 7390192 2.046602500
7 3 3 100 652960 2.046666937
125 128 3 100 40676 2.046690616
10 109 3 100 2108039 2.046752942
90 128 3 100 42086 2.046769005
70 9 3 100 4176835 2.046776335
31 130 3 100 8072 2.046808082
53 64 3 100 47780 2.046809424
81 131 3 100 29164 2.046877091
94 90 3 100 24737858 2.046956059
111 128 3 100 40944 2.046980161
18 92 3 100 171748 2.046982622
91 129 3 100 9705 2.047113347
53 82 3 100 9397724 2.047147393
96 130 3 100 23968 2.047152527
90 121 3 100 1649774 2.047172911
117 131 3 100 65403 2.047186701
111 113 3 100 1937 2.047192350
80 128 3 100 416029 2.047194649
28 83 3 100 69083 2.047225959
48 130 3 100 31842 2.047254044
111 82 3 100 56703 2.047291315
4 128 3 100 60339 2.047305344
70 91 3 100 27513 2.047311584
14 129 3 100 54908 2.047314736
60 7 3 100 9331638 2.047321137
106 130 3 100 57645 2.047361920
76 61 3 100 607287 2.047371132
25 131 3 100 168082 2.047373158
14 33 3 100 70750 2.047573619
16 128 3 100 793224 2.047595894
105 102 3 100 23867 2.047758404
125 130 3 100 20279 2.047783647
58 55 3 100 5641262 2.047813188
83 130 3 100 5528 2.047850873
96 2 3 100 1918692 2.047883941
44 130 3 100 123134 2.047977462
103 1 3 100 1113742 2.047987148
119 128 3 100 713070 2.048057320
61 65 3 100 38417 2.048078129
76 128 3 100 30736 2.048135459
65 96 3 100 7999038 2.048137910
83 131 3 100 66438 2.048148392
33 49 3 100 24688 2.048276703
27 128 3 100 56634 2.048302955
118 76 3 100 113318 2.048309607
70 131 3 100 1503925 2.048313835
47 7 3 100 19766 2.048334063
21 131 3 100 76065 2.048337288
82 23 3 100 42389 2.048393449
57 130 3 100 4372 2.048405227
17 43 3 100 79199 2.048475116
64 129 3 100 72357 2.048532934
93 72 3 100 7268756 2.048612118
124 130 3 100 53455 2.048704286
47 43 3 100 1472004 2.048735876
64 129 3 100 71748 2.048776704
107 112 3 100 24946 2.048886499
68 131 3 100 77066 2.049029981
2 31 3 100 1113903 2.049055190
93 129 3 100 122027 2.049075172
49 14 3 100 3010591 2.049112630
62 131 3 100 25633 2.049126802
15 41 3 100 116195 2.049148170
113 128 3 100 36705 2.049228587
93 56 3 100 157256 2.049236886
66 131 3 100 47868 2.049370992
15 75 3 100 3671 2.049386793
93 131 3 100 356 2.049403907
6 1 3 100 166923 2.049472802
55 131 3 100 7371042 2.049474519
99 83 3 100 2559944 2.049535151
121 129 3 100 791565 2.049591927
101 23 3 100 59168 2.049681832
89 131 3 100 879766 2.049712078
123 68 3 100 16888228 2.049717845
11 129 3 100 164763 2.049745213
22 35 3 100 60155 2.049747184
102 131 3 100 71250 2.049748577
120 77 3 100 873049 2.049761890
90 128 3 100 795013 2.049765316
127 22 3 100 851 2.049786009
87 130 3 100 3966946 2.049818911
116 78 3 100 41105 2.049821165
78 129 3 100 10052 2.049827615
84 64 3 100 559593 2.049888282
69 128 3 100 17135 2.049892188
13 10 3 100 610275 2.049919003
16 130 3 100 54298 2.049939677
36 27 3 100 25348 2.050030368
37 129 3 100 34714 2.050031369
49 123 3 100 31675 2.050157559
85 128 3 100 1898824 2.050215425
70 7 3 100 438164 2.050308614
69 130 3 100 642 2.050374122
45 9 3 100 1886612 2.050376559
125 128 3 100 54255 2.050397005
101 40 3 100 2470 2.050407408
62 131 3 100 51860 2.050459649
124 23 3 100 139779 2.050475051
90 130 3 100 4224 2.050592903
7 56 3 100 29566 2.050600285
90 128 3 100 852346 2.050631954
47 38 3 100 6318205 2.050632475
111 129 3 100 52645 2.050649802
51 92 3 100 5005964 2.050666839
103 130 3 100 1789482 2.050693772
40 64 3 100 1548038 2.050740003
93 130 3 100 1394305 2.050751415
11 70 3 100 25210 2.050753023
126 129 3 100 33320 2.050754735
35 16 3 100 57573 2.050780613
88 130 3 100 1636140 2.050795361
8 88 3 100 4548938 2.050826828
105 130 3 100 4431 2.050939819
63 19 3 100 684647 2.050946155
124 130 3 100 15912272 2.050967165
84 51 3 100 71635 2.050968050
25 129 3 100 52218 2.050993938
111 3 3 100 2960576 2.051046485
42 128 3 100 45919 2.051133832
100 47 3 100 18039 2.051137447
8 131 3 100 42309 2.051178441
14 19 3 100 21003 2.051270356
90 130 3 100 69088 2.051366329
56 43 3 100 8828 2.051440672
9 131 3 100 40073 2.051467169
36 92 3 100 40189 2.051483390
115 130 3 100 950746 2.051555734
53 43 3 100 29735 2.051600350
75 128 3 100 3330 2.051619502
17 97 3 100 22120 2.051694996
10 131 3 100 1180719 2.051705625
17 66 3 100 591425 2.051747833
55 130 3 100 6424722 2.051750697
54 39 3 100 1345814 2.051785329
59 128 3 100 1607891 2.051881158
83 50 3 100 6764 2.051944867
22 130 3 100 1412831 2.051960655
69 90 3 100 19357 2.051993768
102 129 3 100 3280 2.052025770
81 54 3 100 70910 2.052056601
2 128 3 100 30514 2.052082160
122 81 3 100 460 2.052082275
45 131 3 100 1871271 2.052086739
64 63 3 100 39868 2.052098721
77 128 3 100 39715 2.052105016
43 114 3 100 50272 2.052141703
45 130 3 100 73793 2.052219973
66 61 3 100 358265 2.052223228
6 129 3 100 5529469 2.052277752
52 53 3 100 1989890 2.052334652
16 130 3 100 57093 2.052406407
53 80 3 100 57655 2.052409040
81 129 3 100 76488 2.052414799
89 77 3 100 56049 2.052435041
102 128 3 100 77629 2.052435209
91 88 3 100 4129 2.052513384
4 129 3 100 1235652 2.052523360
51 118 3 100 56310 2.052527501
50 129 3 100 187329 2.052564428
57 7 3 100 847222 2.052571311
24 130 3 100 5028 2.052612910
89 54 3 100 617304 2.052686274
32 128 3 100 2611355 2.052728733
94 23 3 100 61122 2.052731688
84 128 3 100 21168 2.052750399
15 55 3 100 7815 2.052770947
90 130 3 100 7658 2.052848599
63 66 3 100 2091702 2.052864819
54 128 3 100 22475 2.052881741
90 11 3 100 6584 2.052920904
72 129 3 100 2734258 2.052927653
106 50 3 100 8847871 2.052931703
49 128 3 100 21459 2.052947867
52 60 3 100 22803 2.052949280
3 128 3 100 23228 2.052959850
41 23 3 100 8188797 2.052989184
78 128 3 100 583423 2.053008296
88 57 3 100 87327 2.053012878
126 128 3 100 2791035 2.053174502
42 62 3 100 2402698 2.053237167
37 130 3 100 12183400 2.053273397
72 83 3 100 4121048 2.053337621
64 128 3 100 8303 2.053339207
70 75 3 100 152011 2.053344398
73 131 3 100 1867604 2.053413969
3 52 3 100 1713479 2.053447198
27 130 3 100 191133 2.053464424
76 39 3 100 8090 2.053495590
16 131 3 100 17038 2.053523954
85 72 3 100 30236 2.053527234
106 131 3 100 7608450 2.053541910
53 120 3 100 1367164 2.053566940
65 129 3 100 3559098 2.053608682
109 14 3 100 23099 2.053635959
91 131 3 100 6598 2.053666723
75 95 3 100 7629 2.053700747
45 128 3 100 1812665 2.053803995
26 3 3 100 28547 2.053844465
42 128 3 100 48066 2.053957030
27 54 3 100 1594299 2.053965417
92 131 3 100 67264 2.053984888
18 1 3 100 23795 2.054069621
113 130 3 100 18524 2.054081418
90 7 3 100 298586 2.054133741
82 129 3 100 21800 2.054137049
80 23 3 100 43279 2.054242095
36 131 3 100 4189479 2.054245172
13 65 3 100 4710663 2.054275538
99 131 3 100 39444 2.054300632
38 7 3 100 2321833 2.054474306
36 128 3 100 32104 2.054551892
89 88 3 100 9293727 2.054590870
35 129 3 100 148352 2.054592593
105 57 3 100 17067 2.054624385
1 131 3 100 48362 2.054707010
68 63 3 100 308070 2.054760264
19 131 3 100 1866391 2.054852580
6 58 3 100 1695 2.054863516
102 129 3 100 5981 2.054893787
82 113 3 100 20090 2.054899319
125 129 3 100 26187 2.054910174
99 118 3 100 123578 2.054986205
50 131 3 100 7797 2.054997668
48 76 3 100 76462 2.055012689
63 129 3 100 1407570 2.055067741
88 31 3 100 2796614 2.055087111
27 128 3 100 146669 2.055113686
45 69 3 100 62959 2.055116834
33 128 3 100 30451 2.055123429
115 27 3 100 1301 2.055154447
68 129 3 100 138360 2.055161447
53 39 3 100 347437 2.055193063
83 130 3 100 30907 2.055222937
91 49 3 100 103931 2.055254457
52 129 3 100 772 2.055335459
5 76 3 100 972965 2.055412431
82 130 3 100 682150 2.055420728
100 81 3 100 7823711 2.055427159
37 128 3 100 34463 2.055441129
79 30 3 100 5113 2.055521744
100 130 3 100 18497 2.055542119
98 89 3 100 41008 2.055585655
22 129 3 100 4773 2.055618012
111 2 3 100 26432272 2.055681991
80 128 3 100 7260 2.055732820
70 100 3 100 1376474 2.055782574
42 131 3 100 4742892 2.055798737
103 26 3 100 122592 2.055821116
4 128 3 100 2355934 2.055834161
123 38 3 100 4795438 2.055908316
4 130 3 100 77793 2.055941217
101 56 3 100 150974 2.055948307
92 131 3 100 1412732 2.056041000
80 49 3 100 27845 2.056062168
64 131 3 100 1700410 2.056067860
25 80 3 100 29582 2.056110275
125 129 3 100 9881857 2.056133082
33 10 3 100 1887681 2.056249756
109 130 3 100 5992 2.056255444
125 101 3 100 79339 2.056356018
18 130 3 100 66080 2.056364669
99 127 3 100 5515 2.056410049
69 129 3 100 26146042 2.056415702
68 1 3 100 7475737 2.056418663
12 128 3 100 8350 2.056426536
117 78 3 100 31884 2.056495572
84 131 3 100 8714 2.056564697
5 104 3 100 7426468 2.056572944
85 129 3 100 25428 2.056595618
101 50 3 100 8152 2.056630047
64 129 3 100 1660 2.056689509
23 116 3 100 2592306 2.056690150
119 128 3 100 274124 2.056743979
94 6 3 100 3115 2.056749819
63 131 3 100 1359772 2.056792844
103 66 3 100 8438303 2.056804134
93 131 3 100 10722 2.056871231
102 38 3 100 120448 2.056882834
114 128 3 100 35827 2.056899988
125 76 3 100 629997 2.056958893
10 131 3 100 102735 2.057001763
72 66 3 100 45868 2.057001876
51 131 3 100 381425 2.057007985
63 12 3 100 75122 2.057038447
91 130 3 100 44579 2.057059976
123 36 3 100 58909 2.057125337
56 129 3 100 50950 2.057233221
29 65 3 100 197105 2.057241382
45 129 3 100 1495621 2.057269778
90 15 3 100 44636 2.057279241
56 129 3 100 8787632 2.057283318
55 44 3 100 3568596 2.057290326
110 129 3 100 143153 2.057341635
62 89 3 100 31534 2.057396052
52 129 3 100 876929 2.057441744
96 3 3 100 2115663 2.057446949
95 128 3 100 52182 2.057593977
75 84 3 100 8782 2.057634944
89 129 3 100 7415 2.057659168
24 49 3 100 15157 2.057696435
96 131 3 100 104299 2.057727308
105 18 3 100 831891 2.057772252
95 128 3 100 2508 2.057787891
27 1 3 100 29704 2.057833910
57 129 3 100 1983916 2.057844751
117 48 3 100 7623 2.057845931
96 130 3 100 5706809 2.057935928
73 87 3 100 34522 2.057942797
107 128 3 100 709549 2.057960420
99 52 3 100 7266074 2.057973317
96 128 3 100 1331754 2.057997237
125 64 3 100 48880 2.058006745
73 131 3 100 4312226 2.058088870
102 60 3 100 2028026 2.058089843
41 128 3 100 1791621 2.058106480
83 44 3 100 152174 2.058146868
125 129 3 100 60870 2.058157015
61 97 3 100 1986 2.058221785
106 129 3 100 5160329 2.058226705
57 20 3 100 149828 2.058245316
25 128 3 100 802503 2.058274645
91 30 3 100 12347 2.058301903
65 131 3 100 283602 2.058344190
86 109 3 100 8339209 2.058405903
3 128 3 100 1895 2.058556812
44 14 3 100 4760854 2.058565656
7 129 3 100 25157 2.058589047
65 79 3 100 74075 2.058644728
111 130 3 100 160807 2.058705732
71 122 3 100 2191237 2.058877207
3 128 3 100 8685862 2.058907315
101 105 3 100 1806882 2.058909221
49 131 3 100 24 2.058949384
57 0 3 100 5084653 2.058971633
35 129 3 100 46107 2.058985778
17 46 3 100 176028 2.059042168
56 129 3 100 7197375 2.059049320
25 6 3 100 74152 2.059146559
62 128 3 100 7312 2.059241362
83 95 3 100 3320041 2.059361265
61 130 3 100 312400 2.059362505
124 17 3 100 74850 2.059368710
123 130 3 100 4373505 2.059373229
114 56 3 100 330143 2.059395554
70 131 3 100 26680 2.059409643
31 97 3 100 34466 2.059412949
3 131 3 100 22111 2.059469978
86 7 3 100 2535426 2.059622483
98 129 3 100 70037 2.059667817
49 97 3 100 56202 2.059706827
25 129 3 100 3606 2.059747959
30 106 3 100 63506 2.059752559
39 131 3 100 1334324 2.059763610
103 91 3 100 77698 2.059775907
14 131 3 100 3484 2.059902547
94 81 3 100 168590 2.059911887
41 128 3 100 11473 2.059912964
64 12 3 100 4271997 2.059915566
70 130 3 100 64303 2.059976565
16 36 3 100 6101448 2.059978970
16 128 3 100 64234 2.060151418
33 49 3 100 555134 2.060194114
48 129 3 100 56237 2.060250988
119 46 3 100 42738 2.060262520
4 131 3 100 1903248 2.060314159
36 89 3 100 8474995 2.060315337
125 129 3 100 28551 2.060350460
85 3 3 100 871080 2.060402981
49 128 3 100 89571 2.060418140
87 12 3 100 304409 2.060439007
104 130 3 100 63453 2.060535538
83 75 3 100 23794 2.060540219
86 131 3 100 79998 2.060570656
0 38 3 100 17787741 2.060673543
69 128 3 100 48140 2.060697490
50 69 3 100 20393 2.060751997
32 128 3 100 884908 2.060849941
34 105 3 100 21754 2.060860329
45 130 3 100 73632 2.060870335
3 25 3 100 36593 2.060988603
85 130 3 100 812349 2.061051768
101 12 3 100 581292 2.061078454
87 129 3 100 1532056 2.061121305
48 60 3 100 841800 2.061150885
82 129 3 100 4761 2.061155950
80 119 3 100 1404275 2.061157557
107 131 3 100 36432 2.061160788
63 33 3 100 4900353 2.061184148
120 129 3 100 2405739 2.061288673
50 39 3 100 58050 2.061296461
91 131 3 100 1452310 2.061367045
111 35 3 100 69999 2.061390503
106 129 3 100 58216 2.061438135
15 125 3 100 31056 2.061482307
114 130 3 100 909923 2.061492357
14 76 3 100 113365 2.061496069
19 128 3 100 535401 2.061507573
61 97 3 100 52969 2.061543320
60 128 3 100 15007 2.061577019
40 9 3 100 47511 2.061616192
100 129 3 100 67476 2.061621684
81 49 3 100 26668 2.061644276
17 130 3 100 591093 2.061669746
75 113 3 100 59430 2.061680208
114 128 3 100 3006 2.061762529
21 35 3 100 20283 2.061800866
21 128 3 100 6607 2.061847772
27 43 3 100 54097 2.061853405
100 128 3 100 1586153 2.061861929
59 62 3 100 987033 2.061870775
112 129 3 100 19085 2.061894868
105 2 3 100 28650487 2.061941821
6 129 3 100 71109 2.062029033
98 17 3 100 33191 2.062042697
36 131 3 100 136266 2.062056498
118 73 3 100 34818 2.062095380
0 128 3 100 3832 2.062154278
97 95 3 100 23495568 2.062156701
42 129 3 100 35727 2.062165888
10 16 3 100 49940 2.062172466
123 130 3 100 3595444 2.062181002
63 41 3 100 24617 2.062183937
88 129 3 100 3246 2.062222111
24 67 3 100 6178 2.062249834
6 130 3 100 60208 2.062288702
14 75 3 100 41895 2.062326572
65 128 3 100 284155 2.062378246
113 66 3 100 7236 2.062380690
42 131 3 100 3487012 2.062388989
3 96 3 100 20160 2.062403336
60 130 3 100 1178260 2.062409262
77 90 3 100 22936 2.062468329
68 129 3 100 39655 2.062483193
26 55 3 100 34209 2.062488493
41 130 3 100 9891 2.062522630
56 99 3 100 52099 2.062526384
58 128 3 100 27166 2.062544812
106 36 3 100 685715 2.062551780
109 131 3 100 4548720 2.062566455
11 13 3 100 4720 2.062644288
124 130 3 100 362018 2.062680573
56 79 3 100 3691443 2.062831740
60 129 3 100 11739 2.062857519
122 110 3 100 4518468 2.062874748
51 129 3 100 21417440 2.062876055
99 110 3 100 9673149 2.062889617
16 128 3 100 34485 2.062897045
118 2 3 100 16263079 2.062913032
69 129 3 100 9066867 2.062933786
98 3 3 100 8645117 2.062950951
103 129 3 100 40668 2.062953969
109 57 3 100 484069 2.062969067
107 131 3 100 28097524 2.062976808
121 48 3 100 6148 2.063000801
118 129 3 100 9482 2.063137203
115 16 3 100 636515 2.063145595
41 131 3 100 7062008 2.063149008
102 28 3 100 15544 2.063226452
114 128 3 100 6515396 2.063246112
2 67 3 100 7737677 2.063255630
31 129 3 100 940862 2.063284571
122 125 3 100 47426 2.063290371
125 128 3 100 111282 2.063294843
62 28 3 100 7967500 2.063343401
62 129 3 100 18251 2.063368423
24 56 3 100 43334 2.063466666
55 128 3 100 14245 2.063480077
87 107 3 100 6505959 2.063509691
119 129 3 100 21022 2.063518075
35 108 3 100 702892 2.063528553
113 128 3 100 23294 2.063543377
13 118 3 100 4686424 2.063550697
12 130 3 100 132750 2.063564223
32 0 3 100 421000 2.063727264
71 130 3 100 14187 2.063756829
124 40 3 100 56327 2.063757918
106 131 3 100 2057683 2.063775445
13 36 3 100 9893888 2.063807642
75 131 3 100 145284 2.063861132
50 99 3 100 80028 2.063903621
58 129 3 100 122314 2.063932347
104 41 3 100 62650 2.063993425
39 128 3 100 9377308 2.064097140
33 95 3 100 1089 2.064102067
112 128 3 100 16994 2.064118603
95 92 3 100 114634 2.064122255
73 131 3 100 26040 2.064207194
111 3 3 100 2393 2.064252480
35 131 3 100 5074113 2.064304269
73 20 3 100 6745024 2.064325610
36 131 3 100 3125121 2.064328841
73 59 3 100 67173 2.064341032
90 128 3 100 60933 2.064361840
110 39 3 100 1705 2.064370475
49 129 3 100 189215 2.064371114
69 127 3 100 1469049 2.064477640
81 129 3 100 8463367 2.064497888
46 71 3 100 75396 2.064600876
126 130 3 100 86938 2.064643246
104 60 3 100 2038 2.064669190
2 129 3 100 58729 2.064713144
88 39 3 100 41051 2.064746152
41 128 3 100 19178881 2.064749561
127 48 3 100 1009 2.064757096
48 128 3 100 69321 2.064823085
120 67 3 100 8931 2.064825914
31 129 3 100 49134 2.064915042
83 44 3 100 847204 2.064917601
28 128 3 100 6274 2.064989898
19 97 3 100 1800603 2.064994311
121 131 3 100 3770790 2.065015323
24 103 3 100 58206 2.065024488
126 128 3 100 904812 2.065064450
101 1 3 100 55962 2.065065768
64 128 3 100 7303 2.065107195
100 41 3 100 365139 2.065109070
27 131 3 100 28987 2.065171613
118 28 3 100 1665231 2.065173289
102 128 3 100 20714 2.065195071
33 117 3 100 171677 2.065224913
72 128 3 100 30043 2.065237433
115 85 3 100 9466 2.065259490
4 128 3 100 3302803 2.065267100
58 80 3 100 1355030 2.065339482
109 131 3 100 189230 2.065378183
16 31 3 100 13992 2.065429302
20 129 3 100 695320 2.065440281
80 44 3 100 4487186 2.065477095
47 130 3 100 7545127 2.065498331
38 78 3 100 911453 2.065572593
23 131 3 100 75919 2.065574433
28 11 3 100 5995468 2.065612912
104 128 3 100 1447188 2.065651251
78 77 3 100 367010 2.065673895
45 129 3 100 930057 2.065695636
11 3 3 100 61504 2.065729451
88 130 3 100 15677 2.065735995
127 56 3 100 583885 2.065752896
5 129 3 100 41322 2.065761918
2 52 3 100 28046863 2.065774082
16 131 3 100 52111 2.065853788
1 11 3 100 22572550 2.065918445
125 130 3 100 4735 2.065945589
102 83 3 100 4108812 2.065965362
127 129 3 100 53163 2.065974040
49 120 3 100 56393 2.065980143
32 131 3 100 6734712 2.065993119
34 37 3 100 11116 2.066022060
46 129 3 100 57106 2.066064290
99 77 3 100 29932 2.066065986
95 128 3 100 43824 2.066102065
117 85 3 100 513802 2.066120681
53 131 3 100 1679293 2.066125266
120 80 3 100 41877 2.066164113
11 128 3 100 9817 2.066175603
36 54 3 100 870518 2.066191488
111 131 3 100 1067785 2.066194524
87 52 3 100 1650 2.066209789
126 130 3 100 49704 2.066255076
52 109 3 100 2264 2.066278263
83 129 3 100 6522157 2.066295039
94 65 3 100 38694 2.066307933
5 129 3 100 28171 2.066333529
107 14 3 100 1855439 2.066349201
69 128 3 100 12737905 2.066384217
83 118 3 100 1830679 2.066458105
103 130 3 100 466373 2.066504330
51 59 3 100 595066 2.066507719
109 131 3 100 5750 2.066540372
41 108 3 100 64829 2.066589176
81 128 3 100 72023 2.066602873
29 109 3 100 1203133 2.066614909
2 129 3 100 54401 2.066666778
26 119 3 100 9299115 2.066737881
27 129 3 100 1195518 2.066769064
22 18 3 100 4419 2.066776052
62 129 3 100 75197 2.066806268
5 68 3 100 50567 2.066808517
105 131 3 100 24372 2.066880613
112 58 3 100 4487297 2.066915589
36 130 3 100 26405 2.066973007
23 1 3 100 3199 2.066986095
34 130 3 100 65639 2.066998594
13 3 3 100 146242 2.067059183
90 129 3 100 19834 2.067063821
88 47 3 100 1648356 2.067110820
56 128 3 100 29558 2.067122448
108 51 3 100 34378 2.067181990
15 128 3 100 1749085 2.067214516
99 3 3 100 39631 2.067311097
4 129 3 100 9520177 2.067332212
45 82 3 100 1249155 2.067435868
54 130 3 100 77614 2.067492170
15 72 3 100 302294 2.067515725
53 130 3 100 8629 2.067614664
83 35 3 100 1075 2.067642873
53 131 3 100 1994461 2.067669651
48 16 3 100 513806 2.067743888
68 129 3 100 1584540 2.067751669
115 118 3 100 1971203 2.067845301
17 131 3 100 1078 2.067881483
20 81 3 100 7364458 2.067939827
37 130 3 100 22799 2.067951118
18 84 3 100 26719354 2.067958339
63 129 3 100 6893 2.067982551
54 126 3 100 7572 2.068019682
10 131 3 100 25007 2.068132815
110 71 3 100 77 2.068187383
76 128 3 100 34198 2.068399110
110 63 3 100 1334035 2.068403538
78 130 3 100 1467 2.068526835
92 50 3 100 46342 2.068551115
31 130 3 100 16983 2.068624426
49 27 3 100 255821 2.068649101
2 129 3 100 9380 2.068650935
7 122 3 100 20848 2.068674646
82 130 3 100 70303 2.068711861
120 119 3 100 59377 2.068740913
84 130 3 100 65491 2.068797019
52 36 3 100 3671 2.068811506
57 130 3 100 33582 2.068819883
14 113 3 100 4769944 2.068841724
25 129 3 100 57501 2.068878097
60 43 3 100 7779 2.068991487
11 131 3 100 7161 2.069002044
123 55 3 100 23009 2.069009374
107 128 3 100 982794 2.069015238
70 97 3 100 9369490 2.069100703
49 131 3 100 2258 2.069135779
42 43 3 100 35442 2.069145789
119 128 3 100 66047 2.069164731
96 53 3 100 170432 2.069168132
29 129 3 100 3320450 2.069209648
52 4 3 100 328152 2.069250418
96 130 3 100 168414 2.069310956
83 59 3 100 130381 2.069318163
118 131 3 100 185986 2.069393737
0 8 3 100 70186 2.069454126
4 131 3 100 57637 2.069591802
97 26 3 100 8508 2.069610416
76 130 3 100 1340791 2.069616396
26 126 3 100 16690 2.069631030
77 131 3 100 1100 2.069658993
120 10 3 100 572900 2.069730489
47 129 3 100 27454 2.069747184
106 95 3 100 189953 2.069787729
38 131 3 100 1289742 2.069788760
18 31 3 100 6944121 2.069822272
60 129 3 100 41757 2.069823293
25 44 3 100 31271 2.069832062
119 130 3 100 667561 2.069846750
56 52 3 100 2630782 2.069851397
42 130 3 100 21946 2.069896795
113 51 3 100 22864351 2.069934036
1 129 3 100 1292284 2.070018692
47 35 3 100 4847801 2.070035269
32 128 3 100 100055 2.070048952
94 89 3 100 67979 2.070051269
15 128 3 100 20958 2.070084880
47 39 3 100 74906 2.070102336
7 128 3 100 750958 2.070175893
6 4 3 100 3875183 2.070267107
22 129 3 100 17680489 2.070298040
53 113 3 100 1394656 2.070312315
6 131 3 100 21522 2.070338776
89 36 3 100 539043 2.070339901
90 128 3 100 768169 2.070413750
21 71 3 100 124516 2.070445848
109 129 3 100 3549195 2.070603780
43 104 3 100 61505 2.070711966
94 129 3 100 34802 2.070724604
49 0 3 100 71359 2.070773228
76 130 3 100 4982 2.070810185
6 12 3 100 22925 2.070814333
64 129 3 100 6642 2.070820659
90 50 3 100 703350 2.070865612
101 131 3 100 4936365 2.070906970
62 1 3 100 700240 2.070938101
53 129 3 100 320 2.071002019
116 94 3 100 3040 2.071002634
126 130 3 100 497286 2.071017428
116 25 3 100 604136 2.071078925
82 130 3 100 556311 2.071126128
89 100 3 100 567510 2.071136973
38 130 3 100 3079 2.071159734
110 40 3 100 24260 2.071166830
37 131 3 100 2756680 2.071200194
92 21 3 100 57420 2.071240859
99 131 3 100 4096582 2.071246967
84 39 3 100 59098 2.071265172
75 129 3 100 78812 2.071284183
92 14 3 100 3497084 2.071305934
14 128 3 100 9889788 2.071323896
70 81 3 100 23322 2.071383544
121 129 3 100 381404 2.071421279
112 121 3 100 150022 2.071425837
67 128 3 100 9103736 2.071428721
31 30 3 100 106178 2.071493271
48 130 3 100 3538 2.071500335
40 83 3 100 1844937 2.071512048
111 131 3 100 712969 2.071526002
56 66 3 100 64421 2.071535175
55 130 3 100 74572 2.071676614
85 4 3 100 46990 2.071688359
68 128 3 100 70576 2.071766193
82 52 3 100 10677 2.071791754
56 129 3 100 122256 2.071793378
124 13 3 100 79630 2.071847300
59 129 3 100 2228 2.071879747
72 110 3 100 5699563 2.071888351
59 130 3 100 3298 2.071898831
81 93 3 100 195974 2.071920035
54 130 3 100 16261 2.071927719
21 86 3 100 8428850 2.072077618
15 130 3 100 4438582 2.072079787
82 47 3 100 292567 2.072125456
103 130 3 100 24834 2.072157742
21 108 3 100 63695 2.072168397
53 128 3 100 7906 2.072171764
96 102 3 100 4496897 2.072360687
82 128 3 100 34749 2.072389435
91 107 3 100 59310 2.072394044
76 128 3 100 791997 2.072398838
34 23 3 100 76031 2.072409246
71 131 3 100 2273523 2.072458809
91 126 3 100 64582 2.072481163
48 130 3 100 63603 2.072562025
119 34 3 100 1697435 2.072565848
71 130 3 100 73227 2.072574793
114 102 3 100 5470 2.072654779
26 128 3 100 2631 2.072658020
66 60 3 100 20476 2.072659484
80 128 3 100 3932165 2.072668912
69 28 3 100 6544762 2.072694870
105 128 3 100 11513 2.072706631
14 94 3 100 26197 2.072706741
77 131 3 100 1706797 2.072706858
29 117 3 100 45494 2.072738539
123 128 3 100 3417707 2.072778284
45 90 3 100 67752 2.072829359
11 129 3 100 4311990 2.072833500
6 39 3 100 1654526 2.072836604
26 129 3 100 2189993 2.072980872
41 46 3 100 135060 2.072986054
9 131 3 100 3720458 2.073046600
21 123 3 100 56085 2.073112893
41 131 3 100 166078 2.073136514
26 40 3 100 138992 2.073148430
59 128 3 100 3715498 2.073222461
63 71 3 100 21859 2.073258802
121 128 3 100 15118 2.073300690
120 45 3 100 191062 2.073313970
50 130 3 100 2064147 2.073331577
50 72 3 100 1832588 2.073366119
16 130 3 100 139030 2.073367275
55 64 3 100 248 2.073478169
60 130 3 100 217807 2.073514977
32 63 3 100 5912996 2.073580674
20 130 3 100 4402 2.073626878
78 75 3 100 1266136 2.073645604
109 130 3 100 8454 2.073722601
108 16 3 100 8396 2.073735824
41 131 3 100 20511 2.073798580
62 84 3 100 21702 2.073829616
22 128 3 100 205625 2.073857804
9 121 3 100 3077 2.073916821
72 128 3 100 28631 2.073919264
46 35 3 100 4358 2.073972675
17 131 3 100 51224 2.073983100
11 69 3 100 8202342 2.073984487
27 129 3 100 486606 2.073998554
31 99 3 100 304321 2.074029175
73 130 3 100 65801 2.074098206
45 93 3 100 205264 2.074121241
120 128 3 100 305098 2.074155027
16 60 3 100 66881 2.074181303
121 128 3 100 66136 2.074216019
49 119 3 100 145724 2.074220341
35 130 3 100 1029683 2.074256915
93 125 3 100 8326 2.074407012
15 131 3 100 1368450 2.074435671
124 91 3 100 105962 2.074448554
63 131 3 100 43967 2.074451886
90 4 3 100 7743 2.074466337
79 130 3 100 170347 2.074471737
48 21 3 100 1200 2.074496649
6 128 3 100 24388 2.074498525
71 86 3 100 41419 2.074524710
78 129 3 100 20074 2.074546134
88 87 3 100 52956 2.074550143
43 130 3 100 5617 2.074585908
34 7 3 100 1911267 2.074590815
69 129 3 100 1234312 2.074595703
88 119 3 100 56116 2.074639330
82 128 3 100 59007 2.074648696
106 111 3 100 5522 2.074706834
116 129 3 100 1911225 2.074725653
18 24 3 100 24000456 2.074778890
61 130 3 100 27362 2.074787960
56 26 3 100 1028235 2.074823824
35 129 3 100 26109 2.074831133
50 28 3 100 43298 2.074905475
18 131 3 100 28914 2.074909069
111 105 3 100 8268770 2.074910732
94 131 3 100 18907 2.074994436
24 77 3 100 2701047 2.075036713
97 131 3 100 52647 2.075062824
35 117 3 100 65613 2.075065684
109 128 3 100 5374245 2.075101615
50 107 3 100 1475438 2.075141585
125 130 3 100 722150 2.075165412
47 81 3 100 6240 2.075197189
84 130 3 100 14777 2.075213474
15 66 3 100 44528 2.075263954
7 131 3 100 48797 2.075267600
84 32 3 100 8434 2.075281103
34 130 3 100 7042876 2.075391708
7 82 3 100 8633 2.075412088
16 131 3 100 155319 2.075421177
125 38 3 100 64548 2.075482316
121 130 3 100 376384 2.075520845
37 116 3 100 9009 2.075551380
113 129 3 100 1455532 2.075555072
112 101 3 100 27445 2.075563124
36 128 3 100 20085 2.075565077
127 0 3 100 28504 2.075614758
92 130 3 100 3332772 2.075652138
20 93 3 100 172 2.075672178
66 129 3 100 3648345 2.075673084
96 21 3 100 34033 2.075756169
65 131 3 100 8641146 2.075782971
23 13 3 100 4193 2.075793420
58 130 3 100 6183 2.075841867
9 38 3 100 885932 2.075845842
10 131 3 100 69241 2.075857065
58 22 3 100 24963 2.075873154
40 128 3 100 5691 2.075873491
4 117 3 100 26318 2.075902985
118 131 3 100 27484 2.075910441
52 68 3 100 3540 2.075955751
26 128 3 100 1752254 2.076026180
13 44 3 100 26248 2.076060070
54 131 3 100 67664 2.076129251
82 30 3 100 458579 2.076321595
37 131 3 100 5904789 2.076328392
52 86 3 100 506405 2.076493388
83 130 3 100 3466934 2.076494388
86 49 3 100 3346988 2.076542049
66 130 3 100 1293612 2.076602458
74 105 3 100 1985727 2.076667615
23 130 3 100 4042271 2.076738223
109 9 3 100 936647 2.076815823
126 130 3 100 220 2.076825461
26 11 3 100 26433 2.076837223
28 129 3 100 10140 2.076845124
50 68 3 100 126055 2.076866440
63 130 3 100 40861 2.076878520
79 41 3 100 72100 2.076920557
47 131 3 100 8804 2.076927137
29 78 3 100 17676013 2.076937703
114 129 3 100 45837 2.076949813
103 58 3 100 29365278 2.076952330
44 131 3 100 4110545 2.076961186
15 129 3 100 2035415 2.077050049
109 17 3 100 4026099 2.077053656
109 129 3 100 2453332 2.077102151
26 61 3 100 2512534 2.077155355
3 129 3 100 4415309 2.077168979
49 51 3 100 402 2.077180812
55 130 3 100 896377 2.077187668
45 67 3 100 30707 2.077251690
29 128 3 100 79477 2.077321577
69 119 3 100 3053391 2.077332723
59 128 3 100 42923 2.077334373
25 100 3 100 22685505 2.077340775
82 130 3 100 168833 2.077377340
21 115 3 100 66693 2.077414262
77 130 3 100 5291953 2.077444489
78 113 3 100 6367518 2.077455674
124 129 3 100 27889 2.077477141
53 127 3 100 12232582 2.077535824
91 131 3 100 693428 2.077541230
89 110 3 100 39350 2.077557755
15 131 3 100 53710 2.077582352
95 86 3 100 865214 2.077680283
51 131 3 100 15348986 2.077685940
116 58 3 100 173053 2.077733667
21 130 3 100 61284 2.077737795
15 46 3 100 2209852 2.077738987
48 128 3 100 64044 2.077765378
43 112 3 100 461 2.077767587
73 129 3 100 4030090 2.077813495
42 87 3 100 1192 2.077815906
53 131 3 100 357802 2.077943266
110 86 3 100 28644 2.077945502
29 129 3 100 1665760 2.077988671
53 72 3 100 22200 2.078022416
90 128 3 100 3719195 2.078090403
27 76 3 100 962985 2.078092395
1 129 3 100 1936953 2.078145437
110 93 3 100 24946 2.078186311
68 128 3 100 265799 2.078192033
32 46 3 100 167747 2.078214294
112 128 3 100 1138837 2.078218021
94 96 3 100 627714 2.078249445
67 130 3 100 22185 2.078263720
123 30 3 100 28406 2.078347653
64 131 3 100 22114 2.078377241
79 119 3 100 1269693 2.078399851
92 130 3 100 9914 2.078399958
100 36 3 100 35856 2.078407303
34 129 3 100 4209024 2.078463622
84 68 3 100 46237 2.078465337
58 129 3 100 68338 2.078483054
98 109 3 100 7716 2.078511122
80 128 3 100 71963 2.078531471
46 91 3 100 6962 2.078535465
96 30 3 100 1464 2.078721041
104 130 3 100 697016 2.078731758
112 117 3 100 67816 2.078741753
45 113 3 100 11247 2.078798424
65 131 3 100 22242 2.078801120
68 64 3 100 65262 2.078816716
101 129 3 100 4811 2.078866912
13 81 3 100 4966 2.078956700
107 129 3 100 38218 2.079003338
24 21 3 100 743368 2.079079156
70 130 3 100 7673807 2.079104194
76 41 3 100 65838 2.079145995
99 116 3 100 8405179 2.079185796
69 129 3 100 132876 2.079192748
40 74 3 100 5514841 2.079219455
110 129 3 100 13899 2.079250890
107 125 3 100 109872 2.079253075
28 131 3 100 1638094 2.079253928
93 33 3 100 28695 2.079257154
28 128 3 100 639153 2.079313828
116 18 3 100 8418788 2.079330943
105 129 3 100 4607294 2.079352603
17 38 3 100 3888400 2.079354266
24 128 3 100 32599 2.079389181
100 21 3 100 3126731 2.079411662
115 129 3 100 7886771 2.079419156
92 23 3 100 9708171 2.079428304
35 131 3 100 36284 2.079485057
106 64 3 100 175135 2.079511550
64 131 3 100 1340892 2.079524738
7 21 3 100 300391 2.079537099
42 131 3 100 3363128 2.079589775
73 12 3 100 699 2.079593900
92 131 3 100 2802598 2.079631801
127 35 3 100 24659 2.079730655
91 130 3 100 562540 2.079749493
60 81 3 100 48805 2.079749588
6 130 3 100 59768 2.079751286
89 16 3 100 79201 2.079810995
72 128 3 100 7422 2.079867503
66 1 3 100 9132 2.079867776
12 130 3 100 2349 2.079895681
2 3 3 100 85500 2.079899589
88 129 3 100 31043 2.079929716
64 83 3 100 687829 2.079933103
71 128 3 100 264466 2.079933464
87 9 3 100 55454 2.079955801
0 130 3 100 3100489 2.079960920
1 76 3 100 76920 2.079998224
93 128 3 100 723567 2.080038707
65 73 3 100 9301 2.080062748
14 130 3 100 66256 2.080070041
92 62 3 100 3746508 2.080110183
53 130 3 100 1922899 2.080132239
82 123 3 100 36205 2.080153583
12 129 3 100 21462 2.080229584
61 3 3 100 65688 2.080250090
48 130 3 100 1551706 2.080262011
2 95 3 100 51123 2.080279168
108 131 3 100 9479369 2.080299845
85 126 3 100 2602 2.080324277
4 129 3 100 4401732 2.080377230
79 51 3 100 100674 2.080386950
100 130 3 100 1925500 2.080407079
60 57 3 100 78664 2.080423659
4 130 3 100 33446 2.080470925
126 123 3 100 16876 2.080495754
19 130 3 100 18913141 2.080533683
108 43 3 100 7830921 2.080586104
64 128 3 100 6194963 2.080599322
124 55 3 100 1463489 2.080680763
6 129 3 100 841377 2.080681251
112 20 3 100 38474 2.080814764
31 130 3 100 7072183 2.080866700
3 112 3 100 63896 2.080916863
46 130 3 100 426118 2.080952239
25 111 3 100 946356 2.080980274
13 129 3 100 930909 2.080988042
103 17 3 100 438716 2.081001819
36 130 3 100 75402 2.081046554
110 97 3 100 832726 2.081076932
96 130 3 100 2280310 2.081124988
48 73 3 100 1005 2.081128188
40 128 3 100 5529560 2.081130439
98 24 3 100 437485 2.081142211
102 131 3 100 52015 2.081145226
104 26 3 100 1886300 2.081150454
55 128 3 100 4036 2.081187805
42 64 3 100 56017 2.081276017
71 128 3 100 85797 2.081290758
87 105 3 100 3655 2.081357708
113 131 3 100 38623 2.081420734
71 65 3 100 6903 2.081465205
94 130 3 100 45739 2.081506134
56 95 3 100 15290905 2.081622453
18 131 3 100 161983 2.081694076
104 6 3 100 311008 2.081730566
34 130 3 100 117599 2.081743388
78 61 3 100 655873 2.081795403
26 129 3 100 3187 2.081848066
18 88 3 100 9383342 2.081878304
79 131 3 100 2441 2.081896083
44 50 3 100 7985347 2.081919981
92 128 3 100 105789 2.082013014
4 102 3 100 30626 2.082076031
34 129 3 100 12205 2.082103489
17 76 3 100 4330199 2.082128233
71 131 3 100 159716 2.082136619
35 94 3 100 106787 2.082164538
46 128 3 100 278037 2.082185573
84 81 3 100 21739 2.082234467
105 131 3 100 787604 2.082256242
4 73 3 100 32834 2.082313378
73 131 3 100 28878 2.082417673
102 127 3 100 25876 2.082516605
125 131 3 100 66411 2.082516612
52 57 3 100 1154251 2.082527777
59 129 3 100 38221 2.082599712
62 95 3 100 2590 2.082603474
103 130 3 100 1589034 2.082620910
28 120 3 100 25108 2.082623922
42 129 3 100 1376869 2.082628796
52 83 3 100 45296 2.082649336
17 130 3 100 67434 2.082666241
15 23 3 100 27608 2.082678912
70 129 3 100 809669 2.082740854
34 115 3 100 32224 2.082798560
120 130 3 100 4838 2.082818045
120 35 3 100 21230 2.082916919
113 131 3 100 8229 2.082927766
66 39 3 100 1353262 2.082961538
16 129 3 100 1159997 2.082964520
24 122 3 100 2814 2.082966957
73 128 3 100 38089 2.082975805
74 96 3 100 5529402 2.083022203
76 131 3 100 63208 2.083029017
2 116 3 100 9904 2.083032192
2 131 3 100 37844 2.083060870
118 98 3 100 58021 2.083102777
46 131 3 100 1902784 2.083103784
90 4 3 100 46577 2.083114297
69 129 3 100 57783 2.083127795
13 106 3 100 606537 2.083177339
35 128 3 100 21131 2.083242178
19 74 3 100 246224 2.083307303
76 131 3 100 39719 2.083307960
112 117 3 100 24897 2.083311944
20 131 3 100 50852 2.083314448
17 47 3 100 28695 2.083316966
78 130 3 100 2622 2.083318112
55 53 3 100 26855 2.083332678
127 130 3 100 176046 2.083334357
80 36 3 100 935194 2.083365403
97 131 3 100 4570 2.083389272
77 75 3 100 8820 2.083436069
76 129 3 100 5575 2.083444081
100 27 3 100 2878507 2.083492924
126 128 3 100 190137 2.083507040
108 32 3 100 15427778 2.083509636
69 128 3 100 271581 2.083582164
91 111 3 100 48303 2.083772654
121 130 3 100 1024462 2.083774420
127 60 3 100 478895 2.083796802
34 128 3 100 2452 2.083798235
39 36 3 100 4183212 2.083866594
95 130 3 100 2835 2.083881582
124 47 3 100 2280 2.083898020
120 128 3 100 19567 2.083916866
11 121 3 100 1038847 2.083950166
67 128 3 100 7090 2.084105598
85 49 3 100 69495 2.084128181
88 128 3 100 99585 2.084141436
109 1 3 100 55342 2.084158027
34 128 3 100 1031 2.084181832
29 15 3 100 19906037 2.084226037
87 128 3 100 31309 2.084307146
54 47 3 100 8873 2.084345802
90 128 3 100 1263347 2.084359971
95 92 3 100 3982295 2.084439768
107 129 3 100 21369 2.084504972
61 26 3 100 162583 2.084536825
111 128 3 100 20510 2.084577599
31 63 3 100 17983 2.084578428
84 128 3 100 124817 2.084658438
77 127 3 100 1373345 2.084749409
42 129 3 100 1891834 2.084785614
32 84 3 100 196320 2.084873831
39 130 3 100 42771 2.084943370
41 30 3 100 31208 2.085001048
42 130 3 100 1939161 2.085024289
49 89 3 100 5204 2.085039740
93 130 3 100 3787516 2.085040942
56 8 3 100 2206162 2.085084609
66 130 3 100 2970 2.085111527
56 68 3 100 6230 2.085126641
46 130 3 100 1825782 2.085155863
97 113 3 100 45188 2.085180026
83 129 3 100 288 2.085216453
28 103 3 100 50129 2.085232156
8 129 3 100 1569324 2.085324337
76 128 3 100 456189 2.085338453
35 61 3 100 53233 2.085382882
52 129 3 100 4938590 2.085390932
48 59 3 100 3955374 2.085498978
47 128 3 100 3592711 2.085543192
127 56 3 100 5761760 2.085554884
72 129 3 100 8640856 2.085566502
86 65 3 100 1696279 2.085625457
1 128 3 100 3555036 2.085644655
50 128 3 100 49935 2.085717174
65 45 3 100 64014 2.085752601
80 128 3 100 403156 2.085764888
7 131 3 100 6397 2.085816596
61 54 3 100 1784 2.085974011
42 128 3 100 4034026 2.086053147
3 40 3 100 78241 2.086111724
68 129 3 100 2972 2.086124296
11 121 3 100 95890 2.086194380
105 129 3 100 1585606 2.086201782
67 19 3 100 8573610 2.086228012
103 131 3 100 2331244 2.086347467
37 16 3 100 1434146 2.086359633
126 131 3 100 6611049 2.086493863
81 86 3 100 1921766 2.086499848
73 130 3 100 23261 2.086509087
12 121 3 100 1164632 2.086523156
29 128 3 100 1534751 2.086546404
15 92 3 100 150342 2.086546411
9 131 3 100 3038127 2.086556277
47 48 3 100 55641 2.086595470
93 130 3 100 3400354 2.086603263
5 111 3 100 4709494 2.086619172
92 130 3 100 32555 2.086629728
100 76 3 100 4892669 2.086632654
48 130 3 100 19681 2.086667008
125 6 3 100 4891 2.086674405
105 131 3 100 889987 2.086681479
64 96 3 100 46300 2.086697537
60 131 3 100 8922 2.086706490
32 43 3 100 68479 2.086713206
110 129 3 100 6341 2.086818939
40 64 3 100 4956214 2.086936409
84 131 3 100 77685 2.086957348
49 9 3 100 723065 2.086976234
58 93 3 100 974 2.087012425
8 130 3 100 5376 2.087019166
21 112 3 100 64607 2.087038629
42 9 3 100 78557 2.087048465
79 131 3 100 3423001 2.087060160
122 69 3 100 7979507 2.087073668
67 129 3 100 29919 2.087093696
38 78 3 100 145494 2.087122911
87 131 3 100 1784 2.087152080
113 18 3 100 3968793 2.087159653
6 128 3 100 85466 2.087255212
94 108 3 100 2391855 2.087260081
96 128 3 100 7576 2.087322561
22 55 3 100 2919656 2.087326165
66 129 3 100 71622 2.087351355
57 81 3 100 29736 2.087441189
23 131 3 100 48763 2.087455402
19 112 3 100 8514 2.087505004
29 44 3 100 2135801 2.087770768
16 128 3 100 22656701 2.087855775
59 101 3 100 61464 2.087910896
102 128 3 100 1513590 2.087969239
3 98 3 100 978289 2.087974543
1 130 3 100 41853 2.087989160
16 106 3 100 47560 2.087990510
115 128 3 100 776841 2.088010514
84 90 3 100 28336 2.088074542
44 128 3 100 4290250 2.088078239
68 80 3 100 76454 2.088119992
36 128 3 100 22874 2.088295322
42 34 3 100 2007319 2.088326949
33 128 3 100 6167 2.088380787
101 15 3 100 1603864 2.088399688
5 128 3 100 463542 2.088403114
121 98 3 100 5030 2.088415661
101 128 3 100 69520 2.088420569
59 57 3 100 146560 2.088457165
86 128 3 100 29900 2.088484358
72 111 3 100 6212645 2.088498142
70 131 3 100 152978 2.088536089
62 30 3 100 1838468 2.088540239
112 130 3 100 4721057 2.088566196
80 131 3 100 53979 2.088637531
71 92 3 100 5204883 2.088649459
111 130 3 100 32940 2.088731830
94 123 3 100 3888221 2.088733687
2 130 3 100 10193 2.088733822
25 33 3 100 44753 2.088754667
100 128 3 100 7783 2.088919284
111 104 3 100 63805 2.088940640
121 131 3 100 61812 2.088953239
22 129 3 100 16425708 2.089001095
126 92 3 100 1259578 2.089003007
102 130 3 100 23767 2.089024374
49 130 3 100 812584 2.089053320
102 9 3 100 826443 2.089056020
103 129 3 100 49266 2.089134291
39 76 3 100 45875 2.089164059
79 131 3 100 179994 2.089171900
39 96 3 100 1995872 2.089207820
63 130 3 100 10145 2.089291374
84 131 3 100 771005 2.089325636
38 130 3 100 838749 2.089483366
54 57 3 100 911553 2.089491612
94 131 3 100 942979 2.089493394
6 131 3 100 61148 2.089516639
9 93 3 100 2146 2.089553771
18 128 3 100 831525 2.089581235
67 88 3 100 608823 2.089632019
2 129 3 100 78203 2.089716178
25 119 3 100 2972 2.089743842
85 128 3 100 62692 2.089836114
118 130 3 100 18058 2.089855784
105 10 3 100 1759037 2.089889439
69 131 3 100 55173 2.089896906
107 58 3 100 13560867 2.089924727
95 82 3 100 21286 2.089959425
9 129 3 100 55869 2.090027026
28 83 3 100 5493 2.090027237
86 130 3 100 77381 2.090065358
81 48 3 100 1268827 2.090074829
36 128 3 100 16505 2.090082195
50 44 3 100 6435073 2.090104072
80 130 3 100 1919226 2.090110653
54 16 3 100 907427 2.090144855
112 131 3 100 6937132 2.090155272
48 129 3 100 2247 2.090277111
108 37 3 100 18929 2.090300833
69 128 3 100 1431050 2.090303562
8 21 3 100 6861 2.090309060
103 131 3 100 28 2.090357214
122 83 3 100 9826316 2.090433990
110 129 3 100 16817 2.090436187
34 71 3 100 99649 2.090522301
122 129 3 100 776427 2.090556085
6 67 3 100 4216125 2.090641077
79 130 3 100 22343455 2.090674301
13 78 3 100 1068403 2.090689713
4 131 3 100 40794 2.090718166
13 73 3 100 983410 2.090722646
69 128 3 100 58229 2.090772763
122 101 3 100 4897883 2.090789784
122 131 3 100 39998 2.090797959
57 19 3 100 23066 2.090843823
111 130 3 100 7182347 2.090950484
125 128 3 100 141345 2.091038674
104 123 3 100 12370 2.091089373
46 128 3 100 1693267 2.091094032
46 89 3 100 1081383 2.091094967
103 128 3 100 201485 2.091115372
50 117 3 100 358135 2.091128116
49 32 3 100 125244 2.091161472
47 129 3 100 2751431 2.091167101
86 128 3 100 26816992 2.091287034
86 90 3 100 3307779 2.091343363
127 131 3 100 130896 2.091442108
59 117 3 100 77597 2.091461758
116 130 3 100 1523341 2.091463183
64 6 3 100 3087472 2.091531495
86 131 3 100 379211 2.091570246
14 105 3 100 1085516 2.091574209
101 130 3 100 8271 2.091585099
28 128 3 100 5518669 2.091636832
91 129 3 100 19846 2.091753138
30 6 3 100 3588 2.091924626
101 128 3 100 6508 2.091973651
9 130 3 100 66218 2.092148208
23 24 3 100 94619 2.092152196
29 129 3 100 8278 2.092159882
55 42 3 100 1028167 2.092178849
99 130 3 100 2873 2.092247452
84 118 3 100 42930 2.092267382
37 128 3 100 1874782 2.092319842
75 131 3 100 11167 2.092351328
88 7 3 100 93531 2.092367787
64 131 3 100 23103 2.092399695
55 23 3 100 13696 2.092420654
96 130 3 100 3315551 2.092422356
54 78 3 100 6499023 2.092435985
123 131 3 100 7788 2.092472487
58 130 3 100 1808626 2.092520124
67 131 3 100 23 2.092566862
123 8 3 100 67861 2.092613126
64 117 3 100 3095357 2.092681879
80 130 3 100 8633428 2.092703046
39 53 3 100 23173 2.092710982
49 130 3 100 24376 2.092717846
101 118 3 100 726508 2.092752420
106 18 3 100 255671 2.092820266
2 129 3 100 1163832 2.092864941
88 102 3 100 65667 2.092891019
49 128 3 100 993893 2.092914900
96 13 3 100 47188 2.092924595
0 131 3 100 46746 2.092942953
111 131 3 100 7499 2.092964170
0 85 3 100 1084013 2.093017564
25 70 3 100 5447948 2.093030634
84 29 3 100 22875 2.093282204
11 131 3 100 776458 2.093282851
56 1 3 100 506871 2.093292549
99 130 3 100 1807171 2.093306074
49 26 3 100 65795 2.093379976
83 23 3 100 62557 2.093458014
19 128 3 100 332394 2.093487442
63 16 3 100 11442 2.093507956
54 129 3 100 9893458 2.093515233
2 99 3 100 1288116 2.093529437
99 16 3 100 834242 2.093631339
112 128 3 100 6540469 2.093643800
40 91 3 100 1906494 2.093654525
68 37 3 100 906180 2.093883016
27 130 3 100 929 2.093897459
57 81 3 100 65541 2.093911327
14 11 3 100 31368 2.094080211
63 118 3 100 2149266 2.094151341
1 130 3 100 27614 2.094167141
122 130 3 100 76694 2.094238070
67 55 3 100 1098071 2.094238750
103 97 3 100 4630201 2.094326478
91 131 3 100 48684 2.094328078
72 110 3 100 46152 2.094342202
20 44 3 100 2189 2.094364211
113 131 3 100 4914 2.094396982
75 115 3 100 3960560 2.094456803
33 131 3 100 4674 2.094508468
39 32 3 100 32241 2.094532863
42 128 3 100 1198544 2.094572240
14 102 3 100 1812500 2.094574449
85 6 3 100 79604 2.094660578
95 26 3 100 829 2.094716859
99 129 3 100 18221 2.094776139
30 16 3 100 58238 2.094810670
116 36 3 100 37409 2.094854072
101 128 3 100 7180 2.094900358
101 103 3 100 1740654 2.094911851
98 128 3 100 43287 2.095049224
47 93 3 100 3009234 2.095084958
35 128 3 100 770678 2.095281996
28 52 3 100 655575 2.095311366
94 129 3 100 1908021 2.095454185
69 123 3 100 1057986 2.095500619
116 128 3 100 53997 2.095517506
67 85 3 100 32771 2.095542951
29 130 3 100 39552 2.095552691
32 106 3 100 1559 2.095563685
59 7 3 100 41107 2.095567438
113 131 3 100 1249 2.095596934
35 117 3 100 49077 2.095631092
99 131 3 100 13554 2.095718914
53 26 3 100 8597 2.095759323
53 131 3 100 5174 2.095767100
122 71 3 100 14033 2.095839128
33 17 3 100 19140 2.095869541
92 129 3 100 631360 2.095903223
63 35 3 100 1001885 2.095931861
83 130 3 100 2226977 2.095932905
66 112 3 100 2754805 2.095944496
42 128 3 100 68813 2.095957568
93 61 3 100 4812882 2.095962869
66 130 3 100 638684 2.096027647
27 2 3 100 20953 2.096119043
34 129 3 100 63776 2.096167159
56 14 3 100 63684 2.096195871
106 130 3 100 2803 2.096204920
121 64 3 100 63111 2.096278759
114 128 3 100 70722 2.096382566
92 37 3 100 8557 2.096450768
75 130 3 100 26951 2.096534667
66 88 3 100 853895 2.096598583
125 128 3 100 21601028 2.096666991
54 128 3 100 94942 2.096780936
34 30 3 100 26685 2.096853907
73 129 3 100 7317508 2.096866018
59 87 3 100 54482 2.096890054
59 129 3 100 7142 2.096913897
72 123 3 100 968188 2.096926360
73 130 3 100 719902 2.096930534
103 23 3 100 661575 2.097017511
6 55 3 100 42865 2.097106004
63 130 3 100 642 2.097275337
21 128 3 100 63365 2.097330608
42 10 3 100 176053 2.097432102
73 114 3 100 8155436 2.097480438
116 45 3 100 2456 2.097585454
93 128 3 100 8879667 2.097704925
100 105 3 100 3166361 2.097912591
52 131 3 100 6409818 2.097915901
91 40 3 100 550578 2.097934119
106 0 3 100 6704608 2.098103077
122 129 3 100 3336321 2.098147323
92 112 3 100 30654 2.098229925
3 130 3 100 2392 2.098233875
27 82 3 100 26794818 2.098243095
94 131 3 100 26730563 2.098284821
72 10 3 100 73691 2.098370047
95 130 3 100 1632118 2.098450968
52 130 3 100 26827315 2.098821582
95 19 3 100 21603 2.098944143
8 130 3 100 78672 2.098981786
73 129 3 100 8229 2.099093319
52 7 3 100 11616 2.099430368
8 115 3 100 9108 2.099509039
72 4 3 100 2265 2.099528252
73 42 3 100 25886688 2.099787753
