2694 
113 21 3 100 76716 2.000114768
90 91 3 100 33182 2.000132136
58 29 3 100 74943 2.000132212
16 57 3 100 256399 2.000147156
96 106 3 100 15917 2.000165029
73 115 3 100 73532 2.000168800
61 29 3 100 709503 2.000224235
3 130 3 100 1373514 2.000275103
60 130 3 100 35539 2.000316944
56 129 3 100 32460 2.000318623
17 110 3 100 78449 2.000338081
75 60 3 100 1097426 2.000359489
88 13 3 100 148735 2.000363351
76 36 3 100 1427037 2.000388978
79 111 3 100 616837 2.000458228
30 86 3 100 3020556 2.000497355
4 119 3 100 5442788 2.000510035
75 131 3 100 51035 2.000579999
112 130 3 100 10121217 2.000717748
99 128 3 100 77669 2.000718689
71 30 3 100 79873 2.000763817
17 123 3 100 162804 2.000802815
100 70 3 100 5817902 2.000824421
126 116 3 100 1789655 2.000857895
102 89 3 100 203904 2.000913698
71 86 3 100 44721 2.000978650
61 35 3 100 32935 2.001020727
36 130 3 100 161629 2.001042992
4 129 3 100 15586 2.001073575
88 131 3 100 7504182 2.001117984
121 6 3 100 26634 2.001122079
87 40 3 100 3666 2.001196315
68 97 3 100 1726517 2.001222938
97 126 3 100 9138 2.001237225
87 66 3 100 187570 2.001253169
49 83 3 100 2552756 2.001258166
123 14 3 100 58837 2.001381810
74 130 3 100 2495595 2.001394399
71 128 3 100 751365 2.001398446
81 130 3 100 167751 2.001405951
8 88 3 100 171311 2.001472994
89 1 3 100 3827 2.001576132
77 117 3 100 38810 2.001587334
58 78 3 100 5204 2.001637895
1 11 3 100 7122 2.001641327
58 61 3 100 26009 2.001657415
61 10 3 100 21073 2.001715597
92 129 3 100 9541369 2.001732662
3 128 3 100 1600647 2.001746816
55 131 3 100 161339 2.001750576
47 10 3 100 27746 2.001778682
102 31 3 100 28617536 2.001785074
54 47 3 100 180441 2.001796209
57 84 3 100 56658 2.001846527
25 49 3 100 62126 2.001928748
89 61 3 100 1498830 2.001938247
122 75 3 100 9095774 2.001975790
21 130 3 100 72176 2.001998763
72 128 3 100 19848 2.002062333
118 130 3 100 22323 2.002102389
120 48 3 100 519352 2.002108128
87 41 3 100 369010 2.002217981
8 1 3 100 25067 2.002283844
20 9 3 100 1325293 2.002298107
55 100 3 100 9727 2.002349776
5 109 3 100 24369 2.002393554
74 120 3 100 2350 2.002399074
75 129 3 100 38314 2.002479715
113 130 3 100 55165 2.002515337
38 130 3 100 12416 2.002529654
95 25 3 100 977 2.002606963
25 87 3 100 1797831 2.002669768
12 114 3 100 14263 2.002703082
66 79 3 100 8384729 2.002809026
8 19 3 100 38613 2.002814032
23 88 3 100 868362 2.002818696
87 13 3 100 754690 2.002831468
53 129 3 100 57244 2.002871021
99 131 3 100 235496 2.003044127
102 130 3 100 27125 2.003048800
39 69 3 100 61353 2.003110347
75 93 3 100 6048855 2.003111883
126 50 3 100 284788 2.003138221
52 4 3 100 6935 2.003162668
7 106 3 100 152308 2.003284129
76 64 3 100 2584361 2.003310564
82 111 3 100 1225 2.003322105
20 129 3 100 8232 2.003349856
101 129 3 100 13633 2.003359162
36 128 3 100 1842235 2.003404816
5 99 3 100 47255 2.003441117
28 95 3 100 49954 2.003510420
105 3 3 100 2795602 2.003591744
100 123 3 100 94 2.003601803
78 69 3 100 195542 2.003627079
32 46 3 100 21432 2.003648081
112 42 3 100 22684 2.003658485
47 131 3 100 22019 2.003694447
96 130 3 100 171466 2.003711287
77 130 3 100 5053 2.003718631
80 82 3 100 5530589 2.003789514
99 3 3 100 938870 2.003834120
108 117 3 100 55781 2.003849215
91 51 3 100 33700 2.003911754
63 127 3 100 19666 2.003973063
107 51 3 100 16502 2.003978722
74 72 3 100 10356 2.003982555
12 129 3 100 33949 2.003986521
10 128 3 100 33984 2.003991360
56 129 3 100 390513 2.004012722
9 88 3 100 26060 2.004013827
2 23 3 100 1207241 2.004026636
53 66 3 100 271584 2.004124375
53 45 3 100 24939270 2.004144003
63 92 3 100 4513078 2.004171304
8 119 3 100 5696 2.004287184
48 113 3 100 13772029 2.004315812
10 131 3 100 1375907 2.004339330
74 129 3 100 41988 2.004386824
66 130 3 100 50822 2.004414193
39 28 3 100 51555 2.004482392
0 88 3 100 67885 2.004490799
16 112 3 100 845201 2.004500642
127 61 3 100 26808077 2.004528512
77 115 3 100 33565 2.004535027
3 77 3 100 115647 2.004580612
57 126 3 100 98465 2.004685984
28 128 3 100 380496 2.004793251
78 130 3 100 38508 2.004807340
116 128 3 100 6012 2.004815298
93 118 3 100 39865 2.004835221
40 67 3 100 10004036 2.004886621
5 35 3 100 46839 2.004890075
115 7 3 100 6222861 2.004915866
73 126 3 100 44876 2.004939197
56 86 3 100 6088050 2.004951142
114 16 3 100 27634 2.004975814
29 130 3 100 64075 2.005029719
28 131 3 100 41582 2.005083399
11 129 3 100 29692 2.005152951
84 113 3 100 778431 2.005158603
77 8 3 100 6387 2.005200530
52 101 3 100 3892407 2.005304726
23 3 3 100 135064 2.005362131
7 68 3 100 75365 2.005379744
109 99 3 100 18217 2.005417690
118 90 3 100 72370 2.005445354
68 129 3 100 6756867 2.005503666
24 129 3 100 1366830 2.005521511
41 131 3 100 64229 2.005626548
81 20 3 100 37061 2.005645752
38 66 3 100 1757171 2.005652669
7 93 3 100 8479 2.005684099
7 67 3 100 28033 2.005687450
116 62 3 100 8254636 2.005706619
5 114 3 100 2797901 2.005849505
25 27 3 100 70192 2.005857414
87 128 3 100 26515819 2.006043485
48 131 3 100 45358 2.006250651
46 128 3 100 27564 2.006301369
122 127 3 100 221103 2.006447879
73 42 3 100 3297 2.006475374
53 94 3 100 176808 2.006496211
72 22 3 100 55818 2.006496898
14 20 3 100 28483814 2.006509760
101 66 3 100 5321 2.006522757
63 17 3 100 45592 2.006566215
49 128 3 100 7263 2.006599073
39 131 3 100 95110 2.006641225
127 130 3 100 9773661 2.006660135
124 47 3 100 2573759 2.006687937
107 37 3 100 803852 2.006777150
83 15 3 100 6205291 2.006785066
101 118 3 100 51623 2.006807914
15 27 3 100 1833725 2.006808622
116 75 3 100 279083 2.006839606
75 122 3 100 9556 2.006945039
31 130 3 100 24483 2.007020077
62 129 3 100 5023113 2.007071758
105 128 3 100 4427206 2.007078512
39 54 3 100 46595 2.007208985
61 118 3 100 595500 2.007294205
55 74 3 100 10093 2.007360756
97 21 3 100 549876 2.007437419
33 69 3 100 20180 2.007464893
51 93 3 100 1017 2.007549474
58 95 3 100 24417 2.007581641
66 128 3 100 130564 2.007601571
5 131 3 100 22582 2.007609906
22 131 3 100 3914667 2.007650486
35 110 3 100 673926 2.007712305
14 20 3 100 33267 2.007727694
36 56 3 100 1187646 2.007729942
83 96 3 100 868663 2.007821239
15 95 3 100 33904 2.007856926
14 88 3 100 79416 2.007977379
118 108 3 100 1942022 2.008013691
44 128 3 100 6596884 2.008025529
8 130 3 100 20187 2.008273751
43 128 3 100 7736956 2.008301927
88 61 3 100 314302 2.008310624
108 12 3 100 4031 2.008327534
80 61 3 100 379230 2.008343510
28 103 3 100 57870 2.008379621
22 11 3 100 24422 2.008452386
21 62 3 100 37582 2.008461557
101 58 3 100 2277347 2.008513294
104 128 3 100 4250 2.008520650
106 129 3 100 257199 2.008532501
76 130 3 100 8601 2.008538415
68 25 3 100 8050 2.008583724
126 6 3 100 23812 2.008601374
45 55 3 100 28498 2.008626572
63 120 3 100 611566 2.008760905
109 86 3 100 1945367 2.008819053
67 48 3 100 6978 2.008849705
19 50 3 100 7473059 2.008956396
24 129 3 100 62096 2.009035014
41 128 3 100 16672 2.009045473
81 130 3 100 45521 2.009059895
45 14 3 100 7916196 2.009095047
22 28 3 100 38538 2.009097453
115 99 3 100 22315201 2.009125293
4 23 3 100 71719 2.009141508
21 57 3 100 10493970 2.009167637
106 97 3 100 60393 2.009167669
124 54 3 100 3742602 2.009279257
106 128 3 100 3547 2.009284646
70 130 3 100 64783 2.009313368
44 129 3 100 1190222 2.009340991
47 83 3 100 4663212 2.009381423
40 114 3 100 3963 2.009460000
54 85 3 100 4710631 2.009462553
76 114 3 100 68769 2.009487215
81 88 3 100 43004 2.009499090
22 99 3 100 977354 2.009527187
47 83 3 100 1730873 2.009530166
115 128 3 100 1503089 2.009595442
5 130 3 100 14079839 2.009597095
76 130 3 100 6534 2.009632490
90 110 3 100 23431 2.009688166
92 49 3 100 421706 2.009827203
49 111 3 100 22397 2.009866801
26 62 3 100 20326 2.009898645
84 114 3 100 4682363 2.009930031
31 78 3 100 13217 2.009967006
17 95 3 100 25868 2.009983345
111 131 3 100 96061 2.009988449
15 129 3 100 27526764 2.010029246
80 130 3 100 5633 2.010069354
48 97 3 100 1351491 2.010150458
35 102 3 100 16775 2.010225527
75 117 3 100 61885 2.010253149
111 78 3 100 64467 2.010268851
114 76 3 100 127906 2.010292526
73 83 3 100 35917 2.010299479
121 105 3 100 5128 2.010300554
13 130 3 100 9599 2.010367768
16 129 3 100 54820 2.010384869
75 130 3 100 157849 2.010421196
61 92 3 100 60972 2.010424165
105 7 3 100 1193360 2.010474670
2 92 3 100 667779 2.010482928
89 37 3 100 239567 2.010619884
59 75 3 100 600528 2.010631081
96 12 3 100 1038692 2.010674422
34 26 3 100 189061 2.010674472
39 129 3 100 1244692 2.010693983
40 128 3 100 29468 2.010763495
9 128 3 100 29245 2.010767333
91 74 3 100 1021354 2.010822116
70 45 3 100 60891 2.010852972
45 122 3 100 8892 2.010890615
67 48 3 100 29647190 2.010907037
65 53 3 100 70532 2.010916250
113 8 3 100 41829 2.011003898
97 83 3 100 3302130 2.011033082
76 128 3 100 20665 2.011094055
12 128 3 100 20059 2.011096622
44 131 3 100 392910 2.011170100
75 42 3 100 3975749 2.011177844
80 96 3 100 27826 2.011185529
31 8 3 100 26051 2.011208308
120 13 3 100 7329 2.011211559
75 26 3 100 1120554 2.011253246
95 74 3 100 26212 2.011271602
127 95 3 100 4705 2.011285081
54 129 3 100 6084 2.011288095
23 129 3 100 27069 2.011302893
34 130 3 100 55232 2.011365742
32 103 3 100 8989 2.011367623
127 13 3 100 8741 2.011430155
113 82 3 100 263274 2.011437454
102 77 3 100 192037 2.011522388
35 54 3 100 470895 2.011539834
29 9 3 100 285002 2.011549745
27 86 3 100 8107099 2.011653016
53 128 3 100 2747853 2.011663796
53 129 3 100 1046768 2.011689776
22 129 3 100 20130 2.011728598
85 9 3 100 9905 2.011799555
20 18 3 100 173480 2.011803975
11 17 3 100 425138 2.011808239
86 74 3 100 65663 2.011817825
82 61 3 100 1888043 2.011827330
64 108 3 100 8398517 2.011835034
74 48 3 100 17240 2.011838066
61 129 3 100 1319134 2.011855203
27 128 3 100 1578278 2.011983284
0 129 3 100 395734 2.011994567
5 82 3 100 1238268 2.011999949
80 40 3 100 572477 2.012026507
111 40 3 100 840840 2.012050463
122 111 3 100 2754309 2.012084238
105 99 3 100 38937 2.012095188
122 13 3 100 109502 2.012130901
77 53 3 100 736957 2.012135555
83 128 3 100 27577 2.012175236
39 130 3 100 4545759 2.012235957
105 128 3 100 1987260 2.012258585
109 15 3 100 667 2.012306926
99 63 3 100 47395 2.012341765
105 110 3 100 18458 2.012371980
21 100 3 100 2577533 2.012413431
111 27 3 100 17344 2.012413758
107 89 3 100 75803 2.012419253
1 3 3 100 17202 2.012444745
87 128 3 100 42673 2.012468656
94 131 3 100 56979 2.012474047
7 129 3 100 73657 2.012520016
5 117 3 100 126088 2.012534900
27 86 3 100 3127958 2.012595691
125 123 3 100 1852423 2.012596906
22 86 3 100 1167252 2.012626539
17 48 3 100 71655 2.012685164
22 112 3 100 45177 2.012716523
85 106 3 100 1675156 2.012738065
41 131 3 100 1334368 2.012749004
114 131 3 100 3625281 2.012799536
15 130 3 100 6074193 2.012820562
79 111 3 100 2502 2.012847280
53 58 3 100 38743 2.012849845
78 94 3 100 36020 2.012876648
55 23 3 100 741906 2.012878781
55 28 3 100 5760699 2.012879394
80 103 3 100 985565 2.012912239
36 2 3 100 7372609 2.012928832
20 131 3 100 2284470 2.012936834
45 128 3 100 23267 2.012958629
82 130 3 100 5730720 2.013050006
64 106 3 100 1088764 2.013088264
17 98 3 100 948371 2.013098037
16 56 3 100 14415 2.013132394
3 27 3 100 3682031 2.013165015
0 87 3 100 2873 2.013202079
67 127 3 100 4824158 2.013283283
42 37 3 100 34020 2.013299387
11 131 3 100 28257 2.013324859
59 131 3 100 27769 2.013335819
93 128 3 100 41882 2.013432018
7 49 3 100 55982 2.013453486
46 57 3 100 1356855 2.013458837
108 2 3 100 852453 2.013465765
37 94 3 100 36657 2.013519853
36 120 3 100 24294 2.013560703
117 5 3 100 687883 2.013593728
51 4 3 100 60543 2.013631342
45 130 3 100 55893 2.013634124
80 128 3 100 8400391 2.013754954
103 129 3 100 24644 2.013777124
113 85 3 100 61082 2.013791128
2 127 3 100 55927 2.013803146
41 8 3 100 55205 2.013823317
47 33 3 100 1329263 2.013828612
74 17 3 100 48816 2.013847497
110 125 3 100 46970 2.013905917
73 3 3 100 1416176 2.013937234
57 130 3 100 1068538 2.013941854
35 131 3 100 173540 2.014031609
119 131 3 100 2894 2.014096152
82 69 3 100 44827 2.014142098
98 27 3 100 20891 2.014183782
91 50 3 100 4849 2.014290086
25 83 3 100 34515 2.014292933
1 105 3 100 4562851 2.014310992
8 77 3 100 183076 2.014317389
117 5 3 100 30516 2.014358838
64 129 3 100 68337 2.014387061
108 129 3 100 61360 2.014389962
109 128 3 100 14173 2.014393660
6 34 3 100 60896 2.014408359
61 2 3 100 22758769 2.014446805
10 55 3 100 137687 2.014447513
27 62 3 100 1370253 2.014449350
107 70 3 100 18813 2.014488388
59 77 3 100 57253 2.014505605
27 63 3 100 994607 2.014521666
59 129 3 100 1208751 2.014559902
36 131 3 100 2741 2.014564681
107 129 3 100 24560 2.014633207
125 28 3 100 2019417 2.014643825
20 57 3 100 410837 2.014672760
30 108 3 100 23177 2.014716333
0 86 3 100 42692 2.014733932
36 75 3 100 6385 2.014775527
126 71 3 100 83440 2.014852004
26 86 3 100 66109 2.014853300
118 131 3 100 97979 2.014857622
91 130 3 100 843058 2.014901614
25 130 3 100 1256970 2.014942797
122 65 3 100 7926511 2.014981767
126 5 3 100 1455614 2.014987894
94 69 3 100 79291 2.014999127
56 65 3 100 767416 2.015006874
101 118 3 100 37732 2.015022969
2 101 3 100 9608 2.015031359
80 88 3 100 1126218 2.015050961
56 131 3 100 5496 2.015063767
0 130 3 100 8225 2.015096328
1 130 3 100 1468356 2.015106735
114 13 3 100 28353021 2.015127112
8 56 3 100 2062 2.015287848
117 61 3 100 5587654 2.015361565
32 50 3 100 59571 2.015364321
18 95 3 100 716899 2.015393626
81 17 3 100 3019351 2.015413491
56 59 3 100 59448 2.015490663
9 130 3 100 70073 2.015514852
53 128 3 100 33496 2.015525394
39 129 3 100 894 2.015567274
7 50 3 100 52581 2.015567511
123 121 3 100 884367 2.015637898
100 123 3 100 4912 2.015735319
63 0 3 100 1888 2.015770349
49 46 3 100 1733498 2.015785957
87 90 3 100 47921 2.015788903
36 100 3 100 7895954 2.015795522
51 131 3 100 13448 2.015797287
91 130 3 100 19017 2.015821716
92 129 3 100 13408 2.015836148
69 31 3 100 17213 2.015861309
23 103 3 100 122860 2.015986843
14 124 3 100 277755 2.015996516
75 118 3 100 31203 2.016138302
1 42 3 100 365765 2.016160306
84 6 3 100 28364 2.016182811
4 92 3 100 53175 2.016213688
70 128 3 100 3889059 2.016239780
67 129 3 100 80080 2.016248009
37 129 3 100 25324813 2.016258976
74 43 3 100 4328 2.016274225
127 76 3 100 522959 2.016301414
31 36 3 100 58977 2.016348092
107 59 3 100 4982956 2.016357988
96 48 3 100 6002 2.016358869
3 26 3 100 1008087 2.016402640
39 112 3 100 608176 2.016409638
11 130 3 100 7365 2.016414132
12 128 3 100 47302 2.016422014
79 130 3 100 58449 2.016440055
97 94 3 100 1622179 2.016517194
101 122 3 100 111109 2.016623332
41 11 3 100 173420 2.016643020
94 70 3 100 147268 2.016665218
35 58 3 100 27158 2.016671374
23 42 3 100 73274 2.016739770
67 45 3 100 60097 2.016744765
1 130 3 100 3656 2.016750762
68 130 3 100 695201 2.016785918
121 131 3 100 15711023 2.016802970
38 117 3 100 4149 2.016870013
92 82 3 100 1893 2.016872909
82 19 3 100 1721537 2.016913312
1 86 3 100 38557 2.016913782
74 22 3 100 1452267 2.016920388
79 95 3 100 9561 2.016960803
19 40 3 100 3950 2.017003591
93 129 3 100 749529 2.017008440
46 129 3 100 42083 2.017072931
75 131 3 100 20905 2.017150900
106 85 3 100 11228 2.017183918
81 93 3 100 5361 2.017205086
99 3 3 100 297776 2.017233439
123 37 3 100 3779 2.017265184
13 103 3 100 8330640 2.017297088
94 65 3 100 8220828 2.017320060
4 122 3 100 68658 2.017382091
65 131 3 100 1246555 2.017393052
9 131 3 100 2183 2.017445091
60 128 3 100 53269 2.017541321
111 83 3 100 66679 2.017599335
90 60 3 100 516464 2.017638785
97 73 3 100 25204 2.017639754
82 23 3 100 9152931 2.017662749
73 3 3 100 29359 2.017689713
84 94 3 100 1651662 2.017691958
30 51 3 100 157651 2.017696540
105 128 3 100 3066521 2.017705942
73 128 3 100 1927188 2.017721262
32 128 3 100 22261 2.017729135
101 12 3 100 3802 2.017749725
76 43 3 100 4648 2.017871221
46 75 3 100 473474 2.017876226
115 19 3 100 76456 2.017891966
36 105 3 100 2234606 2.017912053
12 109 3 100 5008886 2.017937897
84 101 3 100 20570 2.017945829
42 131 3 100 4910468 2.017980385
61 129 3 100 17074 2.018029216
4 128 3 100 54722 2.018043316
60 52 3 100 68241 2.018055242
110 88 3 100 41852 2.018075595
61 104 3 100 29041 2.018084197
76 13 3 100 195528 2.018085664
10 83 3 100 28454 2.018093837
66 111 3 100 24449 2.018152720
104 8 3 100 32 2.018183816
4 128 3 100 20544 2.018191704
47 129 3 100 107737 2.018198155
38 131 3 100 511342 2.018213635
110 95 3 100 1035422 2.018225549
8 73 3 100 3362 2.018226659
72 67 3 100 33283 2.018231962
39 114 3 100 1286212 2.018232864
101 102 3 100 4270018 2.018252496
12 60 3 100 2847 2.018263326
12 9 3 100 1799515 2.018324467
123 128 3 100 5620 2.018382625
117 128 3 100 191007 2.018400114
109 128 3 100 42343 2.018407739
61 96 3 100 4658747 2.018443430
74 61 3 100 489424 2.018460205
40 36 3 100 4671159 2.018515301
83 5 3 100 298534 2.018536371
2 110 3 100 8067 2.018643133
29 18 3 100 22143 2.018681742
72 52 3 100 12452 2.018790938
17 128 3 100 24425 2.018811501
126 129 3 100 4483734 2.018816556
11 130 3 100 1998296 2.018822444
125 103 3 100 27796 2.018952263
92 116 3 100 925542 2.019014028
8 42 3 100 52719 2.019015047
26 46 3 100 6844 2.019025107
127 48 3 100 3405665 2.019097917
18 10 3 100 10987 2.019107175
46 55 3 100 25209 2.019131679
125 129 3 100 843 2.019168852
57 130 3 100 24810 2.019180362
71 128 3 100 39906 2.019209082
84 27 3 100 4047728 2.019304182
83 56 3 100 44938 2.019326178
53 103 3 100 33254 2.019326382
81 69 3 100 1714384 2.019403956
65 111 3 100 1422763 2.019428402
112 83 3 100 2497 2.019449529
104 31 3 100 20407 2.019541329
14 129 3 100 3018 2.019544288
113 129 3 100 33227 2.019548773
111 129 3 100 38906 2.019558665
6 56 3 100 1911699 2.019592552
24 95 3 100 35852 2.019601869
7 18 3 100 36893 2.019604696
50 119 3 100 27010 2.019614131
17 10 3 100 1256464 2.019642109
93 9 3 100 2405 2.019700217
71 104 3 100 4351440 2.019767330
92 131 3 100 6096 2.019810252
35 128 3 100 6797 2.019812409
32 128 3 100 554207 2.019866263
21 26 3 100 5757 2.019900047
124 73 3 100 1757964 2.019918567
78 81 3 100 3386512 2.019942605
112 26 3 100 11182 2.019997903
42 82 3 100 3763356 2.020023879
45 37 3 100 21165 2.020202694
82 45 3 100 3714549 2.020219504
89 130 3 100 39305 2.020350921
93 130 3 100 8791 2.020363353
57 128 3 100 26850 2.020365877
121 3 3 100 39394 2.020413790
40 25 3 100 45195 2.020429285
85 17 3 100 36338 2.020476973
63 23 3 100 72934 2.020477234
94 33 3 100 4204197 2.020481299
70 55 3 100 13976 2.020541263
51 101 3 100 78275 2.020542156
103 129 3 100 3709 2.020554399
49 128 3 100 1934311 2.020597719
35 128 3 100 40946 2.020617240
62 70 3 100 3771681 2.020622408
69 100 3 100 2910268 2.020629526
45 90 3 100 2993967 2.020651341
45 97 3 100 7164 2.020655527
47 124 3 100 57000 2.020706420
116 21 3 100 6445386 2.020716660
106 49 3 100 6996161 2.020749935
107 131 3 100 2307186 2.020787352
126 129 3 100 64238 2.020788207
25 128 3 100 1471168 2.020829898
48 114 3 100 622020 2.020855538
121 76 3 100 2405 2.021017433
29 59 3 100 71557 2.021058946
29 84 3 100 29425 2.021062918
79 111 3 100 28944418 2.021069679
49 102 3 100 7223632 2.021088859
67 34 3 100 4983834 2.021091426
69 130 3 100 7856203 2.021102853
125 130 3 100 28093 2.021112478
21 129 3 100 69077 2.021146601
42 98 3 100 25248 2.021172528
58 54 3 100 18334 2.021234281
111 49 3 100 1447 2.021257909
73 51 3 100 19401615 2.021261958
10 114 3 100 41541 2.021262089
37 115 3 100 549 2.021288116
112 106 3 100 1366493 2.021291358
125 128 3 100 53768 2.021307269
73 130 3 100 20581 2.021336076
108 130 3 100 928242 2.021367109
125 43 3 100 73654 2.021367227
92 29 3 100 77167 2.021371415
111 26 3 100 2896673 2.021420096
97 98 3 100 2782025 2.021444685
72 29 3 100 78128 2.021467519
18 27 3 100 24399 2.021499680
120 13 3 100 2225474 2.021511299
3 130 3 100 9084971 2.021539562
58 131 3 100 17255 2.021594118
20 129 3 100 4018383 2.021637509
8 83 3 100 5873081 2.021678266
25 34 3 100 18434 2.021696866
4 105 3 100 37932 2.021749341
61 16 3 100 9743665 2.021870980
2 11 3 100 705 2.021875362
7 111 3 100 58543 2.021888747
13 118 3 100 5182097 2.021939448
53 131 3 100 32023 2.021956153
64 131 3 100 232984 2.021958088
81 128 3 100 1377382 2.021993938
5 27 3 100 123535 2.022029472
108 16 3 100 957268 2.022067219
17 30 3 100 597 2.022112097
124 63 3 100 77672 2.022128498
58 103 3 100 2296 2.022133013
91 119 3 100 76810 2.022217680
62 21 3 100 33556 2.022223412
105 130 3 100 20839 2.022262786
1 128 3 100 16408 2.022317842
83 131 3 100 34384 2.022361585
2 7 3 100 6578 2.022376514
63 99 3 100 24182 2.022392382
11 124 3 100 44263 2.022486539
12 98 3 100 72726 2.022516604
83 27 3 100 34240 2.022561492
35 32 3 100 9501 2.022630263
111 74 3 100 11095 2.022759588
61 128 3 100 47707 2.022773429
110 131 3 100 6122 2.022792986
35 129 3 100 5709 2.022808149
100 6 3 100 38390 2.022827072
23 82 3 100 262146 2.022853754
56 84 3 100 1489175 2.022863112
0 46 3 100 6836640 2.022919130
75 52 3 100 411295 2.022929912
50 20 3 100 61473 2.022942725
110 36 3 100 28695 2.022949806
80 130 3 100 78445 2.022951392
74 129 3 100 7538 2.022956645
102 128 3 100 28303 2.022964798
31 62 3 100 1366 2.022993408
105 121 3 100 39636 2.023007635
112 49 3 100 40702 2.023010383
75 83 3 100 3811 2.023086500
126 44 3 100 6100797 2.023091388
22 100 3 100 30745 2.023158282
9 2 3 100 27613682 2.023172015
77 130 3 100 40869 2.023239703
83 130 3 100 1242051 2.023240567
30 128 3 100 5156781 2.023272385
21 123 3 100 57860 2.023294857
65 43 3 100 26535 2.023326965
28 65 3 100 22831 2.023412646
66 52 3 100 8579 2.023504329
93 3 3 100 43565 2.023527843
114 8 3 100 69478 2.023579563
118 61 3 100 44716 2.023588683
30 129 3 100 6247 2.023620633
0 128 3 100 911325 2.023636847
23 131 3 100 72649 2.023649860
40 27 3 100 899498 2.023654676
112 65 3 100 58947 2.023670947
50 77 3 100 4980 2.023761168
16 21 3 100 16619 2.023766331
101 116 3 100 20458 2.023903353
20 16 3 100 12701 2.023956306
96 1 3 100 2855 2.024010372
41 128 3 100 579776 2.024016123
104 128 3 100 4479738 2.024023762
43 130 3 100 2046167 2.024028324
117 89 3 100 27116 2.024032604
53 127 3 100 1421538 2.024061760
88 109 3 100 1980228 2.024105862
23 127 3 100 2236321 2.024133092
112 35 3 100 21384 2.024210657
1 77 3 100 25380 2.024252919
53 71 3 100 42381 2.024274184
56 130 3 100 1466415 2.024280278
111 128 3 100 5523 2.024286242
58 128 3 100 3627006 2.024293162
19 26 3 100 39165 2.024317857
8 31 3 100 76624 2.024333354
13 7 3 100 30257 2.024339179
39 57 3 100 6214758 2.024352189
3 70 3 100 8499 2.024433674
69 110 3 100 72086 2.024498072
120 9 3 100 594 2.024501035
65 130 3 100 76017 2.024579194
51 130 3 100 79920 2.024584831
110 128 3 100 4409 2.024635141
108 13 3 100 2775960 2.024641728
1 22 3 100 29632 2.024679671
49 85 3 100 32410 2.024690307
47 27 3 100 30490 2.024693961
14 91 3 100 1754654 2.024723603
120 30 3 100 20427 2.024727832
107 121 3 100 527 2.024731002
47 129 3 100 14027 2.024755915
25 128 3 100 2678451 2.024802316
115 131 3 100 74157 2.024876568
88 5 3 100 9902660 2.024921508
72 109 3 100 3224 2.024989771
66 87 3 100 105985 2.025026335
47 81 3 100 745662 2.025069932
12 69 3 100 4013 2.025099654
102 55 3 100 9447562 2.025155641
74 107 3 100 123726 2.025161252
33 130 3 100 12966071 2.025219934
105 129 3 100 6380802 2.025317605
47 130 3 100 5681868 2.025371073
21 75 3 100 7891 2.025408448
72 63 3 100 7196132 2.025490074
118 75 3 100 76439 2.025555830
67 77 3 100 5572 2.025568635
91 43 3 100 1319591 2.025581505
38 120 3 100 38359 2.025592570
17 125 3 100 159361 2.025603580
25 130 3 100 516086 2.025654064
48 128 3 100 76171 2.025664818
108 131 3 100 1022676 2.025752102
34 111 3 100 1241370 2.025763862
109 2 3 100 5143841 2.025828917
98 96 3 100 5404940 2.025892247
100 19 3 100 5842459 2.025901299
4 96 3 100 147735 2.025948180
84 50 3 100 2079533 2.026019693
120 56 3 100 842942 2.026026982
41 129 3 100 1623757 2.026075574
80 130 3 100 739819 2.026123881
59 131 3 100 5654 2.026168146
7 66 3 100 8556905 2.026184415
124 62 3 100 137761 2.026285595
101 18 3 100 28070 2.026317744
102 119 3 100 6114780 2.026334759
118 59 3 100 57362 2.026376716
63 77 3 100 22767 2.026417094
93 27 3 100 3621746 2.026473677
99 131 3 100 362300 2.026495914
22 128 3 100 1906321 2.026544012
116 131 3 100 7131 2.026596416
39 92 3 100 9611014 2.026624385
123 37 3 100 1361502 2.026634194
43 62 3 100 44021 2.026685772
113 8 3 100 949423 2.026705479
109 92 3 100 24412 2.026716785
73 55 3 100 65058 2.026724137
33 100 3 100 7690824 2.026745490
3 129 3 100 11209 2.026752061
80 131 3 100 3303274 2.026842779
39 131 3 100 1966565 2.026883328
111 113 3 100 29475 2.026885858
56 109 3 100 6664 2.026915035
13 85 3 100 76079 2.026921326
74 96 3 100 275527 2.026940094
42 18 3 100 25486 2.027002231
13 30 3 100 78685 2.027164316
80 121 3 100 971317 2.027174102
64 128 3 100 7375 2.027193944
47 129 3 100 2650 2.027219289
18 128 3 100 1891487 2.027258545
36 120 3 100 78512 2.027310888
77 11 3 100 13818818 2.027375396
120 50 3 100 30168 2.027388454
67 20 3 100 48635 2.027391478
91 25 3 100 2565 2.027398238
33 60 3 100 16578 2.027431136
106 10 3 100 12977 2.027452206
21 129 3 100 8503 2.027544933
63 128 3 100 1175536 2.027549958
126 129 3 100 24201 2.027644199
52 99 3 100 76656 2.027649806
29 30 3 100 1574350 2.027665741
10 24 3 100 25201970 2.027678795
114 64 3 100 2621088 2.027681652
127 12 3 100 1013074 2.027693603
112 36 3 100 3168 2.027822019
36 91 3 100 69057 2.027837610
31 130 3 100 419135 2.027897294
83 128 3 100 4227605 2.027909638
33 128 3 100 28926 2.027980578
26 87 3 100 36096 2.028033321
19 120 3 100 823490 2.028057802
12 44 3 100 48312 2.028078248
121 127 3 100 10409096 2.028111699
31 89 3 100 6880186 2.028157976
8 70 3 100 505751 2.028330873
66 38 3 100 37180 2.028349034
48 130 3 100 9199 2.028357370
109 131 3 100 4176851 2.028426521
24 129 3 100 7397 2.028435552
17 54 3 100 1509222 2.028511315
33 99 3 100 2158 2.028549769
14 115 3 100 43398 2.028627607
10 49 3 100 720 2.028642030
22 27 3 100 1150773 2.028682010
32 9 3 100 992604 2.028741408
73 127 3 100 605923 2.028765955
16 130 3 100 41907 2.028792630
25 129 3 100 7579487 2.028824914
67 131 3 100 4831364 2.028873095
53 113 3 100 76721 2.028926633
37 127 3 100 36370 2.028970708
69 32 3 100 1549142 2.029124257
41 118 3 100 22686984 2.029127481
25 63 3 100 1543006 2.029163059
87 75 3 100 3413 2.029184078
27 96 3 100 35475 2.029195998
113 128 3 100 76988 2.029267935
100 131 3 100 56711 2.029278726
66 131 3 100 44356 2.029330093
91 71 3 100 25916 2.029331108
127 31 3 100 5913 2.029352172
2 13 3 100 45130 2.029375063
72 93 3 100 967 2.029392996
37 48 3 100 28197 2.029411339
54 75 3 100 2314918 2.029473296
43 2 3 100 3159111 2.029555750
102 129 3 100 47784 2.029669097
42 130 3 100 25263 2.029686537
97 130 3 100 39735 2.029741816
8 85 3 100 40457 2.029745784
9 106 3 100 41072 2.029757738
121 100 3 100 30668 2.029760151
119 99 3 100 2598632 2.029802069
51 84 3 100 21141 2.029832635
52 68 3 100 1370 2.029906838
113 36 3 100 51671 2.029909588
49 128 3 100 4366 2.029917612
21 129 3 100 27547 2.029978091
121 129 3 100 974 2.030012292
109 83 3 100 843551 2.030237398
73 119 3 100 26715 2.030252556
91 115 3 100 1267065 2.030297558
66 77 3 100 1127 2.030326525
79 90 3 100 46997 2.030368924
59 118 3 100 9529 2.030429032
104 84 3 100 14306 2.030431520
8 130 3 100 6669 2.030463470
105 130 3 100 5797 2.030494035
121 128 3 100 16944 2.030643541
30 62 3 100 5340464 2.030650528
14 66 3 100 27402 2.030684637
86 87 3 100 122805 2.030697369
76 73 3 100 1377600 2.030735090
44 24 3 100 3914 2.030748022
59 30 3 100 2301827 2.030772850
4 7 3 100 26523 2.030791111
117 131 3 100 1758052 2.030826967
26 130 3 100 50578 2.030868715
0 129 3 100 57019 2.030907065
86 2 3 100 180459 2.030907760
100 21 3 100 4121 2.030924578
59 54 3 100 34236 2.030935921
110 66 3 100 7239 2.030991545
28 74 3 100 9780 2.031075977
69 82 3 100 27682133 2.031096696
126 30 3 100 79114 2.031138496
59 129 3 100 59891 2.031165868
43 131 3 100 136187 2.031204945
34 129 3 100 24766 2.031208291
75 121 3 100 4931701 2.031251936
108 93 3 100 3529605 2.031335244
57 36 3 100 14586 2.031376054
10 65 3 100 5242 2.031395786
126 94 3 100 2535 2.031408543
105 125 3 100 7604 2.031467159
90 48 3 100 2869689 2.031506157
98 131 3 100 840417 2.031529245
50 130 3 100 3734469 2.031569538
91 129 3 100 49640 2.031578359
18 16 3 100 4792895 2.031583765
69 14 3 100 3307419 2.031632367
52 57 3 100 3111540 2.031648538
107 43 3 100 13522 2.031669684
115 40 3 100 43178 2.031736131
7 96 3 100 995 2.031767034
60 32 3 100 36882 2.031797293
84 128 3 100 1238987 2.031809278
23 128 3 100 14996 2.031896577
40 130 3 100 1302130 2.031956480
121 123 3 100 62980 2.032087448
114 59 3 100 26766 2.032131430
27 28 3 100 1599347 2.032141897
120 68 3 100 1595929 2.032145748
99 98 3 100 17892 2.032235039
7 71 3 100 20743 2.032235716
21 12 3 100 1470 2.032246187
4 128 3 100 20391 2.032253509
125 129 3 100 43366 2.032271891
19 130 3 100 193041 2.032272883
78 10 3 100 18316 2.032361892
21 0 3 100 53006 2.032437221
121 38 3 100 56295 2.032449755
19 93 3 100 6619 2.032468756
2 41 3 100 16424 2.032592904
16 91 3 100 65763 2.032628498
11 103 3 100 31261 2.032660674
72 131 3 100 6945722 2.032665738
125 130 3 100 45721 2.032695804
73 131 3 100 22489 2.032708436
97 62 3 100 23578461 2.032759161
6 46 3 100 61203 2.032773431
58 80 3 100 1222747 2.032823116
39 92 3 100 30146 2.032891676
82 105 3 100 4441390 2.032891728
90 17 3 100 4161861 2.032924733
19 105 3 100 1249943 2.033017511
100 129 3 100 116037 2.033074088
127 130 3 100 73961 2.033094687
76 129 3 100 124947 2.033104654
20 110 3 100 240 2.033162264
78 36 3 100 10401 2.033208821
4 2 3 100 28707009 2.033346097
59 69 3 100 37307 2.033348490
104 107 3 100 57072 2.033412755
94 80 3 100 31681 2.033424143
54 49 3 100 26497 2.033475659
67 129 3 100 3048153 2.033477669
103 131 3 100 6221 2.033482150
66 130 3 100 20757 2.033519405
125 13 3 100 1632848 2.033573345
51 47 3 100 36250 2.033803208
74 72 3 100 832465 2.033828673
30 72 3 100 37115 2.033923056
51 116 3 100 38570 2.033986486
52 13 3 100 146888 2.033999522
55 45 3 100 1082882 2.034024429
108 131 3 100 1576656 2.034031894
16 128 3 100 3339 2.034113180
91 128 3 100 61926 2.034127985
90 107 3 100 10037 2.034151994
114 52 3 100 30452 2.034164754
32 102 3 100 14702 2.034293607
3 30 3 100 78242 2.034370812
37 69 3 100 998280 2.034390009
97 108 3 100 125 2.034399039
87 97 3 100 113544 2.034403014
97 131 3 100 657653 2.034435106
120 130 3 100 8199423 2.034461137
19 128 3 100 357271 2.034491331
35 44 3 100 438 2.034493798
0 74 3 100 29060 2.034570379
107 64 3 100 23559 2.034691240
11 47 3 100 6142085 2.034741086
31 92 3 100 61250 2.034768267
126 32 3 100 26058036 2.034784283
68 40 3 100 2220561 2.034788692
76 130 3 100 5745821 2.034824053
84 129 3 100 1772986 2.034906682
86 128 3 100 69598 2.034912690
105 53 3 100 4724635 2.035011897
100 121 3 100 69166 2.035084452
55 93 3 100 65937 2.035152001
62 29 3 100 1141363 2.035185532
105 33 3 100 168 2.035187297
101 68 3 100 23301 2.035244693
126 38 3 100 672769 2.035259832
33 131 3 100 9837 2.035268052
68 129 3 100 7594 2.035271540
23 131 3 100 7991758 2.035278187
75 72 3 100 37599 2.035312981
40 13 3 100 28636 2.035378469
45 5 3 100 140435 2.035416404
46 99 3 100 2309415 2.035426223
117 36 3 100 6894282 2.035508254
97 29 3 100 6387834 2.035532925
117 118 3 100 34885 2.035549055
46 130 3 100 43474 2.035568610
106 128 3 100 27563 2.035594027
24 129 3 100 9072100 2.035632614
33 45 3 100 524558 2.035635167
6 31 3 100 37801 2.035637125
4 84 3 100 8379344 2.035642650
55 127 3 100 3172258 2.035656688
61 103 3 100 2228600 2.035692817
14 124 3 100 44423 2.035737748
5 25 3 100 56837 2.035783456
126 129 3 100 72376 2.035794887
126 130 3 100 9179 2.035812886
89 129 3 100 1717597 2.035829691
49 126 3 100 14728 2.035871164
101 35 3 100 56660 2.035884561
102 4 3 100 74198 2.035885983
118 44 3 100 107165 2.035886170
104 6 3 100 289564 2.035892222
20 47 3 100 145295 2.035959215
49 64 3 100 146825 2.035962690
32 130 3 100 8558 2.035993978
115 128 3 100 18008 2.036025470
12 129 3 100 174468 2.036045756
77 11 3 100 24874 2.036046676
95 100 3 100 30820 2.036101682
23 90 3 100 2932939 2.036163494
20 76 3 100 1521839 2.036199508
9 62 3 100 9853 2.036257213
38 109 3 100 11472 2.036259336
122 102 3 100 1281727 2.036295440
4 131 3 100 20837296 2.036323878
0 131 3 100 7092336 2.036344116
113 128 3 100 511984 2.036347741
9 35 3 100 3220 2.036369827
6 29 3 100 51538 2.036374912
96 102 3 100 3988430 2.036402220
51 56 3 100 28544 2.036419323
106 94 3 100 17504025 2.036453255
127 91 3 100 46066 2.036473284
41 106 3 100 4950929 2.036489619
19 129 3 100 38886 2.036542843
58 130 3 100 58450 2.036625419
73 130 3 100 1736141 2.036641575
89 64 3 100 3307374 2.036661126
108 38 3 100 40758 2.036663123
91 58 3 100 6423 2.036665841
37 30 3 100 1369341 2.036728168
120 44 3 100 78728 2.036831631
7 116 3 100 22235 2.036941499
82 16 3 100 2803 2.037001424
56 130 3 100 10782 2.037026479
126 128 3 100 511094 2.037044662
59 128 3 100 1097496 2.037058756
122 98 3 100 45060 2.037070757
34 99 3 100 4741642 2.037071202
12 89 3 100 4693125 2.037085999
102 89 3 100 196375 2.037168081
53 126 3 100 112720 2.037180149
28 125 3 100 1575673 2.037192607
96 17 3 100 21599 2.037200249
87 130 3 100 2228694 2.037282571
46 130 3 100 1460955 2.037303468
106 128 3 100 50782 2.037318670
35 96 3 100 3140 2.037335726
100 99 3 100 7629 2.037390989
92 65 3 100 1348220 2.037398719
116 36 3 100 66413 2.037430241
95 89 3 100 8826 2.037440006
119 9 3 100 11482 2.037449682
15 111 3 100 4293 2.037462036
22 128 3 100 73175 2.037696945
63 129 3 100 23001 2.037713173
111 129 3 100 46986 2.037744977
31 117 3 100 7886404 2.037760988
9 73 3 100 9402 2.037801302
20 55 3 100 1916701 2.037809038
94 92 3 100 1413209 2.037824209
71 28 3 100 138045 2.037847486
93 98 3 100 1260717 2.037849715
61 66 3 100 2104868 2.037890336
94 128 3 100 21020 2.037966834
59 131 3 100 35601 2.037984165
72 129 3 100 22038139 2.038004195
55 115 3 100 21532 2.038046767
109 93 3 100 6981 2.038098646
26 37 3 100 60954 2.038119765
127 22 3 100 43869 2.038163444
67 76 3 100 1051715 2.038203417
90 51 3 100 1200875 2.038266519
45 121 3 100 1801795 2.038268858
51 131 3 100 30604 2.038339766
26 130 3 100 37443 2.038380464
42 128 3 100 63260 2.038397021
102 54 3 100 414195 2.038421105
124 40 3 100 202837 2.038452214
59 111 3 100 25759 2.038478200
81 22 3 100 75536 2.038544862
123 21 3 100 120465 2.038592951
3 25 3 100 7546931 2.038650553
63 32 3 100 961835 2.038725472
13 130 3 100 48679 2.038742193
69 129 3 100 33710 2.038766039
100 130 3 100 34236 2.038790659
6 5 3 100 386895 2.038804549
41 91 3 100 5787 2.038829162
87 55 3 100 4447 2.038930812
50 31 3 100 53833 2.038933370
100 46 3 100 76608 2.038965526
38 34 3 100 2836688 2.038977999
35 56 3 100 63994 2.039075345
66 131 3 100 63740 2.039111175
101 131 3 100 21714694 2.039158169
112 128 3 100 35375 2.039213272
127 9 3 100 35300 2.039279572
79 93 3 100 726912 2.039290857
37 23 3 100 17367 2.039300597
110 1 3 100 2269 2.039304963
91 80 3 100 22294 2.039343840
11 38 3 100 3319586 2.039347193
14 87 3 100 20079 2.039402346
49 129 3 100 70843 2.039438730
85 130 3 100 25292 2.039497703
15 131 3 100 22063 2.039552049
44 126 3 100 172455 2.039584971
77 116 3 100 15331 2.039585379
73 104 3 100 29601 2.039882790
61 107 3 100 28031 2.039923247
82 56 3 100 7445 2.039928711
47 48 3 100 51714 2.039966613
32 15 3 100 5296923 2.040023223
53 131 3 100 2898437 2.040119490
99 128 3 100 10876 2.040219413
90 130 3 100 61827 2.040282770
121 51 3 100 3467662 2.040329201
38 118 3 100 373029 2.040336697
66 90 3 100 36876 2.040359303
95 92 3 100 1923 2.040364068
114 46 3 100 18864 2.040419899
121 96 3 100 5626315 2.040442075
120 26 3 100 1515312 2.040453256
59 131 3 100 3912859 2.040466528
13 128 3 100 1726495 2.040493808
65 131 3 100 49643 2.040515889
85 67 3 100 57150 2.040612873
110 18 3 100 15226 2.040719300
39 33 3 100 4637 2.040766335
118 4 3 100 15833 2.040770291
52 93 3 100 8901 2.040785382
58 29 3 100 60559 2.040824672
94 36 3 100 1908 2.040876293
106 131 3 100 612903 2.040908096
47 129 3 100 3673322 2.041020647
124 128 3 100 62238 2.041052243
95 106 3 100 718286 2.041067142
33 80 3 100 24186223 2.041102074
102 125 3 100 3499528 2.041164515
80 94 3 100 16789 2.041164804
38 76 3 100 435634 2.041169787
43 2 3 100 14244 2.041204974
57 16 3 100 28412 2.041247575
91 129 3 100 1884133 2.041269497
125 129 3 100 753 2.041293666
52 131 3 100 32940 2.041370527
92 43 3 100 144784 2.041404787
26 39 3 100 5207431 2.041582085
116 17 3 100 904217 2.041684357
57 100 3 100 25087 2.041726541
96 7 3 100 1762435 2.041753862
73 41 3 100 63902 2.041781629
84 71 3 100 800929 2.041802785
111 129 3 100 11904344 2.041823593
100 130 3 100 30663 2.041838017
107 129 3 100 65934 2.041854048
97 71 3 100 333333 2.041874498
76 14 3 100 77685 2.041943278
1 111 3 100 63948 2.042099873
73 113 3 100 24535 2.042120581
68 49 3 100 9190 2.042214743
32 19 3 100 58813 2.042271021
107 31 3 100 303 2.042271170
120 131 3 100 24487417 2.042387582
91 130 3 100 43214 2.042441066
110 131 3 100 28066 2.042461728
116 14 3 100 4955919 2.042531625
65 41 3 100 4115 2.042549100
6 37 3 100 23782 2.042549681
53 81 3 100 8039 2.042554984
37 69 3 100 811327 2.042557113
49 76 3 100 4164 2.042566533
116 26 3 100 204738 2.042602468
108 131 3 100 19570 2.042633097
98 129 3 100 57956 2.042645700
52 130 3 100 64792 2.042655040
46 119 3 100 1470220 2.042727442
22 16 3 100 1676459 2.042798394
107 58 3 100 2397319 2.042818666
95 87 3 100 21912 2.042833474
36 20 3 100 1750654 2.042900598
84 31 3 100 29588566 2.042906100
26 23 3 100 57008 2.042933204
126 129 3 100 1783539 2.042957977
44 128 3 100 46822 2.042973473
34 129 3 100 49227 2.042988512
79 63 3 100 2526 2.043064740
88 101 3 100 57112 2.043104888
113 50 3 100 10683 2.043108749
42 4 3 100 1075316 2.043111906
77 114 3 100 24855 2.043134849
74 65 3 100 53344 2.043135235
104 103 3 100 48698 2.043255327
82 128 3 100 1036153 2.043259753
111 128 3 100 802429 2.043267186
56 130 3 100 3444 2.043373020
83 58 3 100 14080365 2.043379931
111 63 3 100 1934306 2.043423851
99 0 3 100 4565 2.043434662
67 42 3 100 9355 2.043436145
123 20 3 100 3876803 2.043460429
96 102 3 100 3879979 2.043546569
12 23 3 100 47165 2.043587142
57 129 3 100 2106276 2.043662232
60 129 3 100 27771 2.043791009
67 128 3 100 42492 2.043818400
31 11 3 100 31257 2.043845654
90 87 3 100 49389 2.043862811
28 42 3 100 366545 2.043885456
49 111 3 100 20894513 2.043885654
64 4 3 100 6264932 2.043951672
56 42 3 100 55769 2.043978219
52 24 3 100 25013 2.043997595
68 130 3 100 19885 2.043999159
43 129 3 100 25204 2.044069190
89 129 3 100 22736918 2.044070700
90 114 3 100 20010 2.044118588
85 35 3 100 700534 2.044142837
91 8 3 100 1174001 2.044201779
52 39 3 100 1144883 2.044268192
3 44 3 100 20648 2.044320881
90 34 3 100 29810 2.044325343
15 96 3 100 876281 2.044385325
99 129 3 100 12788920 2.044431421
30 130 3 100 43276 2.044442094
118 129 3 100 2893 2.044483851
105 106 3 100 1564 2.044508152
47 20 3 100 1149654 2.044552431
105 31 3 100 5297 2.044559884
56 98 3 100 44907 2.044583151
98 102 3 100 5897 2.044620198
52 107 3 100 1927906 2.044628124
71 25 3 100 11913252 2.044628640
109 130 3 100 79134 2.044741791
45 128 3 100 2107 2.044745958
62 131 3 100 78601 2.044798764
3 104 3 100 42119 2.044839902
85 89 3 100 1236027 2.044955615
3 103 3 100 436742 2.044956335
9 85 3 100 67883 2.045040053
107 24 3 100 10821818 2.045107461
27 77 3 100 516420 2.045126791
93 34 3 100 62914 2.045128824
116 128 3 100 7043 2.045134055
35 131 3 100 1850577 2.045166184
107 129 3 100 1068270 2.045167625
11 114 3 100 42010 2.045200554
95 53 3 100 26176 2.045212514
65 67 3 100 422468 2.045225737
70 64 3 100 1815568 2.045281305
98 114 3 100 18376 2.045350259
106 2 3 100 5360 2.045394708
73 19 3 100 45593 2.045442426
59 131 3 100 4195 2.045447306
5 130 3 100 45539 2.045467519
85 129 3 100 66137 2.045475165
34 125 3 100 1260292 2.045475657
127 87 3 100 398110 2.045531718
29 124 3 100 4758 2.045568281
58 91 3 100 4544 2.045606757
8 100 3 100 107638 2.045652034
41 106 3 100 565308 2.045710977
112 15 3 100 637407 2.045758515
0 129 3 100 2474749 2.045840602
72 129 3 100 2526156 2.045955561
60 129 3 100 1820885 2.045981428
113 69 3 100 68580 2.046037290
2 31 3 100 9641432 2.046128348
43 27 3 100 5572 2.046165818
25 103 3 100 27173 2.046194699
41 90 3 100 3759943 2.046206227
19 79 3 100 20932 2.046216073
7 60 3 100 5362911 2.046217504
18 131 3 100 294 2.046304813
6 130 3 100 2415103 2.046357055
124 130 3 100 32262 2.046386455
79 6 3 100 3701341 2.046389600
71 114 3 100 49465 2.046472021
6 78 3 100 1813101 2.046555757
59 53 3 100 24957 2.046566336
108 61 3 100 1912 2.046590042
17 67 3 100 43054 2.046698330
14 36 3 100 166516 2.046703822
79 128 3 100 1946803 2.046718101
126 131 3 100 4286 2.046721402
103 130 3 100 15807 2.046723707
52 37 3 100 29592 2.046735223
40 99 3 100 33723 2.046746805
122 63 3 100 3766 2.046756555
52 62 3 100 478825 2.046767805
33 46 3 100 4508234 2.046828116
2 42 3 100 3349514 2.046857348
83 115 3 100 9870 2.046885343
44 128 3 100 20447 2.046889667
8 129 3 100 3285 2.046952190
110 129 3 100 39977 2.046974502
0 18 3 100 122688 2.047002465
118 116 3 100 655357 2.047029253
45 26 3 100 48733 2.047155309
43 52 3 100 3241582 2.047180043
59 97 3 100 76968 2.047184699
33 81 3 100 18730 2.047276706
77 100 3 100 13876 2.047339736
113 128 3 100 32313 2.047361089
95 128 3 100 45216 2.047363062
20 130 3 100 77655 2.047369396
126 6 3 100 21631 2.047388255
12 32 3 100 153436 2.047449772
46 16 3 100 419340 2.047454693
107 12 3 100 69147 2.047463208
27 62 3 100 108438 2.047465652
24 126 3 100 29812 2.047554903
91 4 3 100 825794 2.047639511
44 128 3 100 74235 2.047650010
127 128 3 100 919442 2.047657457
38 129 3 100 1132286 2.047713593
1 27 3 100 25622 2.047736721
67 105 3 100 1814503 2.047746318
95 81 3 100 526745 2.047753592
78 31 3 100 969788 2.047776393
82 20 3 100 14209 2.047784179
20 6 3 100 34751 2.047815775
75 80 3 100 54185 2.047836529
37 129 3 100 23598 2.047843810
54 129 3 100 15827 2.047845555
85 131 3 100 175522 2.047907647
56 31 3 100 3656737 2.047945496
56 68 3 100 14222 2.047949453
46 125 3 100 530857 2.047951994
63 20 3 100 37355 2.047974171
125 123 3 100 1786920 2.048014193
120 36 3 100 16323358 2.048018657
21 13 3 100 32318 2.048053547
11 128 3 100 2751276 2.048061802
46 131 3 100 2660081 2.048119120
84 128 3 100 1349725 2.048272265
78 109 3 100 23783 2.048359468
74 84 3 100 78856 2.048396653
73 120 3 100 4313470 2.048405430
110 35 3 100 788943 2.048415001
90 103 3 100 549 2.048427574
42 29 3 100 42878 2.048449546
2 43 3 100 5197 2.048461558
56 130 3 100 965 2.048498971
118 129 3 100 12966 2.048537238
43 129 3 100 30019 2.048579654
19 85 3 100 1287643 2.048649349
123 67 3 100 20732757 2.048683019
101 58 3 100 56427 2.048720440
104 46 3 100 4236893 2.048821713
24 59 3 100 2992 2.048825331
18 5 3 100 1765705 2.048882456
70 57 3 100 8467 2.048979961
27 131 3 100 2054163 2.049007425
33 131 3 100 41776 2.049028306
8 128 3 100 9030 2.049068490
27 113 3 100 757412 2.049072309
50 39 3 100 15091 2.049162262
14 32 3 100 31426 2.049340617
121 48 3 100 65418 2.049437802
40 86 3 100 1272184 2.049524032
114 52 3 100 288746 2.049534979
73 11 3 100 27464 2.049573699
113 128 3 100 23773 2.049623199
58 131 3 100 414558 2.049624869
102 131 3 100 888461 2.049715796
125 105 3 100 24166 2.049763295
75 87 3 100 29089 2.049862978
23 42 3 100 1204651 2.049864555
59 81 3 100 1243 2.049887098
92 46 3 100 65180 2.049939911
62 54 3 100 3722 2.050047357
82 42 3 100 33830 2.050081320
9 131 3 100 1842 2.050114233
27 130 3 100 7698 2.050208335
51 131 3 100 54021 2.050225314
79 81 3 100 8425 2.050284512
83 56 3 100 1423189 2.050331280
19 75 3 100 4388407 2.050339840
104 79 3 100 6086921 2.050348581
118 92 3 100 1909735 2.050354815
5 39 3 100 1588144 2.050355844
10 57 3 100 76611 2.050383125
78 128 3 100 1474876 2.050526713
12 128 3 100 2059891 2.050596332
5 130 3 100 4719 2.050612581
80 32 3 100 13986 2.050618388
92 85 3 100 3306 2.050627834
16 20 3 100 139576 2.050647366
97 101 3 100 8452633 2.050654080
70 101 3 100 17656 2.050686415
110 57 3 100 787 2.050689923
18 57 3 100 453940 2.050707313
66 128 3 100 69788 2.050740870
31 129 3 100 10643 2.050783066
74 131 3 100 77081 2.050913607
117 89 3 100 39227 2.050955030
103 87 3 100 5748134 2.051015788
6 55 3 100 23919 2.051085366
34 64 3 100 2739098 2.051166538
94 34 3 100 3010519 2.051199005
5 127 3 100 1741029 2.051260756
118 82 3 100 2516652 2.051297040
89 131 3 100 715882 2.051330582
52 130 3 100 105027 2.051441230
84 131 3 100 29726350 2.051461409
25 66 3 100 55162 2.051561890
58 124 3 100 1323510 2.051562167
91 24 3 100 164434 2.051601007
25 12 3 100 535967 2.051707427
82 105 3 100 7094 2.051716826
31 83 3 100 2850 2.051766464
119 126 3 100 28649 2.051859522
30 128 3 100 27172961 2.051865977
34 129 3 100 28976 2.051881403
66 131 3 100 5307605 2.051906592
102 12 3 100 1316442 2.051921559
19 71 3 100 59833 2.051933739
71 58 3 100 61640 2.051952571
65 124 3 100 1059435 2.052058044
55 39 3 100 63316 2.052087252
69 94 3 100 8332 2.052141233
73 75 3 100 516991 2.052149476
30 130 3 100 1661764 2.052174822
72 131 3 100 127166 2.052236534
124 131 3 100 4388638 2.052277830
11 24 3 100 15725 2.052311661
19 108 3 100 71284 2.052457644
24 36 3 100 2205 2.052463930
108 118 3 100 865948 2.052518538
123 122 3 100 64312 2.052551136
120 12 3 100 979677 2.052567404
103 59 3 100 125251 2.052568251
42 128 3 100 30087 2.052672080
11 130 3 100 21573 2.052726980
36 131 3 100 61028 2.052732657
122 60 3 100 58954 2.052811012
72 101 3 100 6699585 2.052834327
83 34 3 100 347852 2.052849225
71 65 3 100 21451 2.052873349
58 98 3 100 634558 2.052936718
93 71 3 100 27625 2.052949922
30 77 3 100 9578 2.052958098
103 130 3 100 1008 2.052966711
77 129 3 100 2600993 2.053100806
95 131 3 100 2473036 2.053133349
63 69 3 100 3473278 2.053177341
28 3 3 100 3500182 2.053294680
16 17 3 100 45044 2.053411701
97 6 3 100 2664 2.053417679
45 91 3 100 36783 2.053427782
31 59 3 100 5030 2.053489372
46 50 3 100 1377843 2.053498321
70 128 3 100 26735 2.053526294
81 130 3 100 15674993 2.053529404
124 128 3 100 54337 2.053535499
49 34 3 100 1051878 2.053546926
107 60 3 100 5617471 2.053557321
101 108 3 100 5857423 2.053558000
84 96 3 100 237355 2.053589333
127 84 3 100 909 2.053602135
38 77 3 100 2641 2.053624507
41 61 3 100 1918681 2.053633295
92 131 3 100 178438 2.053647543
99 130 3 100 63659 2.053688344
124 129 3 100 137541 2.053747810
124 78 3 100 549715 2.053773999
63 69 3 100 708661 2.053776511
101 108 3 100 8012 2.053781301
99 63 3 100 5260749 2.053797600
64 101 3 100 23743 2.053799191
53 57 3 100 1425838 2.053820020
66 80 3 100 31839 2.053826328
22 131 3 100 12969683 2.053836059
70 131 3 100 3868558 2.053926657
107 129 3 100 1654880 2.053954013
77 111 3 100 1639255 2.053962643
113 47 3 100 50991 2.054028992
61 101 3 100 4176417 2.054122652
18 68 3 100 91071 2.054125070
34 23 3 100 260973 2.054156219
1 70 3 100 7071768 2.054194326
51 60 3 100 11234359 2.054256457
114 130 3 100 41731 2.054317198
1 128 3 100 34934 2.054317248
33 129 3 100 638364 2.054355233
102 114 3 100 1665086 2.054400186
91 34 3 100 6825 2.054407222
62 26 3 100 6627 2.054467535
124 53 3 100 42858 2.054504853
100 18 3 100 447814 2.054510855
41 81 3 100 23184174 2.054582028
69 23 3 100 4812760 2.054609523
114 129 3 100 6183477 2.054619348
5 129 3 100 45618 2.054635021
75 130 3 100 53017 2.054674231
88 43 3 100 60441 2.054683834
62 83 3 100 64614 2.054704852
31 74 3 100 388311 2.054818379
38 31 3 100 71567 2.054828681
11 32 3 100 70230 2.054842813
75 84 3 100 76821 2.054922857
4 106 3 100 794 2.054935426
31 128 3 100 2959 2.054944986
73 131 3 100 2079015 2.054962312
84 128 3 100 38392 2.055033934
104 40 3 100 52049 2.055080110
65 104 3 100 1195093 2.055100211
43 32 3 100 1112 2.055117096
83 109 3 100 1821793 2.055128704
68 48 3 100 20768 2.055130865
57 94 3 100 58634 2.055133160
46 23 3 100 71861 2.055157247
83 130 3 100 31182 2.055205869
97 131 3 100 1393028 2.055227479
71 129 3 100 1326181 2.055232748
14 86 3 100 45016 2.055244286
43 106 3 100 6725 2.055273884
62 98 3 100 24042 2.055279257
7 122 3 100 2695938 2.055333688
41 71 3 100 58377 2.055409335
91 101 3 100 894785 2.055429062
9 122 3 100 39347 2.055471600
112 131 3 100 8003 2.055483208
88 130 3 100 1931061 2.055516666
127 129 3 100 2286075 2.055538506
67 121 3 100 28240 2.055544489
66 16 3 100 4987 2.055578990
117 52 3 100 1706938 2.055587772
89 115 3 100 45501 2.055602643
64 94 3 100 6787272 2.055727409
123 39 3 100 1130852 2.055835039
46 28 3 100 512801 2.055890802
106 128 3 100 229420 2.055926364
74 128 3 100 13427 2.055974736
19 128 3 100 29258731 2.055990404
6 76 3 100 7258447 2.056003407
37 54 3 100 22615 2.056091844
81 76 3 100 30868 2.056093758
114 53 3 100 61809 2.056146841
3 1 3 100 47425 2.056198111
111 24 3 100 524094 2.056203529
86 73 3 100 5397 2.056213802
15 128 3 100 78349 2.056250874
57 130 3 100 38222 2.056255549
18 129 3 100 41994 2.056296595
119 87 3 100 70006 2.056315150
71 9 3 100 4056 2.056404142
114 85 3 100 61539 2.056408577
37 32 3 100 1713740 2.056430377
114 19 3 100 5484 2.056485641
54 111 3 100 34410 2.056514621
60 36 3 100 17717 2.056533726
113 128 3 100 8154 2.056545563
121 128 3 100 42736 2.056604623
127 129 3 100 3375286 2.056672545
33 12 3 100 45710 2.056674103
65 93 3 100 20473 2.056742095
48 42 3 100 4365 2.056755221
99 38 3 100 1860 2.056764098
50 13 3 100 1042525 2.056789994
75 5 3 100 127456 2.056847799
88 60 3 100 3673290 2.056848757
17 130 3 100 19518 2.056873018
24 129 3 100 44318 2.056883837
109 128 3 100 36161 2.056915645
79 126 3 100 61094 2.056927199
63 65 3 100 29410 2.056933480
123 7 3 100 17031 2.056934641
58 53 3 100 4736295 2.056940966
49 119 3 100 2898443 2.056945218
42 9 3 100 4486084 2.057020402
81 19 3 100 711679 2.057175127
93 128 3 100 5642 2.057186947
111 130 3 100 500099 2.057238514
74 129 3 100 126869 2.057251094
118 11 3 100 1231 2.057266881
0 56 3 100 31736 2.057285403
92 14 3 100 105969 2.057305522
109 85 3 100 29804 2.057333549
101 42 3 100 495 2.057341932
0 84 3 100 116967 2.057357837
44 127 3 100 457731 2.057358918
50 131 3 100 1633 2.057423282
4 129 3 100 57912 2.057542728
84 131 3 100 1925443 2.057569863
109 91 3 100 7206066 2.057615141
45 17 3 100 60105 2.057657672
56 87 3 100 35913 2.057674500
34 95 3 100 22380 2.057678971
2 84 3 100 54554 2.057712179
125 3 3 100 48963 2.057819955
40 101 3 100 1170630 2.057821417
12 131 3 100 23964 2.057832313
67 130 3 100 4277 2.057858605
84 131 3 100 16995 2.057874568
70 96 3 100 172079 2.057889626
109 91 3 100 735780 2.057923056
26 120 3 100 114018 2.058010731
13 51 3 100 19059342 2.058137568
118 103 3 100 58941 2.058153923
126 32 3 100 115041 2.058183041
21 61 3 100 60137 2.058196107
71 128 3 100 456865 2.058237165
107 131 3 100 97627 2.058243333
92 130 3 100 1902721 2.058263861
21 118 3 100 23000 2.058266704
0 42 3 100 894663 2.058271574
78 83 3 100 10975 2.058340312
54 1 3 100 1790861 2.058340458
124 13 3 100 36236 2.058377969
37 125 3 100 25845 2.058397963
111 11 3 100 600070 2.058441334
23 131 3 100 894439 2.058471167
31 129 3 100 29402 2.058532280
114 131 3 100 1161870 2.058577216
28 114 3 100 171096 2.058677909
31 28 3 100 1381214 2.058692055
40 56 3 100 43897 2.058718131
117 8 3 100 48169 2.058774535
77 95 3 100 9076 2.058867274
94 54 3 100 164782 2.058912180
46 63 3 100 23630 2.059003586
30 131 3 100 1199585 2.059035690
23 131 3 100 23949 2.059053629
96 129 3 100 45481 2.059076782
37 63 3 100 26645 2.059081240
46 3 3 100 17874 2.059122627
55 80 3 100 169487 2.059177097
66 74 3 100 1435262 2.059186402
17 37 3 100 680 2.059189744
0 75 3 100 3995733 2.059202664
116 123 3 100 46972 2.059232474
45 128 3 100 43564 2.059262267
108 130 3 100 54023 2.059291981
57 129 3 100 79200 2.059359682
9 74 3 100 30495 2.059410380
43 45 3 100 14806 2.059437050
110 55 3 100 57294 2.059464379
73 98 3 100 8361 2.059496677
69 93 3 100 1836501 2.059552047
33 8 3 100 9531930 2.059552572
120 67 3 100 9753 2.059566472
31 128 3 100 39683 2.059660764
4 129 3 100 4091524 2.059670385
61 128 3 100 1076 2.059746990
103 38 3 100 723952 2.059774992
91 45 3 100 975900 2.059785863
111 49 3 100 6456 2.059786811
45 92 3 100 58319 2.059812174
20 118 3 100 68470 2.059817976
35 73 3 100 670397 2.059828526
47 42 3 100 53693 2.059834595
62 130 3 100 16420776 2.059881712
26 129 3 100 5368 2.059913949
50 129 3 100 22651 2.059921345
2 11 3 100 187801 2.059986094
98 55 3 100 7857 2.059993179
78 7 3 100 39644 2.060068197
6 4 3 100 1394996 2.060225926
19 50 3 100 40173 2.060238899
68 1 3 100 77376 2.060273282
82 38 3 100 197926 2.060273543
78 129 3 100 22041 2.060291838
69 131 3 100 4645251 2.060495218
41 130 3 100 264113 2.060496025
94 118 3 100 24378 2.060496148
100 68 3 100 5772419 2.060499110
109 48 3 100 9473887 2.060546215
110 77 3 100 15589 2.060561040
13 18 3 100 1452897 2.060564209
45 114 3 100 57444 2.060606812
98 6 3 100 168955 2.060614898
114 129 3 100 7856 2.060622732
76 130 3 100 1651037 2.060650433
56 128 3 100 414524 2.060672053
28 34 3 100 1655 2.060686815
74 87 3 100 1434908 2.060719694
125 64 3 100 705639 2.060865971
19 39 3 100 160822 2.060869651
64 71 3 100 1474248 2.060899799
108 7 3 100 27728 2.060907861
11 63 3 100 231667 2.060938405
123 130 3 100 6409385 2.060954954
15 130 3 100 9829302 2.061010493
45 131 3 100 114557 2.061017627
13 125 3 100 146161 2.061065356
98 97 3 100 113443 2.061087862
12 86 3 100 6039821 2.061167102
12 55 3 100 3180961 2.061175409
47 49 3 100 32793 2.061264652
20 47 3 100 27805 2.061389511
93 64 3 100 169305 2.061397376
95 128 3 100 523790 2.061397549
38 128 3 100 69083 2.061405817
74 129 3 100 79040 2.061408910
68 80 3 100 25753370 2.061459126
21 84 3 100 33322 2.061473870
122 16 3 100 4819 2.061474015
122 88 3 100 78063 2.061493932
43 27 3 100 3606 2.061499177
0 101 3 100 382458 2.061513100
58 74 3 100 49402 2.061575481
121 129 3 100 40208 2.061584099
42 128 3 100 842509 2.061626286
67 131 3 100 42534 2.061653964
40 119 3 100 2976 2.061696902
39 47 3 100 125528 2.061697123
120 31 3 100 53307 2.061737462
12 34 3 100 3915482 2.061738082
11 36 3 100 4677567 2.061741321
37 119 3 100 4239 2.061769407
54 33 3 100 14077627 2.061776017
95 131 3 100 1500981 2.061835135
110 130 3 100 1265851 2.061839391
85 129 3 100 2074252 2.061867607
34 26 3 100 4408 2.061890490
56 53 3 100 531839 2.061911065
10 127 3 100 13002 2.061928743
34 80 3 100 8193948 2.061978077
124 13 3 100 11001305 2.061997161
77 73 3 100 2196 2.062004140
88 64 3 100 539527 2.062018932
63 129 3 100 25374198 2.062031146
18 131 3 100 20397 2.062034313
22 129 3 100 25471 2.062098039
14 44 3 100 28829 2.062162381
114 45 3 100 25298 2.062210377
108 104 3 100 4572624 2.062221984
9 108 3 100 52444 2.062258711
8 46 3 100 75674 2.062262204
43 9 3 100 1554419 2.062266490
71 93 3 100 644056 2.062380594
29 129 3 100 28681 2.062449382
31 131 3 100 67706 2.062451711
68 128 3 100 7357442 2.062464750
9 29 3 100 1434341 2.062499056
17 125 3 100 4566 2.062550441
29 94 3 100 24026 2.062616859
2 26 3 100 25591 2.062712616
15 99 3 100 1853376 2.062717462
92 109 3 100 49232 2.062766374
62 26 3 100 1669072 2.062797402
3 130 3 100 27847 2.062841870
120 131 3 100 18824 2.062871694
100 130 3 100 9191 2.062890706
60 14 3 100 33503 2.062901786
89 12 3 100 77970 2.062937952
121 45 3 100 5520 2.062966495
62 120 3 100 8316695 2.062970855
122 69 3 100 31141 2.062971361
52 124 3 100 63235 2.063032326
67 87 3 100 22227 2.063050516
79 130 3 100 12358 2.063051901
71 128 3 100 2100 2.063092183
33 131 3 100 60763 2.063243221
4 14 3 100 16609 2.063247134
101 84 3 100 44325 2.063504594
3 25 3 100 4054643 2.063507495
91 117 3 100 28335 2.063540883
112 121 3 100 4256 2.063584864
120 53 3 100 68204 2.063620249
92 65 3 100 5739527 2.063658507
89 130 3 100 1012 2.063688324
45 129 3 100 1780226 2.063715871
73 130 3 100 79406 2.063726705
70 15 3 100 45906 2.063759655
88 25 3 100 5013 2.063760593
18 33 3 100 3150967 2.063835915
109 58 3 100 1166776 2.063855686
56 47 3 100 3343550 2.063924200
68 8 3 100 7422671 2.063991545
3 82 3 100 78752 2.064035244
122 131 3 100 724 2.064044845
51 130 3 100 26633 2.064057379
64 128 3 100 9385 2.064092033
29 73 3 100 3670297 2.064111230
60 16 3 100 1658767 2.064114264
52 38 3 100 1072209 2.064121628
57 17 3 100 3408023 2.064145552
38 105 3 100 52139 2.064156708
33 50 3 100 25097 2.064208149
102 58 3 100 1205399 2.064320163
83 131 3 100 27289 2.064325281
125 128 3 100 63959 2.064337358
28 130 3 100 2478034 2.064347833
64 99 3 100 1998807 2.064442601
64 93 3 100 26881 2.064444958
13 34 3 100 683473 2.064451576
72 13 3 100 100459 2.064455984
46 86 3 100 297601 2.064476122
122 91 3 100 1026297 2.064482435
110 1 3 100 62213 2.064515000
28 129 3 100 85826 2.064551080
21 129 3 100 9328612 2.064554643
85 130 3 100 1297110 2.064558394
80 107 3 100 131101 2.064569845
123 101 3 100 63090 2.064640740
98 65 3 100 1979807 2.064658494
46 15 3 100 1081374 2.064694744
19 85 3 100 13768044 2.064725467
105 69 3 100 3584569 2.064747141
54 37 3 100 23908 2.064797038
115 128 3 100 46544 2.064797535
108 131 3 100 73584 2.064821422
3 131 3 100 6444209 2.064823259
57 71 3 100 88153 2.064831033
71 85 3 100 4471628 2.064871533
41 105 3 100 1727976 2.064892698
99 78 3 100 608100 2.064923154
28 37 3 100 31653 2.065045676
8 77 3 100 5071 2.065062481
33 99 3 100 2890116 2.065084377
76 130 3 100 3783086 2.065098291
91 129 3 100 2168455 2.065124836
60 128 3 100 33533 2.065222678
92 98 3 100 50164 2.065399253
85 98 3 100 49991 2.065450525
65 102 3 100 66116 2.065477489
14 62 3 100 2720986 2.065537276
54 9 3 100 2029446 2.065553861
9 38 3 100 1057562 2.065619455
55 125 3 100 52060 2.065653180
101 128 3 100 2346269 2.065703649
23 131 3 100 28825 2.065738084
67 131 3 100 187220 2.065743693
127 8 3 100 8790 2.065746567
89 60 3 100 4297571 2.065839604
116 119 3 100 2263146 2.065897907
21 83 3 100 55187 2.065959464
70 51 3 100 58688 2.065970146
44 106 3 100 61572 2.066064142
23 19 3 100 29190 2.066071425
14 129 3 100 47865 2.066100387
43 128 3 100 49908 2.066115921
63 128 3 100 40900 2.066158419
70 20 3 100 6211 2.066166837
84 98 3 100 1068920 2.066175843
94 115 3 100 2978623 2.066249800
96 108 3 100 22569 2.066251002
119 86 3 100 17267245 2.066280386
11 79 3 100 14062991 2.066281002
53 70 3 100 1497100 2.066316739
116 130 3 100 15474822 2.066324215
74 131 3 100 1346679 2.066347547
123 130 3 100 67578 2.066354751
13 24 3 100 45010 2.066375296
121 42 3 100 930 2.066375516
52 118 3 100 441559 2.066448412
46 71 3 100 77837 2.066468297
123 26 3 100 24154471 2.066594738
62 11 3 100 50733 2.066628659
58 97 3 100 26091 2.066674337
24 131 3 100 95380 2.066761999
6 130 3 100 62206 2.066823101
29 130 3 100 1093199 2.066859972
120 98 3 100 24428 2.066906800
31 35 3 100 971 2.066914470
46 65 3 100 1919564 2.066972309
95 45 3 100 2196 2.067007099
67 3 3 100 24320 2.067007665
50 76 3 100 23796 2.067009942
38 20 3 100 1653123 2.067046324
72 131 3 100 278968 2.067060510
116 131 3 100 638063 2.067065091
1 128 3 100 168787 2.067174811
66 58 3 100 275 2.067194343
96 16 3 100 128797 2.067195043
73 104 3 100 38161 2.067206764
62 22 3 100 1409380 2.067226988
62 81 3 100 71405 2.067230090
46 24 3 100 4299883 2.067251999
57 21 3 100 42034 2.067270079
67 128 3 100 61116 2.067274743
69 128 3 100 29434 2.067297355
119 129 3 100 337517 2.067314857
64 65 3 100 196160 2.067363518
6 80 3 100 8546410 2.067406986
94 67 3 100 9418959 2.067471345
62 13 3 100 1129574 2.067478795
39 34 3 100 133194 2.067481565
120 14 3 100 132922 2.067591440
44 37 3 100 23495470 2.067632592
114 131 3 100 4090642 2.067636775
123 128 3 100 38637 2.067655210
105 128 3 100 61825 2.067724973
17 104 3 100 6558088 2.067757774
68 13 3 100 70340 2.067758488
89 46 3 100 69063 2.067836626
37 108 3 100 4406146 2.068001879
112 117 3 100 25998 2.068005180
45 25 3 100 2649 2.068056466
83 20 3 100 28631 2.068060874
89 129 3 100 691143 2.068116685
91 128 3 100 10646 2.068125227
68 130 3 100 19963 2.068207956
23 120 3 100 26312015 2.068221447
28 32 3 100 574097 2.068236440
2 119 3 100 2216 2.068256277
81 7 3 100 1569917 2.068264980
55 61 3 100 17496 2.068293836
109 93 3 100 78327 2.068337264
58 10 3 100 141012 2.068353691
111 131 3 100 17062 2.068369071
48 131 3 100 9472 2.068393933
78 131 3 100 23297 2.068395903
60 3 3 100 1159264 2.068416417
41 114 3 100 1939080 2.068452893
107 25 3 100 204941 2.068478930
66 36 3 100 8142684 2.068519999
35 65 3 100 3514496 2.068556086
45 47 3 100 6715 2.068560827
98 118 3 100 90618 2.068588028
9 130 3 100 8729 2.068593763
92 128 3 100 7867 2.068603606
25 131 3 100 5589 2.068632216
25 127 3 100 250496 2.068673146
9 94 3 100 945061 2.068712391
15 37 3 100 609801 2.068720383
68 85 3 100 2594 2.068769821
3 11 3 100 5412518 2.068830234
108 20 3 100 56279 2.068884791
52 17 3 100 1088232 2.068906238
19 128 3 100 36329 2.068923332
80 131 3 100 175418 2.069009128
55 130 3 100 274362 2.069068771
10 83 3 100 2808431 2.069130285
91 31 3 100 870 2.069149257
83 74 3 100 184564 2.069195618
67 114 3 100 79684 2.069225595
87 65 3 100 1531790 2.069243685
43 2 3 100 10678 2.069271788
49 111 3 100 172333 2.069289032
17 131 3 100 44912 2.069303645
37 128 3 100 4049 2.069366724
73 128 3 100 23868 2.069403148
21 103 3 100 3172695 2.069404538
7 109 3 100 1654116 2.069431271
78 96 3 100 25837 2.069454342
47 16 3 100 1649669 2.069482721
71 48 3 100 1952661 2.069565879
57 32 3 100 2129 2.069691994
38 75 3 100 801 2.069725769
106 131 3 100 18260224 2.069736049
62 129 3 100 9376948 2.069741079
98 131 3 100 10299 2.069754520
18 48 3 100 17258 2.069756630
54 107 3 100 9234459 2.069886870
80 2 3 100 1507394 2.069904499
117 20 3 100 69083 2.069974237
33 119 3 100 24634 2.069989683
70 76 3 100 1354110 2.070043966
49 51 3 100 44055 2.070194419
80 128 3 100 33270 2.070195674
66 128 3 100 5874 2.070213470
99 131 3 100 2589 2.070265428
51 50 3 100 65632 2.070312934
88 13 3 100 2177 2.070361286
116 96 3 100 1134820 2.070469375
81 96 3 100 100984 2.070515038
1 11 3 100 8136 2.070521000
58 102 3 100 6805440 2.070549184
84 59 3 100 53399 2.070552938
0 129 3 100 72976 2.070604109
99 129 3 100 59863 2.070613301
83 130 3 100 13449 2.070636912
52 27 3 100 723345 2.070640463
75 115 3 100 20854 2.070652475
111 94 3 100 50575 2.070705968
31 102 3 100 6646 2.070842608
15 64 3 100 79826 2.070901826
90 11 3 100 106364 2.070926639
94 54 3 100 1966 2.070947249
104 129 3 100 9417524 2.071126882
93 131 3 100 28287 2.071152225
64 131 3 100 65293 2.071223827
125 106 3 100 646247 2.071232377
42 58 3 100 1113817 2.071233292
8 106 3 100 254546 2.071259534
79 0 3 100 122141 2.071285463
101 35 3 100 1825 2.071349918
82 2 3 100 2664036 2.071379968
21 37 3 100 4869 2.071457986
9 128 3 100 126956 2.071466622
16 130 3 100 4374378 2.071488767
65 128 3 100 29792 2.071546213
0 30 3 100 29621 2.071580028
87 47 3 100 1798421 2.071616940
120 9 3 100 12095121 2.071633097
105 125 3 100 42584 2.071681200
69 57 3 100 2049344 2.071705722
115 5 3 100 4933985 2.071712163
51 64 3 100 3787007 2.071738528
86 128 3 100 9389623 2.071758746
24 129 3 100 732431 2.071759184
86 128 3 100 50028 2.071767416
81 68 3 100 61808 2.071777543
41 20 3 100 1011767 2.071823218
44 3 3 100 23637 2.071829993
108 49 3 100 50714 2.071862590
111 115 3 100 2234436 2.071915239
104 68 3 100 56739 2.071953682
34 20 3 100 1646802 2.071994855
37 131 3 100 68423 2.072009409
24 130 3 100 4105 2.072010473
72 129 3 100 157266 2.072055580
10 29 3 100 38844 2.072061342
13 104 3 100 66707 2.072067583
59 39 3 100 481712 2.072139485
127 91 3 100 11981 2.072256243
34 15 3 100 25251 2.072272464
110 30 3 100 25471 2.072283836
64 109 3 100 28547 2.072290531
19 128 3 100 97037 2.072364827
39 130 3 100 72304 2.072369373
59 129 3 100 1927289 2.072394876
68 87 3 100 5109 2.072394921
33 45 3 100 9817 2.072399837
109 54 3 100 181549 2.072407810
85 2 3 100 48421 2.072454273
112 93 3 100 21302 2.072455101
63 99 3 100 41944 2.072483975
36 7 3 100 544642 2.072492834
100 131 3 100 27225 2.072520244
110 130 3 100 21559 2.072566210
80 129 3 100 3771 2.072569870
58 122 3 100 4424341 2.072685749
81 94 3 100 905509 2.072782759
111 63 3 100 28585 2.072785863
98 56 3 100 5285854 2.072789281
106 51 3 100 1027557 2.072789303
71 27 3 100 2455 2.072801175
114 13 3 100 6834 2.072807901
95 129 3 100 88720 2.072877707
94 129 3 100 279523 2.072941455
121 131 3 100 73592 2.072947356
2 67 3 100 1566157 2.072969102
119 79 3 100 864539 2.073001848
119 42 3 100 3706577 2.073056682
48 37 3 100 35417 2.073066500
36 104 3 100 4591106 2.073089852
34 99 3 100 4268734 2.073155719
57 49 3 100 3001631 2.073224610
110 128 3 100 53370 2.073238180
30 129 3 100 1322450 2.073242875
115 129 3 100 9584 2.073336561
39 66 3 100 19705 2.073363757
26 98 3 100 50687 2.073390721
25 51 3 100 914524 2.073423205
92 56 3 100 8695 2.073525640
95 107 3 100 138701 2.073551744
75 87 3 100 11769 2.073570615
112 71 3 100 4886520 2.073612964
60 131 3 100 1773426 2.073619248
76 130 3 100 104208 2.073639084
84 130 3 100 601510 2.073640997
50 56 3 100 179403 2.073683319
30 1 3 100 4782 2.073804366
31 11 3 100 4151793 2.073890030
50 76 3 100 1938546 2.073901088
36 56 3 100 756880 2.073912264
64 8 3 100 4176650 2.073929355
108 115 3 100 74706 2.073935412
35 130 3 100 7345 2.073990166
39 129 3 100 26467067 2.074052678
46 128 3 100 127292 2.074066758
90 40 3 100 1677 2.074086740
2 127 3 100 9416 2.074133842
69 105 3 100 3030169 2.074186416
63 26 3 100 666868 2.074230667
16 102 3 100 34498 2.074277255
76 115 3 100 34195 2.074289583
20 106 3 100 17497 2.074307832
14 128 3 100 2281 2.074314936
103 129 3 100 86616 2.074319831
0 128 3 100 1947722 2.074328352
35 115 3 100 49061 2.074361371
57 96 3 100 72321 2.074378965
90 2 3 100 1623992 2.074397959
110 48 3 100 497529 2.074444413
83 77 3 100 742952 2.074467558
39 4 3 100 8340738 2.074612404
31 37 3 100 4559446 2.074638312
107 130 3 100 6565520 2.074671186
13 131 3 100 27851 2.074712503
33 129 3 100 13502 2.074721965
114 55 3 100 1569027 2.074725113
93 105 3 100 4155247 2.074749541
86 108 3 100 36346 2.074775509
106 80 3 100 117388 2.074800539
114 108 3 100 19778 2.074898125
100 13 3 100 185157 2.074926916
91 116 3 100 8469588 2.074937427
78 128 3 100 63757 2.074989761
41 128 3 100 1070527 2.075054094
8 129 3 100 77072 2.075114718
26 32 3 100 9088741 2.075121140
37 75 3 100 70686 2.075141515
48 107 3 100 1559144 2.075223667
5 24 3 100 31277 2.075242318
116 31 3 100 28678 2.075279028
51 104 3 100 71247 2.075340704
93 57 3 100 5557002 2.075465140
12 131 3 100 2433879 2.075537079
65 131 3 100 9554 2.075678886
30 130 3 100 3194562 2.075779590
44 21 3 100 1223862 2.075806601
77 1 3 100 4693530 2.075919966
68 10 3 100 3577655 2.075968774
126 109 3 100 26432 2.075986679
23 78 3 100 25320 2.076024701
67 32 3 100 32040 2.076073392
105 66 3 100 240304 2.076186236
79 128 3 100 35022 2.076191184
39 130 3 100 64061 2.076200244
27 131 3 100 72978 2.076205171
122 96 3 100 6259239 2.076210446
20 4 3 100 8452430 2.076319521
59 65 3 100 3903 2.076339141
99 85 3 100 8936092 2.076341117
27 31 3 100 47534 2.076381732
73 50 3 100 30576 2.076383928
63 48 3 100 9595508 2.076445800
103 128 3 100 72616 2.076475490
95 128 3 100 138502 2.076487414
3 128 3 100 28892 2.076495140
48 58 3 100 20100 2.076500387
53 44 3 100 7817192 2.076565904
18 65 3 100 63972 2.076595385
5 102 3 100 1166980 2.076663277
87 5 3 100 6573348 2.076699627
117 16 3 100 8464 2.076712927
1 80 3 100 29271476 2.076721608
56 130 3 100 8853 2.076728909
96 128 3 100 2598465 2.076795088
94 131 3 100 41973 2.076814195
68 52 3 100 4284 2.076824294
63 33 3 100 25578 2.076849680
72 92 3 100 760813 2.076937938
26 12 3 100 26718704 2.076973026
103 96 3 100 78305 2.077035290
103 89 3 100 9750 2.077072552
75 6 3 100 68413 2.077079190
120 130 3 100 1925512 2.077088374
113 129 3 100 59739 2.077108037
36 128 3 100 77610 2.077114310
120 83 3 100 21973 2.077157405
70 74 3 100 4783006 2.077179091
73 37 3 100 5919717 2.077199218
29 46 3 100 17230138 2.077209937
67 13 3 100 26862 2.077248815
99 71 3 100 739782 2.077249579
126 99 3 100 7512749 2.077257817
33 130 3 100 8179 2.077284174
108 128 3 100 4208051 2.077295212
81 130 3 100 30356 2.077311886
30 102 3 100 39974 2.077359190
58 8 3 100 3716136 2.077407955
87 0 3 100 1525 2.077422249
43 77 3 100 6880 2.077465604
76 27 3 100 996341 2.077590365
13 80 3 100 4318343 2.077598442
98 9 3 100 60797 2.077683673
56 129 3 100 12849 2.077690633
67 128 3 100 60827 2.077708581
88 129 3 100 9512 2.077809925
3 53 3 100 4366919 2.077852445
37 125 3 100 21931 2.077895017
24 7 3 100 58323 2.077949312
110 107 3 100 5753939 2.077953755
20 68 3 100 10821 2.078008621
51 21 3 100 48773 2.078029022
103 73 3 100 57453 2.078098054
113 128 3 100 20402 2.078134716
13 129 3 100 65873 2.078162967
105 130 3 100 70739 2.078164108
9 39 3 100 190368 2.078179759
114 47 3 100 264655 2.078217380
108 92 3 100 3922370 2.078227473
49 36 3 100 125229 2.078244637
110 31 3 100 2364 2.078252292
115 30 3 100 5206255 2.078257749
116 62 3 100 367843 2.078268123
51 130 3 100 1299442 2.078272021
44 129 3 100 1071571 2.078324039
53 130 3 100 3514 2.078337846
116 60 3 100 1937507 2.078418602
10 9 3 100 4089 2.078430204
40 41 3 100 1040 2.078485355
22 53 3 100 293275 2.078488791
20 65 3 100 38328 2.078530519
15 121 3 100 37380 2.078531166
85 30 3 100 75812 2.078602546
43 131 3 100 9499 2.078603134
101 131 3 100 3023342 2.078620183
5 128 3 100 191513 2.078630303
123 19 3 100 1721041 2.078675081
13 67 3 100 47177 2.078684360
125 2 3 100 48987 2.078724161
51 126 3 100 44179 2.078726962
55 59 3 100 32973 2.078736791
4 83 3 100 3084219 2.078743821
110 64 3 100 4117776 2.078794360
59 131 3 100 1723531 2.078938687
126 131 3 100 66610 2.078944195
122 131 3 100 1361 2.079016346
111 1 3 100 16663 2.079045336
2 99 3 100 26421 2.079060024
83 44 3 100 7959 2.079084226
107 51 3 100 913949 2.079095279
120 12 3 100 38850 2.079102259
8 83 3 100 76078 2.079152479
31 51 3 100 514876 2.079213842
23 129 3 100 650132 2.079228076
58 129 3 100 772460 2.079283539
98 131 3 100 3594 2.079328100
32 45 3 100 71418 2.079347681
97 8 3 100 20338 2.079350466
31 66 3 100 9089193 2.079362166
35 40 3 100 795809 2.079370460
14 10 3 100 120323 2.079392703
4 97 3 100 6413635 2.079437704
36 100 3 100 2040 2.079531407
72 129 3 100 9058193 2.079535665
46 130 3 100 3294931 2.079591168
44 128 3 100 970910 2.079656022
5 7 3 100 2429660 2.079711799
102 56 3 100 515 2.079752361
43 102 3 100 38109 2.079786300
123 71 3 100 117 2.079809517
51 15 3 100 1703930 2.079826482
36 84 3 100 4632786 2.079854574
125 22 3 100 162476 2.079857521
56 130 3 100 23862 2.079869007
33 131 3 100 649765 2.079870202
46 129 3 100 4137 2.079902539
13 67 3 100 1957056 2.079918109
97 32 3 100 709821 2.079953799
24 18 3 100 22950380 2.079968592
56 16 3 100 18464 2.079977883
124 120 3 100 10657 2.079985578
32 56 3 100 4837 2.079994647
80 58 3 100 309841 2.080027409
90 129 3 100 7374681 2.080044011
55 128 3 100 3436449 2.080085816
98 129 3 100 5849 2.080115124
32 35 3 100 4083 2.080144191
110 83 3 100 34543 2.080161898
22 127 3 100 16061899 2.080247125
15 105 3 100 801198 2.080286606
6 7 3 100 71044 2.080362761
55 18 3 100 199669 2.080365091
61 26 3 100 146588 2.080365896
17 128 3 100 45374 2.080378111
72 128 3 100 23330 2.080386228
71 130 3 100 2055 2.080417064
14 68 3 100 1363333 2.080482853
106 86 3 100 492716 2.080517659
64 123 3 100 20517 2.080521922
80 5 3 100 42718 2.080533268
115 4 3 100 95546 2.080567434
81 44 3 100 2251158 2.080657689
6 124 3 100 9201811 2.080665400
75 130 3 100 4822692 2.080768116
62 131 3 100 1187817 2.080777658
39 130 3 100 55071 2.080792863
21 61 3 100 24671 2.080890374
27 10 3 100 4105 2.080895961
107 14 3 100 399123 2.080916643
127 93 3 100 79116 2.080964558
56 4 3 100 137690 2.080998810
115 101 3 100 4598039 2.081019009
7 17 3 100 1394091 2.081019698
106 130 3 100 886016 2.081020149
51 129 3 100 58773 2.081061870
44 129 3 100 9674 2.081061978
77 18 3 100 39779 2.081063905
20 90 3 100 316782 2.081117492
98 95 3 100 949535 2.081129391
63 51 3 100 71625 2.081152698
31 18 3 100 5893197 2.081163662
12 22 3 100 69065 2.081176410
95 128 3 100 4922947 2.081198419
27 130 3 100 42220 2.081295024
13 128 3 100 356815 2.081332423
103 32 3 100 6287404 2.081341684
119 54 3 100 6132194 2.081371233
114 12 3 100 158341 2.081371516
37 13 3 100 5256 2.081404426
87 2 3 100 6636 2.081510549
19 131 3 100 6905783 2.081553664
100 131 3 100 7583 2.081564754
0 129 3 100 990 2.081575155
12 100 3 100 76012 2.081579570
123 98 3 100 55972 2.081613136
78 91 3 100 28917173 2.081660764
1 29 3 100 35503 2.081662701
13 52 3 100 54980 2.081702723
98 118 3 100 2681 2.081711263
71 113 3 100 5572 2.081733886
52 131 3 100 21700 2.081764300
67 128 3 100 20360 2.081801719
86 131 3 100 1122947 2.081845816
76 51 3 100 1214508 2.081907119
2 102 3 100 315274 2.081975199
15 34 3 100 940663 2.081978829
6 81 3 100 83457 2.082011924
3 125 3 100 626505 2.082064040
76 110 3 100 1440342 2.082078666
96 21 3 100 8870 2.082087015
47 130 3 100 3031477 2.082134901
51 129 3 100 176225 2.082173505
48 130 3 100 331167 2.082178352
120 114 3 100 20550 2.082207474
65 41 3 100 17661883 2.082261087
71 34 3 100 70364 2.082282066
97 63 3 100 222206 2.082297646
64 73 3 100 4577660 2.082312321
92 11 3 100 3770716 2.082359201
11 123 3 100 47759 2.082360906
112 130 3 100 29930 2.082380789
119 129 3 100 13551 2.082398821
49 128 3 100 46369 2.082402090
15 28 3 100 10777 2.082554803
104 33 3 100 174584 2.082599686
19 87 3 100 49807 2.082610383
33 57 3 100 137627 2.082673747
103 104 3 100 6185 2.082696810
126 55 3 100 27989 2.082707841
23 72 3 100 78763 2.082757609
25 128 3 100 4429 2.082780117
57 130 3 100 198991 2.082817970
99 130 3 100 25120 2.082840848
49 72 3 100 1637531 2.082859113
55 50 3 100 3749463 2.082862178
81 30 3 100 27944 2.082864181
125 86 3 100 694868 2.082868416
9 23 3 100 50404 2.082871085
121 105 3 100 3844699 2.082892070
77 25 3 100 1103643 2.082901801
6 129 3 100 1325872 2.082982350
79 128 3 100 2692174 2.083031478
27 130 3 100 727577 2.083161443
69 36 3 100 75900 2.083180433
121 13 3 100 37536 2.083215906
36 14 3 100 2279 2.083241646
120 71 3 100 9122734 2.083344482
47 106 3 100 161368 2.083344879
41 5 3 100 8134 2.083357645
84 17 3 100 1550348 2.083360141
45 128 3 100 55437 2.083381682
11 131 3 100 16760 2.083406707
121 130 3 100 7547 2.083412039
108 83 3 100 16043202 2.083467995
33 69 3 100 2500462 2.083524449
24 89 3 100 1251480 2.083532617
18 79 3 100 970675 2.083554984
39 83 3 100 75353 2.083563666
25 76 3 100 5290749 2.083586548
35 95 3 100 1047695 2.083634971
119 129 3 100 59326 2.083641037
118 131 3 100 13549 2.083684578
53 131 3 100 53469 2.083694714
90 115 3 100 1537867 2.083753027
110 92 3 100 108625 2.083779832
92 42 3 100 1116 2.083788791
25 60 3 100 30549 2.083819329
7 36 3 100 824947 2.083842480
9 95 3 100 42544 2.083898578
76 52 3 100 54846 2.083909401
84 128 3 100 698768 2.083915000
29 128 3 100 25834 2.083993202
89 130 3 100 27602 2.083999769
111 35 3 100 10480 2.084021235
67 5 3 100 8757 2.084021239
124 15 3 100 29183 2.084029031
85 90 3 100 1722601 2.084042505
121 89 3 100 2848538 2.084064581
5 63 3 100 1780791 2.084130173
70 130 3 100 4130 2.084172037
37 129 3 100 1079890 2.084210353
72 131 3 100 4989189 2.084244211
27 2 3 100 121680 2.084287703
107 18 3 100 359478 2.084315443
24 38 3 100 3044352 2.084338858
116 42 3 100 2884506 2.084435675
58 95 3 100 77455 2.084447355
15 98 3 100 64282 2.084472171
55 97 3 100 64215 2.084478185
12 131 3 100 3878873 2.084521347
10 128 3 100 140130 2.084532414
58 128 3 100 77984 2.084600591
96 103 3 100 25734 2.084608992
89 44 3 100 4236681 2.084617491
108 51 3 100 6666 2.084627084
104 42 3 100 2430 2.084628082
126 26 3 100 2609866 2.084635045
48 32 3 100 66393 2.084698740
90 47 3 100 49752 2.084742175
90 129 3 100 7669486 2.084855428
111 131 3 100 4188432 2.084871946
29 131 3 100 27454 2.084885988
26 50 3 100 56003 2.084939836
48 66 3 100 751770 2.084961872
8 122 3 100 4011691 2.084977461
37 98 3 100 1411594 2.085015739
115 30 3 100 35866 2.085031813
52 35 3 100 355587 2.085036577
102 32 3 100 439 2.085045440
54 128 3 100 92401 2.085118890
122 130 3 100 7418 2.085147636
72 128 3 100 16980 2.085215606
47 92 3 100 42562 2.085242096
113 79 3 100 7905669 2.085249850
82 42 3 100 1275230 2.085256524
89 13 3 100 4949215 2.085303586
13 97 3 100 8082 2.085594891
86 51 3 100 194512 2.085611817
116 4 3 100 53700 2.085637966
103 128 3 100 47964 2.085735012
110 131 3 100 4536780 2.085774579
95 130 3 100 66808 2.085816006
42 29 3 100 1599742 2.085817280
120 98 3 100 55170 2.085862226
99 92 3 100 131056 2.085992441
82 10 3 100 658468 2.086019358
56 58 3 100 801380 2.086078915
26 49 3 100 12983 2.086184824
95 35 3 100 21306 2.086197110
124 128 3 100 1572280 2.086204217
10 131 3 100 9380 2.086296428
123 130 3 100 37687 2.086305543
91 63 3 100 6629974 2.086314207
109 12 3 100 1069014 2.086441275
91 56 3 100 4098600 2.086486329
40 5 3 100 2041203 2.086517381
39 125 3 100 6391603 2.086587772
41 74 3 100 24594 2.086639733
43 63 3 100 6557075 2.086798606
110 131 3 100 5116650 2.086837936
24 131 3 100 42320 2.086864746
63 131 3 100 4728468 2.086877134
98 26 3 100 184228 2.086884800
2 64 3 100 1747539 2.086933078
115 106 3 100 25740 2.087213987
121 87 3 100 10124 2.087226270
32 115 3 100 9521 2.087231559
45 50 3 100 9708 2.087271815
111 10 3 100 384765 2.087282166
66 129 3 100 60470 2.087353819
48 129 3 100 8490428 2.087381786
12 128 3 100 32863 2.087384923
92 55 3 100 1220209 2.087474412
125 121 3 100 2014594 2.087478853
85 80 3 100 8435479 2.087593007
91 65 3 100 40177 2.087597144
59 4 3 100 27047 2.087598262
26 4 3 100 46043 2.087632352
81 98 3 100 2226 2.087635262
23 131 3 100 284685 2.087679648
38 129 3 100 6850040 2.087689371
125 130 3 100 1114236 2.087705432
21 70 3 100 20320 2.087779436
55 47 3 100 123476 2.087805111
95 63 3 100 17885 2.087838207
55 10 3 100 52370 2.087861146
47 43 3 100 51781 2.087885208
110 49 3 100 77514 2.087900419
69 31 3 100 78954 2.087987614
86 130 3 100 8983 2.088024799
40 131 3 100 29094137 2.088040908
76 128 3 100 4472236 2.088051905
37 116 3 100 730631 2.088064089
41 76 3 100 5902 2.088124887
58 121 3 100 79689 2.088140199
89 118 3 100 901 2.088177316
126 93 3 100 874462 2.088193735
67 63 3 100 63216 2.088249642
20 131 3 100 5933 2.088256714
111 130 3 100 3802438 2.088326592
7 129 3 100 47133 2.088378366
90 86 3 100 9264 2.088443403
34 74 3 100 7234572 2.088475214
26 60 3 100 36013 2.088575139
127 27 3 100 60282 2.088608709
5 99 3 100 148774 2.088648435
122 24 3 100 558674 2.088669682
119 81 3 100 49539 2.088759133
125 130 3 100 48963 2.088763720
119 128 3 100 39311 2.088971636
14 130 3 100 990185 2.089044067
62 114 3 100 5990 2.089070478
87 26 3 100 9720 2.089072814
21 94 3 100 6850 2.089081779
23 118 3 100 7273 2.089111453
95 20 3 100 19648 2.089127452
112 128 3 100 92873 2.089223747
114 129 3 100 2912644 2.089223944
113 130 3 100 3089 2.089260116
45 53 3 100 282 2.089344320
60 27 3 100 9162968 2.089467984
54 98 3 100 51316 2.089522212
60 29 3 100 70223 2.089595303
8 63 3 100 4873703 2.089627556
119 77 3 100 9366 2.089676826
23 129 3 100 1366026 2.089687976
72 130 3 100 61503 2.089688403
53 128 3 100 9360 2.089698857
105 92 3 100 4509242 2.089703027
4 6 3 100 9042 2.089774956
104 93 3 100 67257 2.089780584
101 76 3 100 1059 2.089808414
42 55 3 100 238088 2.089813045
24 48 3 100 61166 2.089819888
123 129 3 100 29482913 2.089822457
74 130 3 100 10631 2.089846190
115 129 3 100 6224096 2.089857897
23 88 3 100 398935 2.089858311
78 46 3 100 3921243 2.089863477
53 124 3 100 9459 2.089987189
44 61 3 100 55569 2.090054376
89 55 3 100 71666 2.090069241
57 111 3 100 203712 2.090096462
77 128 3 100 13220 2.090159526
14 131 3 100 41129 2.090173624
106 101 3 100 6098823 2.090205042
41 50 3 100 371473 2.090277834
63 71 3 100 1583480 2.090325187
24 20 3 100 1914107 2.090341108
42 89 3 100 5726 2.090428789
46 24 3 100 25318 2.090455764
87 75 3 100 7908118 2.090465243
70 131 3 100 31457 2.090485793
90 113 3 100 8278 2.090555779
10 114 3 100 8128 2.090572021
50 59 3 100 56298 2.090584903
75 20 3 100 178087 2.090593368
30 25 3 100 39223 2.090636597
51 125 3 100 5021435 2.090638280
70 69 3 100 11842 2.090779233
48 131 3 100 97495 2.090827608
63 131 3 100 3230 2.090844511
52 130 3 100 55064 2.090874498
115 75 3 100 8972 2.090878612
0 119 3 100 2675198 2.090918874
102 28 3 100 7239140 2.090941317
97 109 3 100 7141214 2.090942584
92 15 3 100 50930 2.091011320
56 43 3 100 60588 2.091088382
72 124 3 100 9658 2.091120459
6 128 3 100 666582 2.091123481
77 131 3 100 22493 2.091144098
9 130 3 100 22736 2.091166307
125 64 3 100 3244992 2.091242246
121 12 3 100 604807 2.091310753
81 90 3 100 21826 2.091336115
0 58 3 100 17393 2.091373556
85 29 3 100 4692 2.091381075
18 114 3 100 1910276 2.091382515
52 128 3 100 22646 2.091472264
111 128 3 100 412188 2.091521615
58 128 3 100 19656 2.091598919
24 53 3 100 44685 2.091738245
4 83 3 100 53355 2.091775714
42 83 3 100 2659063 2.091808486
112 101 3 100 4655650 2.091895553
45 55 3 100 2153235 2.091936781
115 92 3 100 129789 2.091960056
110 128 3 100 12479734 2.091974024
44 129 3 100 2216645 2.091984754
57 61 3 100 2245 2.092014990
123 110 3 100 1009 2.092026634
58 102 3 100 19004 2.092105203
3 20 3 100 167025 2.092131335
62 97 3 100 37746 2.092161998
0 129 3 100 62559 2.092345388
12 129 3 100 22943 2.092382859
33 129 3 100 38173 2.092511520
123 108 3 100 1869420 2.092643140
62 47 3 100 1093088 2.092835242
37 12 3 100 323933 2.092877377
125 104 3 100 1324598 2.092882894
26 130 3 100 5125724 2.092922362
79 129 3 100 28033 2.092935341
4 129 3 100 23328404 2.092952922
30 18 3 100 53737 2.093015769
102 48 3 100 1045362 2.093040400
2 12 3 100 3101698 2.093052676
70 67 3 100 63738 2.093071171
86 105 3 100 3489228 2.093071517
47 18 3 100 22647 2.093078857
107 45 3 100 63644 2.093170490
125 130 3 100 4678349 2.093188573
87 131 3 100 51106 2.093232506
16 130 3 100 2005946 2.093297043
51 52 3 100 3439 2.093298940
117 44 3 100 78726 2.093416898
108 106 3 100 50461 2.093479044
117 46 3 100 4059 2.093491725
75 70 3 100 72053 2.093589235
60 131 3 100 22227 2.093630356
61 130 3 100 6650576 2.093705377
75 64 3 100 2507309 2.093761621
91 64 3 100 4635037 2.093762398
61 75 3 100 46119 2.093771994
14 10 3 100 45123 2.093813665
86 65 3 100 20076 2.093835586
5 78 3 100 21937 2.093882565
28 56 3 100 907015 2.094059042
117 131 3 100 4742 2.094095502
63 130 3 100 576802 2.094101495
93 129 3 100 94636 2.094122183
83 0 3 100 3417134 2.094159444
46 97 3 100 56398 2.094173078
40 46 3 100 3037 2.094189155
24 110 3 100 3405998 2.094221878
87 86 3 100 2941722 2.094226348
18 4 3 100 7993 2.094375199
20 87 3 100 396496 2.094419282
82 131 3 100 13249 2.094426266
76 128 3 100 34989 2.094493766
84 129 3 100 3546345 2.094514684
46 124 3 100 558424 2.094557037
89 11 3 100 701545 2.094587644
81 29 3 100 6345 2.094589422
105 4 3 100 981341 2.094727356
116 128 3 100 13206209 2.094734985
12 129 3 100 6495 2.094760393
127 105 3 100 2249287 2.094812540
103 74 3 100 9673 2.094946962
42 50 3 100 18988 2.094953200
2 41 3 100 8494333 2.094970264
26 130 3 100 56224 2.095025837
42 127 3 100 74044 2.095240749
110 17 3 100 59384 2.095249383
2 101 3 100 1984774 2.095327583
30 131 3 100 1573131 2.095552131
64 4 3 100 2964812 2.095582363
106 7 3 100 6354681 2.095603593
40 27 3 100 11229 2.095710506
9 67 3 100 2956 2.095713751
76 129 3 100 25159 2.095775609
28 131 3 100 816489 2.095781980
45 128 3 100 64517 2.095825455
56 116 3 100 29864 2.095839418
126 77 3 100 4157 2.096034497
12 83 3 100 53119 2.096128034
21 82 3 100 5016 2.096129541
64 118 3 100 1122126 2.096173578
16 129 3 100 8628229 2.096269305
2 89 3 100 6686732 2.096323602
50 23 3 100 8268 2.096328260
14 97 3 100 1823495 2.096374041
126 130 3 100 10662 2.096550118
2 129 3 100 3216 2.096554517
75 49 3 100 9466 2.096557051
3 25 3 100 26387 2.096598299
85 72 3 100 9013769 2.096817475
21 62 3 100 17697 2.097009947
84 122 3 100 73393 2.097022248
99 3 3 100 22292 2.097025409
76 102 3 100 1826860 2.097070965
117 42 3 100 9550409 2.097170064
102 20 3 100 44808 2.097402226
46 110 3 100 787382 2.097448349
14 129 3 100 7789948 2.097498298
65 128 3 100 20847 2.097508093
34 37 3 100 66372 2.097627716
100 66 3 100 28662 2.097769653
107 0 3 100 60872 2.097903078
100 75 3 100 4484257 2.097926780
117 0 3 100 20912 2.098005462
107 130 3 100 9271 2.098041110
43 102 3 100 75293 2.098259463
81 128 3 100 25979 2.098281262
113 34 3 100 4984 2.098458352
73 118 3 100 519778 2.098517649
30 129 3 100 25503 2.098664181
117 59 3 100 91104 2.098820747
73 10 3 100 50337 2.099569620
