2749 
55 59 3 100 41202 2.000029885
61 130 3 100 20568 2.000070712
119 131 3 100 6166 2.000133312
37 129 3 100 249941 2.000206988
97 131 3 100 4163 2.000313473
84 130 3 100 6265 2.000347033
95 129 3 100 2071470 2.000377359
75 131 3 100 730415 2.000390992
59 128 3 100 1214580 2.000412597
29 130 3 100 78162 2.000426748
102 44 3 100 755328 2.000531293
22 129 3 100 28912 2.000533069
6 131 3 100 46604 2.000561639
37 129 3 100 705133 2.000616555
14 131 3 100 8145689 2.000671554
111 128 3 100 1980180 2.000804202
41 128 3 100 7822853 2.000804480
42 129 3 100 53530 2.000817907
115 131 3 100 2175 2.000838172
17 129 3 100 4673209 2.000871351
5 95 3 100 1403 2.000947413
101 129 3 100 9582858 2.001010256
101 130 3 100 76985 2.001074713
24 131 3 100 4144 2.001186935
113 130 3 100 37588 2.001215797
114 129 3 100 55751 2.001231817
122 129 3 100 7599 2.001249467
68 128 3 100 24110 2.001250072
22 129 3 100 1321523 2.001278470
89 129 3 100 21561 2.001300809
5 96 3 100 25430 2.001309567
119 130 3 100 2380 2.001331115
69 131 3 100 943880 2.001357604
97 129 3 100 5716434 2.001366907
116 128 3 100 67784 2.001484807
82 130 3 100 4024510 2.001503750
1 129 3 100 116023 2.001511364
79 130 3 100 1180275 2.001524743
66 129 3 100 7190 2.001569505
110 128 3 100 22445 2.001632789
90 94 3 100 4023 2.001643218
48 129 3 100 1254192 2.001651866
106 130 3 100 29461 2.001701342
118 131 3 100 74684 2.001823599
12 128 3 100 66246 2.001897418
53 128 3 100 1364 2.001937349
32 130 3 100 2418555 2.001972054
40 129 3 100 1188866 2.001992440
42 130 3 100 8710 2.002085818
64 129 3 100 6053177 2.002088038
114 105 3 100 93156 2.002151312
124 131 3 100 8534800 2.002209376
59 129 3 100 3609093 2.002246544
24 131 3 100 174617 2.002269892
71 129 3 100 1213912 2.002271267
35 128 3 100 27652 2.002311285
127 129 3 100 4184447 2.002443998
34 130 3 100 22412250 2.002460593
58 129 3 100 49444 2.002487240
14 129 3 100 10251 2.002506785
103 32 3 100 28345 2.002519324
57 128 3 100 44812 2.002548142
57 131 3 100 55060 2.002584364
53 131 3 100 20572 2.002594043
61 130 3 100 101556 2.002632390
58 129 3 100 5993 2.002722083
27 131 3 100 7786 2.002723725
64 128 3 100 39251 2.002896284
83 129 3 100 53245 2.003038824
1 129 3 100 20964403 2.003161149
59 75 3 100 1958686 2.003238384
14 129 3 100 49864 2.003245889
22 131 3 100 6595 2.003273537
123 128 3 100 35142 2.003328982
32 131 3 100 137923 2.003537067
108 128 3 100 52446 2.003602228
67 128 3 100 29920 2.003611785
117 129 3 100 5066 2.003626399
5 128 3 100 218551 2.003696720
93 128 3 100 25624 2.003708283
110 69 3 100 112501 2.003726077
26 131 3 100 47361 2.003756333
10 129 3 100 17815 2.003774859
9 131 3 100 1676876 2.003894882
50 128 3 100 177919 2.003948083
95 129 3 100 6711 2.003994629
66 128 3 100 52964 2.004000779
85 130 3 100 51947 2.004012680
120 128 3 100 58308 2.004035067
114 129 3 100 22714 2.004070347
59 108 3 100 61210 2.004118696
91 130 3 100 1929940 2.004136527
104 130 3 100 7957740 2.004222084
66 129 3 100 8506 2.004229578
66 128 3 100 3816268 2.004234701
63 130 3 100 571967 2.004261861
18 128 3 100 38034 2.004292271
126 130 3 100 805037 2.004309666
96 129 3 100 48446 2.004376237
125 129 3 100 78696 2.004432859
101 107 3 100 4260421 2.004433881
55 131 3 100 19135 2.004451917
5 128 3 100 588549 2.004478152
104 130 3 100 33828 2.004496944
121 131 3 100 5078081 2.004557722
80 128 3 100 59631 2.004622784
6 129 3 100 4079553 2.004632094
38 128 3 100 3332188 2.004725017
79 129 3 100 1067411 2.004728899
111 128 3 100 99617 2.004796182
77 92 3 100 63920 2.004878546
127 131 3 100 15306 2.004900375
46 128 3 100 23703 2.004902744
124 130 3 100 191090 2.004912529
119 130 3 100 19626 2.004933969
113 128 3 100 65828 2.004936628
99 130 3 100 457523 2.004979965
61 131 3 100 33933 2.004980907
14 128 3 100 2821573 2.004986804
13 129 3 100 6983048 2.005044337
20 73 3 100 9383 2.005045868
106 130 3 100 69302 2.005083630
97 131 3 100 2398396 2.005089702
108 129 3 100 3223726 2.005128422
98 130 3 100 6090964 2.005140814
95 130 3 100 8678 2.005145231
59 131 3 100 3482044 2.005167135
58 129 3 100 51395 2.005173521
71 130 3 100 5621004 2.005187738
83 128 3 100 9348895 2.005219722
26 5 3 100 14114671 2.005299587
16 130 3 100 22454 2.005308579
89 131 3 100 39355 2.005333345
108 130 3 100 230247 2.005387575
46 128 3 100 119531 2.005423025
87 128 3 100 1018 2.005427759
30 130 3 100 9703885 2.005428550
17 128 3 100 3152910 2.005459051
124 128 3 100 659 2.005483233
48 131 3 100 7331015 2.005485842
103 29 3 100 200703 2.005497189
95 129 3 100 27465 2.005521460
121 129 3 100 342222 2.005558377
101 130 3 100 3401133 2.005573083
54 131 3 100 27685 2.005573429
40 128 3 100 82540 2.005648293
55 131 3 100 6428234 2.005693184
17 131 3 100 162597 2.005702461
34 128 3 100 265048 2.005777115
16 131 3 100 3411632 2.005821198
101 37 3 100 4547654 2.005850200
114 129 3 100 8862976 2.005894159
45 130 3 100 1050375 2.005901426
45 131 3 100 1928985 2.005920951
71 129 3 100 1669187 2.005989838
87 131 3 100 29003 2.006002259
119 130 3 100 6891 2.006029970
23 130 3 100 667998 2.006093805
59 131 3 100 59350 2.006096054
30 128 3 100 2613 2.006119134
38 105 3 100 904035 2.006135457
98 128 3 100 9255457 2.006151707
126 128 3 100 26123 2.006156633
90 129 3 100 95184 2.006158825
81 128 3 100 4217 2.006195113
41 129 3 100 70183 2.006252155
68 129 3 100 4303 2.006414683
45 130 3 100 4155791 2.006438390
72 128 3 100 8856 2.006457425
58 131 3 100 384010 2.006515826
55 102 3 100 21558 2.006518009
1 128 3 100 27355 2.006542426
24 129 3 100 5933 2.006586518
10 131 3 100 57680 2.006598577
24 128 3 100 67694 2.006639121
117 128 3 100 594494 2.006726225
84 128 3 100 4685151 2.006800526
16 129 3 100 65799 2.006833362
37 130 3 100 37680 2.006876166
79 128 3 100 7793259 2.006901962
64 101 3 100 4086643 2.006906444
19 129 3 100 1896500 2.006915332
101 128 3 100 5431 2.007016954
125 130 3 100 55724 2.007050984
76 129 3 100 1676943 2.007053850
17 131 3 100 66205 2.007064014
56 128 3 100 8156893 2.007186507
121 131 3 100 53965 2.007213632
101 129 3 100 315010 2.007302895
6 129 3 100 8933728 2.007376317
71 126 3 100 40036 2.007469167
118 131 3 100 1743855 2.007483484
100 131 3 100 9066 2.007493382
30 128 3 100 53816 2.007519640
126 131 3 100 52018 2.007527818
40 131 3 100 66221 2.007653960
48 130 3 100 4306 2.007672827
37 128 3 100 17534 2.007681188
59 131 3 100 13171 2.007719113
41 131 3 100 9203 2.007743778
61 8 3 100 568421 2.007745126
31 129 3 100 2812 2.007753638
80 131 3 100 158675 2.007774561
98 129 3 100 2322717 2.007775336
115 129 3 100 4166634 2.007802313
67 130 3 100 106138 2.007834273
46 129 3 100 541069 2.007838669
44 128 3 100 1407 2.007879923
64 130 3 100 1543148 2.007897040
45 130 3 100 48276 2.007969393
57 72 3 100 5920 2.008011991
71 131 3 100 630688 2.008018027
36 128 3 100 8949 2.008020582
90 130 3 100 73596 2.008041955
64 129 3 100 15532 2.008042031
24 130 3 100 68047 2.008054789
62 130 3 100 32855 2.008066687
121 131 3 100 1041783 2.008100183
11 128 3 100 52251 2.008122843
70 129 3 100 3708108 2.008127264
62 15 3 100 1488167 2.008137844
62 130 3 100 14063 2.008147302
61 130 3 100 9049 2.008172868
41 128 3 100 22938 2.008261574
30 130 3 100 53288 2.008277366
82 130 3 100 26643 2.008320084
20 129 3 100 845184 2.008346347
112 131 3 100 20881 2.008359149
32 128 3 100 2598 2.008407716
50 130 3 100 46187 2.008500581
116 99 3 100 9147 2.008503591
0 129 3 100 32301 2.008538549
104 130 3 100 24294 2.008584517
63 131 3 100 15377 2.008613798
103 131 3 100 136305 2.008622263
54 129 3 100 27525 2.008658879
6 130 3 100 1297072 2.008663570
107 131 3 100 49204 2.008703063
110 129 3 100 1627721 2.008708931
108 129 3 100 1251128 2.008756456
14 111 3 100 953 2.008775842
34 130 3 100 22000823 2.008800082
36 131 3 100 53327 2.008818696
116 131 3 100 28057 2.008835433
124 128 3 100 58605 2.008841061
111 129 3 100 2997 2.008849228
20 131 3 100 9638 2.008849845
27 128 3 100 889517 2.008857543
77 131 3 100 69245 2.008915918
3 128 3 100 42616 2.008928637
12 16 3 100 9430 2.008944887
41 131 3 100 4377 2.008968443
49 130 3 100 75468 2.008970822
85 130 3 100 65890 2.009056714
117 128 3 100 144430 2.009079857
89 129 3 100 42308 2.009088116
82 130 3 100 27613 2.009145564
118 128 3 100 31953 2.009149347
36 130 3 100 84000 2.009159572
56 128 3 100 5173 2.009184898
82 121 3 100 3585241 2.009193363
55 128 3 100 20076 2.009204753
69 131 3 100 19496 2.009216220
73 131 3 100 29953 2.009300606
84 128 3 100 22712 2.009343501
49 128 3 100 58589 2.009380302
8 131 3 100 6790392 2.009386959
6 129 3 100 32 2.009529382
20 130 3 100 1087237 2.009595712
85 129 3 100 3991152 2.009628870
16 118 3 100 40485 2.009652166
82 130 3 100 40131 2.009674861
25 131 3 100 2665862 2.009723346
119 129 3 100 563661 2.009745733
84 130 3 100 20475 2.009754071
120 129 3 100 11763 2.009786513
17 130 3 100 12358151 2.009794491
96 128 3 100 18217 2.009797667
3 128 3 100 5748750 2.009803154
36 130 3 100 11643640 2.009867175
47 10 3 100 28782 2.009891412
26 129 3 100 51811 2.009961187
22 129 3 100 57680 2.009974674
12 128 3 100 5259097 2.010044191
92 130 3 100 6197 2.010236847
45 129 3 100 37002 2.010302980
114 131 3 100 7324551 2.010337058
114 129 3 100 1819449 2.010352957
42 131 3 100 24576682 2.010373256
105 129 3 100 22744 2.010380339
23 110 3 100 1962 2.010396344
69 128 3 100 29811 2.010544336
85 129 3 100 79727 2.010550458
46 129 3 100 38184 2.010573871
58 130 3 100 168565 2.010588884
45 130 3 100 22316 2.010594861
84 131 3 100 48591 2.010617587
0 128 3 100 68632 2.010661736
60 129 3 100 6624173 2.010756583
72 131 3 100 7261771 2.010851092
61 39 3 100 58614 2.010861090
86 131 3 100 1585 2.010868911
111 130 3 100 38258 2.010882515
26 128 3 100 738895 2.010912536
41 130 3 100 16477 2.010918157
114 128 3 100 1981971 2.010940466
34 130 3 100 30969 2.010983169
52 131 3 100 166151 2.011025141
77 129 3 100 47247 2.011068796
69 130 3 100 803708 2.011074908
117 28 3 100 61554 2.011136823
88 130 3 100 1291298 2.011174220
112 129 3 100 654792 2.011203265
77 128 3 100 2063223 2.011215227
48 130 3 100 15277701 2.011220385
50 130 3 100 43201 2.011321371
12 131 3 100 5175 2.011324212
28 129 3 100 1850225 2.011330682
28 131 3 100 153425 2.011452300
29 128 3 100 786702 2.011455458
36 51 3 100 3919 2.011531054
35 128 3 100 4575844 2.011570803
35 130 3 100 29214 2.011605807
77 128 3 100 41415 2.011652166
74 131 3 100 67847 2.011745599
111 128 3 100 3926733 2.011824116
59 130 3 100 48828 2.011839526
14 130 3 100 19518 2.011851618
94 131 3 100 20918 2.011855514
17 130 3 100 27171 2.011878139
61 83 3 100 43582 2.011944478
20 129 3 100 9405 2.012001461
22 128 3 100 23639777 2.012079412
59 129 3 100 8961925 2.012101138
67 130 3 100 3552889 2.012200482
10 128 3 100 716091 2.012201386
123 128 3 100 1307917 2.012313524
58 131 3 100 53294 2.012396243
78 130 3 100 46877 2.012407118
84 128 3 100 44387 2.012431390
118 20 3 100 38033 2.012446958
121 130 3 100 178314 2.012459601
125 128 3 100 6883 2.012469647
77 130 3 100 475948 2.012501718
54 129 3 100 7681 2.012533977
41 128 3 100 21389 2.012537248
45 128 3 100 28683 2.012544156
107 131 3 100 1940 2.012626705
62 130 3 100 1029461 2.012662659
32 131 3 100 4643 2.012675522
54 108 3 100 76100 2.012714545
34 128 3 100 1842180 2.012760688
39 128 3 100 8055 2.012771304
16 130 3 100 9952 2.012792301
53 129 3 100 54213 2.012818438
121 131 3 100 4448635 2.012820338
52 129 3 100 77129 2.012835523
77 131 3 100 79225 2.012861103
15 131 3 100 40005 2.012923873
80 129 3 100 26552 2.012931529
27 65 3 100 1085109 2.012943610
47 129 3 100 2766 2.012982296
101 129 3 100 17197478 2.013005298
75 128 3 100 2440 2.013021909
38 129 3 100 67620 2.013026108
113 131 3 100 3389234 2.013091079
55 128 3 100 8836813 2.013093971
29 130 3 100 76672 2.013104616
58 129 3 100 1743094 2.013164813
20 131 3 100 2823047 2.013203389
2 6 3 100 5385 2.013274752
20 130 3 100 1559507 2.013296102
7 129 3 100 61292 2.013420982
14 129 3 100 3849 2.013480082
48 128 3 100 939 2.013565326
112 129 3 100 61202 2.013580430
36 129 3 100 8663139 2.013618853
111 128 3 100 5617 2.013619569
122 131 3 100 3482 2.013709211
105 128 3 100 8406 2.013850239
69 52 3 100 29389 2.013871256
119 128 3 100 15092 2.013943887
74 128 3 100 17587175 2.013948898
92 128 3 100 6936 2.013954925
92 131 3 100 7518242 2.014003833
71 130 3 100 78802 2.014035967
92 129 3 100 1817160 2.014047061
63 129 3 100 795 2.014198914
15 130 3 100 771 2.014223523
67 130 3 100 24812481 2.014232990
101 52 3 100 37421 2.014244958
18 128 3 100 7948 2.014288326
111 129 3 100 27605 2.014345923
90 130 3 100 43522 2.014372807
32 130 3 100 74133 2.014401331
0 129 3 100 794893 2.014427751
15 128 3 100 3559444 2.014475039
33 129 3 100 2892784 2.014542598
12 131 3 100 14875981 2.014562375
73 128 3 100 32233 2.014640550
62 69 3 100 26219 2.014643481
30 128 3 100 63579 2.014665954
70 130 3 100 4431717 2.014679820
64 130 3 100 54810 2.014754050
24 131 3 100 30692 2.014818739
53 130 3 100 129536 2.014931105
26 129 3 100 169178 2.014938928
28 130 3 100 17352875 2.014950598
127 128 3 100 5267540 2.014966881
14 130 3 100 53130 2.015067126
125 15 3 100 483411 2.015086803
105 128 3 100 101997 2.015093693
76 131 3 100 76243 2.015305822
44 130 3 100 1118300 2.015392997
52 131 3 100 4123 2.015428068
40 129 3 100 193625 2.015473408
56 130 3 100 34853 2.015479182
119 128 3 100 7439 2.015531284
104 131 3 100 9597 2.015594316
108 128 3 100 138225 2.015698386
76 68 3 100 1364 2.015727510
31 128 3 100 1541257 2.015755094
119 129 3 100 2380 2.015839075
14 130 3 100 1751506 2.015859306
91 130 3 100 3390358 2.015897106
101 131 3 100 45691 2.015971855
75 129 3 100 2964398 2.016037917
123 131 3 100 10060 2.016056013
36 130 3 100 64039 2.016148678
49 131 3 100 25465 2.016161704
124 35 3 100 5849 2.016166062
114 130 3 100 312801 2.016166923
114 128 3 100 1202644 2.016187990
37 129 3 100 30136 2.016203846
126 129 3 100 1878352 2.016242885
2 128 3 100 1642994 2.016281363
6 128 3 100 186953 2.016292334
124 130 3 100 13629 2.016384660
0 130 3 100 51309 2.016445196
106 128 3 100 4534610 2.016494683
102 117 3 100 30718 2.016515436
38 128 3 100 28810 2.016535339
69 130 3 100 2292 2.016598676
12 131 3 100 1017007 2.016638531
118 131 3 100 21303 2.016720648
108 128 3 100 26664 2.016737839
121 129 3 100 38466 2.016780687
15 128 3 100 69481 2.016821156
23 131 3 100 4423 2.016875434
32 130 3 100 350884 2.016928523
87 67 3 100 20156 2.016940519
5 128 3 100 47836 2.017030825
69 131 3 100 7359448 2.017145030
90 128 3 100 741417 2.017192921
107 130 3 100 39834 2.017215345
80 131 3 100 7975 2.017237507
51 129 3 100 169175 2.017258575
5 130 3 100 1539222 2.017259689
19 129 3 100 29949 2.017296499
66 128 3 100 79423 2.017318138
57 64 3 100 34793 2.017385943
47 131 3 100 36809 2.017434985
127 130 3 100 21471 2.017455782
37 131 3 100 8158 2.017468566
91 130 3 100 4273662 2.017471176
106 128 3 100 504606 2.017511663
106 129 3 100 26548 2.017606361
37 130 3 100 196719 2.017612206
91 129 3 100 70546 2.017627305
61 129 3 100 20426371 2.017641659
66 38 3 100 41337 2.017655821
99 130 3 100 75586 2.017679279
93 128 3 100 3148745 2.017681513
50 131 3 100 24759 2.017717054
64 131 3 100 9477 2.017738690
118 128 3 100 23802 2.017764743
105 130 3 100 64753 2.017775285
5 131 3 100 8462798 2.017815111
101 129 3 100 344742 2.017817241
55 128 3 100 15084 2.017848175
15 67 3 100 8611333 2.017849545
51 129 3 100 2726 2.017925164
85 128 3 100 73913 2.018040742
61 128 3 100 51072 2.018042968
105 130 3 100 28401 2.018064408
17 129 3 100 3132 2.018098618
41 131 3 100 16817 2.018120871
26 131 3 100 912 2.018132311
102 130 3 100 1480 2.018186151
86 130 3 100 3456313 2.018271492
43 31 3 100 48752 2.018304922
59 129 3 100 4242 2.018394681
90 130 3 100 51170 2.018414609
48 129 3 100 68761 2.018418322
50 128 3 100 2892 2.018427453
22 129 3 100 8633 2.018455770
0 131 3 100 163700 2.018476202
9 130 3 100 14329 2.018555367
14 130 3 100 379485 2.018555583
88 128 3 100 4991658 2.018609663
121 92 3 100 7941 2.018659854
53 129 3 100 15845 2.018709925
70 131 3 100 25779 2.018712060
119 129 3 100 971208 2.018714544
70 130 3 100 28497 2.018726519
92 128 3 100 45277 2.018755492
115 129 3 100 24354 2.018768817
5 129 3 100 50916 2.018972078
78 128 3 100 61516 2.019001015
53 130 3 100 2824693 2.019074072
55 108 3 100 267 2.019076298
37 131 3 100 17585 2.019110791
121 131 3 100 4034831 2.019124624
70 128 3 100 5194 2.019125106
62 128 3 100 9180206 2.019139371
31 130 3 100 53361 2.019161116
44 131 3 100 25843 2.019174386
83 129 3 100 120859 2.019175208
81 128 3 100 39488 2.019239490
127 130 3 100 71638 2.019348021
9 48 3 100 26169 2.019414160
109 129 3 100 15338 2.019420474
36 130 3 100 940236 2.019472327
114 130 3 100 1795 2.019508103
58 129 3 100 2362298 2.019508546
89 130 3 100 4812561 2.019544923
115 128 3 100 27945 2.019551189
6 129 3 100 69917 2.019566423
73 130 3 100 9174 2.019608869
62 130 3 100 945837 2.019616256
105 14 3 100 4628951 2.019626364
24 128 3 100 17869 2.019634652
89 129 3 100 7308974 2.019643540
54 130 3 100 191297 2.019646060
125 131 3 100 1990443 2.019669580
7 128 3 100 20767105 2.019680780
29 128 3 100 1546441 2.019703262
68 129 3 100 357513 2.019752990
99 129 3 100 1220436 2.019805459
89 131 3 100 427310 2.019871189
16 117 3 100 2540849 2.019879590
51 130 3 100 77104 2.019927396
85 130 3 100 1723538 2.019946314
56 131 3 100 9380176 2.020075027
79 128 3 100 28261 2.020097427
72 131 3 100 25072 2.020135569
102 131 3 100 63989 2.020172506
93 130 3 100 7323 2.020201481
25 130 3 100 5367 2.020212755
52 129 3 100 7868 2.020242056
65 109 3 100 967182 2.020252369
107 128 3 100 1900448 2.020259463
72 128 3 100 22305 2.020275095
61 131 3 100 8790 2.020375134
22 128 3 100 7530546 2.020418038
91 129 3 100 4779 2.020572383
100 131 3 100 24432540 2.020619505
62 128 3 100 15442 2.020695189
83 131 3 100 1475517 2.020705653
46 131 3 100 5417504 2.020707587
40 1 3 100 1721573 2.020713946
61 129 3 100 938105 2.020774856
47 131 3 100 234386 2.020800421
30 131 3 100 73665 2.020801046
122 129 3 100 1545944 2.020828736
102 130 3 100 23538 2.020846475
103 129 3 100 8141362 2.020854902
101 130 3 100 2077146 2.020860641
47 130 3 100 1384579 2.020875894
95 130 3 100 1431 2.020889794
122 42 3 100 37837 2.020917183
120 129 3 100 1421204 2.020917299
63 129 3 100 12316 2.020976787
90 128 3 100 118475 2.021012018
1 128 3 100 39828 2.021015338
125 131 3 100 3400498 2.021018480
5 128 3 100 1927302 2.021050105
22 130 3 100 3539687 2.021087614
93 131 3 100 1315024 2.021106752
54 128 3 100 31101 2.021107597
61 16 3 100 4820288 2.021116774
94 128 3 100 29717 2.021149432
85 130 3 100 720494 2.021227921
69 130 3 100 2978 2.021249162
97 129 3 100 1194732 2.021293556
9 131 3 100 914365 2.021301405
115 131 3 100 29620 2.021334802
38 131 3 100 1530273 2.021351354
85 131 3 100 63206 2.021368301
65 130 3 100 132849 2.021409424
20 23 3 100 8110 2.021424621
64 131 3 100 22539 2.021451048
26 130 3 100 7443 2.021489510
55 131 3 100 4118515 2.021496623
119 128 3 100 1751431 2.021561023
24 128 3 100 6697197 2.021625307
115 130 3 100 3704160 2.021642766
11 128 3 100 23668 2.021723816
26 130 3 100 5613 2.021776751
5 131 3 100 20018 2.021808609
44 71 3 100 14421 2.021826905
75 128 3 100 28327 2.021834867
111 130 3 100 1684707 2.021934989
96 129 3 100 551231 2.022057191
116 128 3 100 64120 2.022082692
77 131 3 100 65765 2.022103695
114 129 3 100 48678 2.022114316
78 131 3 100 3049 2.022132548
89 129 3 100 4228716 2.022160324
25 131 3 100 1104374 2.022170404
76 56 3 100 5963640 2.022213020
63 131 3 100 3653735 2.022216121
78 128 3 100 4842878 2.022240509
122 129 3 100 28962 2.022243783
106 129 3 100 28426 2.022250902
97 131 3 100 1839997 2.022270830
102 128 3 100 6468 2.022273069
126 129 3 100 721390 2.022275039
40 128 3 100 23553954 2.022375180
114 130 3 100 4919166 2.022434047
111 127 3 100 2919 2.022443725
70 129 3 100 133441 2.022450707
76 130 3 100 69878 2.022581697
124 130 3 100 615319 2.022586898
17 130 3 100 7148292 2.022596851
22 129 3 100 7159093 2.022598005
77 130 3 100 660161 2.022698460
61 131 3 100 5995 2.022706473
91 128 3 100 9316913 2.022723382
26 129 3 100 3854 2.022892541
22 41 3 100 2882 2.022912424
120 131 3 100 17416778 2.022917683
8 128 3 100 48918 2.022952662
26 130 3 100 182924 2.022979641
87 130 3 100 1996091 2.022984095
73 129 3 100 66635 2.023035167
10 128 3 100 97183 2.023107904
13 131 3 100 988144 2.023115333
72 129 3 100 3828735 2.023150681
53 131 3 100 9098 2.023164389
11 124 3 100 6216091 2.023166531
48 131 3 100 7441 2.023235253
5 128 3 100 188179 2.023256054
104 131 3 100 7558998 2.023307812
92 131 3 100 23081 2.023310588
36 131 3 100 354444 2.023326326
67 129 3 100 16300810 2.023348769
98 129 3 100 36739 2.023389731
34 129 3 100 1071649 2.023445725
1 129 3 100 3846 2.023468081
36 90 3 100 3366 2.023472589
29 131 3 100 7431938 2.023480039
120 130 3 100 9481201 2.023502746
120 130 3 100 990 2.023562760
69 131 3 100 29120 2.023604959
4 130 3 100 7098 2.023632562
34 130 3 100 8022138 2.023741593
58 128 3 100 1294142 2.023754532
83 128 3 100 1200306 2.023778388
53 130 3 100 4794545 2.023831480
45 113 3 100 173729 2.023873482
20 129 3 100 21252 2.023972177
28 130 3 100 6764074 2.024019011
69 129 3 100 33686 2.024082489
9 130 3 100 39569 2.024112677
24 130 3 100 23751 2.024189930
123 131 3 100 74543 2.024234595
28 131 3 100 487039 2.024285358
69 128 3 100 1470354 2.024286832
119 131 3 100 5727385 2.024333731
54 69 3 100 106046 2.024356556
57 131 3 100 61896 2.024394475
67 128 3 100 491799 2.024477159
25 129 3 100 967373 2.024486706
79 131 3 100 79197 2.024492236
117 131 3 100 1371832 2.024497316
59 131 3 100 78422 2.024503031
117 130 3 100 20194 2.024613396
120 128 3 100 28595 2.024678487
61 129 3 100 17478 2.024705734
9 42 3 100 5180 2.024754644
37 129 3 100 61894 2.024757312
50 130 3 100 40713 2.024773877
101 130 3 100 7418 2.024775663
79 128 3 100 65845 2.024790764
51 130 3 100 205567 2.024804004
108 131 3 100 78677 2.024847408
24 130 3 100 67927 2.024874419
22 129 3 100 2100982 2.024964303
8 129 3 100 1698047 2.024970899
105 83 3 100 34887 2.024998318
2 128 3 100 77697 2.025109677
7 130 3 100 1823759 2.025115804
100 129 3 100 60747 2.025128255
59 131 3 100 5896 2.025128981
2 131 3 100 7129 2.025158167
104 128 3 100 273245 2.025185137
5 128 3 100 380158 2.025228418
86 129 3 100 11100089 2.025274155
82 129 3 100 686028 2.025367877
126 100 3 100 808 2.025371085
65 130 3 100 22951 2.025384639
118 130 3 100 1420011 2.025453432
18 129 3 100 35655 2.025538972
101 130 3 100 27396 2.025578100
54 129 3 100 2574101 2.025634862
85 128 3 100 21798 2.025729357
38 131 3 100 298655 2.025772246
17 131 3 100 298609 2.025797461
119 131 3 100 866363 2.025832674
31 58 3 100 56121 2.025833388
85 129 3 100 6393 2.025843443
71 130 3 100 23131 2.025843738
5 131 3 100 6805159 2.025846111
123 129 3 100 77985 2.025902109
57 128 3 100 29907 2.025964013
108 130 3 100 26931 2.026044518
22 131 3 100 158292 2.026072343
1 130 3 100 888047 2.026139956
34 128 3 100 6148 2.026149081
6 72 3 100 1405386 2.026206011
3 130 3 100 68529 2.026283711
30 130 3 100 32955 2.026317079
53 128 3 100 1160466 2.026323840
113 128 3 100 83233 2.026340315
50 131 3 100 25301 2.026360566
22 131 3 100 192596 2.026437748
45 128 3 100 1365695 2.026493768
63 129 3 100 28003 2.026509724
28 130 3 100 6533937 2.026573193
111 80 3 100 1083531 2.026617576
114 130 3 100 6731 2.026649665
22 130 3 100 46572 2.026679416
61 129 3 100 47670 2.026732123
98 129 3 100 36244 2.026734136
118 128 3 100 61723 2.026776517
53 130 3 100 23202 2.026816297
110 129 3 100 1088 2.026821234
93 129 3 100 7789947 2.026830840
7 129 3 100 2634815 2.026840993
111 11 3 100 24201 2.026861714
84 129 3 100 72 2.026868816
118 128 3 100 220262 2.026952494
127 130 3 100 66669 2.026956664
36 129 3 100 7229015 2.027169057
45 128 3 100 8356 2.027172524
72 128 3 100 3719181 2.027177296
76 131 3 100 1237826 2.027212438
45 128 3 100 2895 2.027224199
95 129 3 100 16202 2.027236411
91 16 3 100 928551 2.027257139
86 131 3 100 2910 2.027277181
56 130 3 100 777250 2.027294914
121 130 3 100 6737230 2.027299500
101 128 3 100 5285352 2.027401591
62 129 3 100 5854154 2.027445208
72 131 3 100 73723 2.027461823
55 129 3 100 3139880 2.027486219
112 129 3 100 429778 2.027547604
39 129 3 100 24061 2.027555123
124 5 3 100 62276 2.027566496
3 131 3 100 7175 2.027609723
98 130 3 100 36693 2.027644662
76 130 3 100 8638 2.027651603
5 131 3 100 40887 2.027680663
81 130 3 100 97163 2.027808313
81 130 3 100 64746 2.027853986
42 130 3 100 20437 2.027885267
37 130 3 100 66136 2.027901349
107 131 3 100 736 2.027927555
6 13 3 100 3548060 2.028077315
33 130 3 100 8323 2.028091208
102 129 3 100 3781162 2.028123218
19 130 3 100 1340333 2.028128956
56 129 3 100 64762 2.028129709
33 130 3 100 10885808 2.028133777
11 129 3 100 113190 2.028179599
14 131 3 100 68554 2.028200839
44 129 3 100 34230 2.028223991
9 130 3 100 1710970 2.028226055
112 84 3 100 75827 2.028236013
13 128 3 100 9117 2.028275851
84 129 3 100 33274 2.028301228
100 131 3 100 36352 2.028331132
119 131 3 100 30054 2.028350660
3 129 3 100 12671 2.028350967
72 129 3 100 7951 2.028373035
51 131 3 100 309032 2.028529059
114 129 3 100 46600 2.028534924
38 129 3 100 4331949 2.028669956
99 124 3 100 1477706 2.028694387
3 131 3 100 51380 2.028710325
118 131 3 100 375974 2.028717917
36 129 3 100 352856 2.028755520
17 131 3 100 30892 2.028817442
93 131 3 100 438171 2.028829732
126 130 3 100 3091 2.028850500
34 128 3 100 78557 2.028867780
13 129 3 100 104956 2.028874274
81 130 3 100 3308 2.028889326
115 38 3 100 139431 2.029005121
126 130 3 100 1782315 2.029069364
17 129 3 100 4875511 2.029105034
25 130 3 100 3872728 2.029118964
75 130 3 100 233000 2.029122910
3 130 3 100 22807 2.029126203
15 129 3 100 3096152 2.029131183
21 128 3 100 4722 2.029140973
31 128 3 100 8440 2.029214115
42 130 3 100 72405 2.029215720
37 64 3 100 15708 2.029226225
66 131 3 100 84548 2.029303939
18 131 3 100 3309813 2.029347136
48 131 3 100 20053 2.029364548
27 128 3 100 1778778 2.029415771
113 128 3 100 64291 2.029458912
48 130 3 100 7017 2.029483569
48 128 3 100 81355 2.029517101
86 131 3 100 1482 2.029520077
4 130 3 100 23669 2.029556869
73 41 3 100 8600990 2.029597201
118 130 3 100 581194 2.029647432
99 131 3 100 5614893 2.029692501
91 130 3 100 20469 2.029707112
120 131 3 100 21606 2.029728701
71 129 3 100 72252 2.029757039
21 130 3 100 72288 2.029761493
74 129 3 100 19147 2.029769513
35 131 3 100 3106 2.029789548
120 130 3 100 15054 2.029908257
113 51 3 100 25605 2.029918956
112 129 3 100 2654750 2.029953120
121 130 3 100 2788723 2.029962418
80 128 3 100 39477 2.030021259
61 129 3 100 36904 2.030031941
32 128 3 100 14812 2.030065387
73 128 3 100 4127 2.030084455
90 131 3 100 161152 2.030105394
63 129 3 100 42024 2.030146852
106 131 3 100 1231756 2.030167028
80 127 3 100 38354 2.030227700
101 129 3 100 26721 2.030232416
55 129 3 100 299328 2.030236403
77 128 3 100 53608 2.030272157
40 129 3 100 26839 2.030376742
52 128 3 100 19846 2.030436347
15 129 3 100 16742 2.030463847
81 131 3 100 678237 2.030478672
72 131 3 100 31713 2.030526507
13 128 3 100 81356 2.030543982
98 24 3 100 1555611 2.030575583
50 131 3 100 703595 2.030679560
69 131 3 100 49125 2.030689400
85 130 3 100 1477848 2.030725598
54 131 3 100 6502 2.030772117
38 130 3 100 45890 2.030831018
112 128 3 100 8092118 2.030873083
55 131 3 100 882552 2.030906523
20 130 3 100 1915463 2.031114927
83 129 3 100 70594 2.031191611
42 84 3 100 24360 2.031200219
74 129 3 100 1912161 2.031208017
37 129 3 100 14647980 2.031227724
12 130 3 100 19618663 2.031244657
122 131 3 100 5992 2.031247011
65 128 3 100 6681 2.031256770
119 131 3 100 4627982 2.031307708
62 129 3 100 6686 2.031307951
106 129 3 100 70784 2.031477211
2 129 3 100 21505 2.031539999
72 23 3 100 2166 2.031620912
30 130 3 100 678162 2.031634735
69 128 3 100 16290709 2.031642124
21 130 3 100 107738 2.031652236
120 128 3 100 23025 2.031675497
108 131 3 100 32835 2.031728254
25 129 3 100 4951874 2.031742645
62 131 3 100 5567 2.031756584
7 131 3 100 120809 2.031757116
11 131 3 100 13745 2.031767641
19 111 3 100 1681439 2.031951676
46 128 3 100 1946 2.031973217
121 129 3 100 3027946 2.032106797
120 128 3 100 28661 2.032109021
27 129 3 100 951458 2.032125090
110 131 3 100 20599 2.032170069
86 128 3 100 5348042 2.032176611
68 128 3 100 17485537 2.032185018
11 129 3 100 923919 2.032185405
62 130 3 100 5513790 2.032217568
54 75 3 100 7307 2.032239568
111 130 3 100 4869203 2.032291517
70 128 3 100 1081886 2.032297779
120 128 3 100 27140 2.032333684
50 130 3 100 1386004 2.032336454
32 128 3 100 1860 2.032370292
51 131 3 100 6902 2.032425624
14 130 3 100 28224 2.032432940
5 128 3 100 598403 2.032463423
103 128 3 100 30071 2.032515920
110 95 3 100 1914870 2.032578639
3 130 3 100 14155515 2.032673186
72 130 3 100 6209576 2.032767965
24 128 3 100 27267 2.032812187
76 130 3 100 7619070 2.032936882
81 131 3 100 24232 2.032945899
80 131 3 100 158695 2.032984857
57 128 3 100 4735174 2.033018927
8 128 3 100 15027 2.033021640
127 131 3 100 100285 2.033093970
85 38 3 100 596 2.033113448
80 130 3 100 36843 2.033146182
18 131 3 100 1297275 2.033184369
114 128 3 100 2580 2.033202712
46 130 3 100 8128319 2.033261960
100 131 3 100 22752 2.033268420
44 129 3 100 19354 2.033326261
110 131 3 100 22659 2.033346994
49 128 3 100 11664 2.033351746
126 129 3 100 3051922 2.033358996
8 63 3 100 1656136 2.033383926
38 129 3 100 10038 2.033430628
110 131 3 100 4235364 2.033450536
39 129 3 100 2293 2.033461849
27 129 3 100 195919 2.033465838
73 128 3 100 5432472 2.033507462
83 128 3 100 16208 2.033526058
116 131 3 100 1357647 2.033640834
80 130 3 100 784647 2.033653249
8 128 3 100 1745455 2.033670433
105 19 3 100 9575219 2.033766500
101 128 3 100 26490 2.033781095
16 128 3 100 16910 2.033804071
86 128 3 100 69875 2.033878797
15 130 3 100 218460 2.033910471
116 131 3 100 44511 2.033943279
111 131 3 100 696521 2.034041786
63 131 3 100 9845069 2.034097586
74 128 3 100 60857 2.034136529
47 129 3 100 5302664 2.034149522
48 7 3 100 1264292 2.034150373
43 128 3 100 77372 2.034222310
65 130 3 100 75866 2.034223312
67 130 3 100 589196 2.034403213
125 131 3 100 166624 2.034470546
84 128 3 100 184732 2.034564545
97 131 3 100 944056 2.034594157
45 128 3 100 1032908 2.034636669
89 130 3 100 1311129 2.034693503
61 129 3 100 34674 2.034730605
12 46 3 100 57788 2.034748812
37 129 3 100 20565 2.034753049
119 128 3 100 1455692 2.034816531
3 131 3 100 700243 2.034842448
71 131 3 100 5987615 2.034865282
4 131 3 100 24373 2.034877812
122 129 3 100 5380190 2.034884745
91 131 3 100 78789 2.034905620
75 130 3 100 26298 2.034920303
52 130 3 100 52395 2.034931613
72 91 3 100 1230701 2.035054029
6 129 3 100 3155010 2.035079832
66 131 3 100 1103 2.035108010
48 131 3 100 25136 2.035113306
97 130 3 100 49679 2.035115834
66 128 3 100 4078936 2.035118805
16 129 3 100 29937 2.035125124
56 130 3 100 12737 2.035187721
97 128 3 100 2273515 2.035259044
107 130 3 100 4637534 2.035264869
123 76 3 100 5588 2.035269445
105 131 3 100 1355290 2.035304103
30 128 3 100 11139 2.035307033
99 128 3 100 6019 2.035316608
53 131 3 100 6146546 2.035322944
9 130 3 100 4180 2.035335864
32 131 3 100 10467 2.035355627
76 129 3 100 4970947 2.035369785
60 129 3 100 16478 2.035390692
42 129 3 100 3884276 2.035412355
3 61 3 100 4522680 2.035601091
102 131 3 100 7617268 2.035616672
119 131 3 100 22801773 2.035617108
36 131 3 100 6067030 2.035618172
76 128 3 100 139533 2.035618197
58 129 3 100 5871 2.035640940
51 131 3 100 18098 2.035656286
21 128 3 100 62545 2.035699266
37 129 3 100 25313 2.035723390
123 129 3 100 61007 2.035795873
62 8 3 100 79363 2.035837284
113 131 3 100 500534 2.035879031
0 128 3 100 104070 2.035891829
21 130 3 100 8730 2.035916130
93 128 3 100 5251974 2.035979111
121 129 3 100 4805645 2.036014027
88 130 3 100 8353 2.036032604
52 129 3 100 53900 2.036068184
97 129 3 100 1679668 2.036128567
124 130 3 100 712183 2.036189900
10 118 3 100 28289 2.036234748
27 129 3 100 150877 2.036362929
27 128 3 100 11178 2.036373510
61 130 3 100 769508 2.036388616
51 130 3 100 412226 2.036416024
85 128 3 100 40908 2.036429569
77 131 3 100 28368 2.036547910
124 131 3 100 40898 2.036556089
108 128 3 100 29887 2.036634576
47 129 3 100 18666 2.036636882
1 27 3 100 1212517 2.036673674
55 128 3 100 21633 2.036685263
13 130 3 100 169309 2.036701949
8 131 3 100 9840512 2.036731581
42 129 3 100 31416 2.036765204
36 128 3 100 27843 2.036794816
91 130 3 100 28716443 2.036814218
99 129 3 100 1756 2.036833391
32 131 3 100 4009871 2.036867493
4 128 3 100 55371 2.036886575
3 32 3 100 336495 2.036983130
118 130 3 100 28913 2.037004409
34 129 3 100 7708662 2.037025704
18 129 3 100 40960 2.037103100
4 129 3 100 2741481 2.037115587
60 131 3 100 120684 2.037146078
85 130 3 100 31472 2.037151261
69 131 3 100 29440 2.037161650
54 129 3 100 3077915 2.037208243
108 128 3 100 126936 2.037211135
79 55 3 100 84 2.037237225
52 128 3 100 1860818 2.037262214
3 129 3 100 4746 2.037317065
113 128 3 100 46211 2.037319119
7 129 3 100 7566161 2.037433650
127 129 3 100 56975 2.037446320
118 130 3 100 2488772 2.037448022
43 129 3 100 1823 2.037456220
106 130 3 100 2039144 2.037467820
78 128 3 100 138161 2.037495719
2 62 3 100 4564961 2.037525200
7 129 3 100 2790067 2.037566198
125 129 3 100 39461 2.037584500
35 128 3 100 73790 2.037606008
110 131 3 100 7153483 2.037656831
115 131 3 100 71856 2.037702583
61 130 3 100 130479 2.037865217
108 130 3 100 50642 2.037866052
123 130 3 100 77494 2.037972444
1 131 3 100 56014 2.037982628
14 115 3 100 21343 2.037983950
122 128 3 100 1350832 2.037991602
77 131 3 100 2240134 2.037993102
67 131 3 100 47365 2.038193879
89 130 3 100 42240 2.038244740
123 131 3 100 78683 2.038295332
94 130 3 100 8929 2.038296723
48 128 3 100 22900 2.038309237
45 129 3 100 1764489 2.038373730
38 128 3 100 40164 2.038391346
77 68 3 100 3134 2.038403916
58 129 3 100 8513798 2.038440829
96 128 3 100 9535492 2.038481103
61 128 3 100 4663 2.038482173
39 131 3 100 903858 2.038494148
72 128 3 100 73320 2.038526352
35 128 3 100 11096 2.038526894
36 129 3 100 64615 2.038527928
11 128 3 100 66105 2.038601444
69 128 3 100 15054 2.038602946
122 95 3 100 21170 2.038722964
95 128 3 100 299661 2.038732460
17 131 3 100 4206818 2.038737882
69 128 3 100 7283497 2.038802399
46 128 3 100 989524 2.038863611
41 131 3 100 41292 2.038879328
73 131 3 100 5149682 2.038881740
0 129 3 100 1799 2.038914516
38 128 3 100 1114999 2.038973610
91 130 3 100 8032509 2.038975108
101 13 3 100 2837506 2.039019730
68 128 3 100 51794 2.039055110
21 128 3 100 135474 2.039094502
6 130 3 100 1475432 2.039108531
10 130 3 100 50640 2.039135936
126 129 3 100 27369 2.039143876
93 131 3 100 117 2.039152749
104 130 3 100 396018 2.039160612
105 129 3 100 7871408 2.039179404
59 129 3 100 45905 2.039182838
71 35 3 100 1635 2.039187186
81 131 3 100 1871499 2.039293007
11 131 3 100 21482 2.039368973
47 129 3 100 3500859 2.039385232
48 131 3 100 160418 2.039434610
98 128 3 100 8887028 2.039521163
74 130 3 100 8351 2.039554377
108 131 3 100 11655300 2.039575394
30 131 3 100 146548 2.039588407
125 131 3 100 3944947 2.039616387
69 27 3 100 23265 2.039621472
9 130 3 100 620114 2.039681978
14 128 3 100 837051 2.039735860
111 128 3 100 37492 2.039806433
2 129 3 100 461 2.039813925
58 128 3 100 294312 2.039847995
5 131 3 100 20125 2.039857897
41 128 3 100 120049 2.039929541
49 131 3 100 29282600 2.039994333
44 128 3 100 7869 2.040028546
9 45 3 100 69325 2.040037221
33 130 3 100 45633 2.040114397
56 129 3 100 65488 2.040122600
100 128 3 100 1400434 2.040131628
89 128 3 100 10513 2.040158820
36 129 3 100 4835612 2.040224373
48 129 3 100 535633 2.040234365
26 128 3 100 29524 2.040251738
81 130 3 100 1679260 2.040280156
0 129 3 100 12933 2.040304107
97 2 3 100 9509 2.040381791
127 129 3 100 1006942 2.040395997
116 130 3 100 184355 2.040413791
115 128 3 100 52132 2.040453520
8 128 3 100 2171 2.040497297
26 131 3 100 1262499 2.040504284
74 130 3 100 34641 2.040506798
45 128 3 100 4232 2.040543016
121 131 3 100 52819 2.040549412
100 129 3 100 3917704 2.040632399
118 61 3 100 1841525 2.040768177
0 130 3 100 16676 2.040772436
36 128 3 100 4857724 2.040796152
13 129 3 100 2593560 2.040847105
62 129 3 100 15775647 2.040859293
118 130 3 100 5221242 2.040880677
106 130 3 100 9338 2.040888247
77 128 3 100 53689 2.040920450
23 130 3 100 43421 2.040922392
107 131 3 100 250424 2.040931331
88 2 3 100 29213780 2.040932997
48 129 3 100 36473 2.040943743
119 128 3 100 4366 2.040962830
98 129 3 100 6391880 2.040991276
2 129 3 100 1033 2.041021163
95 131 3 100 26761 2.041028682
106 129 3 100 144125 2.041036869
32 129 3 100 37562 2.041053429
127 129 3 100 69247 2.041059166
81 128 3 100 88196 2.041128892
16 68 3 100 22890 2.041159980
108 131 3 100 38704 2.041233106
41 130 3 100 4883518 2.041233357
20 131 3 100 68470 2.041267676
40 128 3 100 62015 2.041285060
93 129 3 100 79652 2.041294969
9 128 3 100 627496 2.041352659
17 128 3 100 1421528 2.041358572
97 131 3 100 48639 2.041365529
83 130 3 100 23566 2.041497446
35 71 3 100 1511997 2.041570357
27 128 3 100 3873452 2.041626179
25 130 3 100 1176065 2.041652681
25 131 3 100 7609031 2.041655377
65 128 3 100 59991 2.041658700
47 128 3 100 5133 2.041661222
1 128 3 100 1843833 2.041673874
77 131 3 100 182532 2.041705085
20 129 3 100 4621083 2.041715560
7 131 3 100 106508 2.041717230
80 57 3 100 25315 2.041845893
114 130 3 100 869246 2.041861062
14 128 3 100 16025 2.041995512
18 129 3 100 40912 2.042054607
44 131 3 100 101799 2.042062697
78 128 3 100 73964 2.042066117
75 130 3 100 3401792 2.042067178
5 129 3 100 26018 2.042149268
68 128 3 100 753389 2.042149822
91 130 3 100 44159 2.042150936
22 29 3 100 1993414 2.042166633
24 128 3 100 25334 2.042169562
82 128 3 100 9117419 2.042201327
3 131 3 100 1711249 2.042207452
68 128 3 100 9993 2.042222309
3 130 3 100 42507 2.042266449
45 131 3 100 32968 2.042321445
10 131 3 100 490016 2.042342825
68 130 3 100 909122 2.042364398
120 129 3 100 7811637 2.042397304
13 33 3 100 11992905 2.042431216
50 128 3 100 150326 2.042432138
50 130 3 100 1864939 2.042492953
50 129 3 100 34040 2.042497824
115 128 3 100 2122804 2.042576149
107 130 3 100 9442131 2.042584472
27 131 3 100 1335925 2.042589507
108 129 3 100 1828595 2.042643850
35 131 3 100 4831 2.042655428
72 129 3 100 25155 2.042719984
23 50 3 100 53185 2.042757528
77 128 3 100 5358155 2.042780749
25 128 3 100 16731 2.042843209
22 131 3 100 20578 2.042881360
89 128 3 100 194143 2.042910911
85 129 3 100 66116 2.042964506
112 129 3 100 8865386 2.043040482
1 131 3 100 74306 2.043092560
66 129 3 100 255356 2.043167281
56 131 3 100 48826 2.043196918
16 73 3 100 81918 2.043224824
34 128 3 100 4278041 2.043231061
91 129 3 100 36593 2.043237758
0 129 3 100 161235 2.043330918
12 131 3 100 699805 2.043332183
34 131 3 100 1479 2.043355648
101 130 3 100 23075 2.043407253
91 130 3 100 62052 2.043412253
30 129 3 100 898649 2.043429249
64 130 3 100 42844 2.043459405
79 52 3 100 792231 2.043474067
98 131 3 100 304343 2.043486730
85 128 3 100 937540 2.043507219
101 130 3 100 17641 2.043525578
118 128 3 100 10243338 2.043572684
109 131 3 100 1684766 2.043631735
110 131 3 100 5596 2.043665778
123 129 3 100 1770 2.043680686
59 129 3 100 1677574 2.043699553
57 131 3 100 1871854 2.043724713
101 127 3 100 30958 2.043763949
71 131 3 100 99990 2.043820057
12 131 3 100 79190 2.043854137
71 129 3 100 2140 2.043861927
86 131 3 100 7553 2.043900101
29 130 3 100 263898 2.043910026
101 129 3 100 50577 2.043948371
55 130 3 100 4359 2.043953045
107 129 3 100 26300 2.043961311
14 130 3 100 1037 2.044048783
59 3 3 100 31334 2.044066764
8 130 3 100 1169807 2.044087120
119 128 3 100 1882054 2.044105726
39 128 3 100 136158 2.044128104
110 130 3 100 59117 2.044171483
58 130 3 100 24823 2.044219540
105 129 3 100 214838 2.044305020
56 131 3 100 27109 2.044328098
110 128 3 100 55580 2.044379960
87 128 3 100 29485 2.044397861
14 66 3 100 2377462 2.044451327
4 128 3 100 2386960 2.044461635
93 130 3 100 38366 2.044472646
64 130 3 100 151306 2.044480082
27 131 3 100 57825 2.044581546
24 131 3 100 8269 2.044646214
20 128 3 100 497890 2.044653533
38 130 3 100 2750874 2.044674523
117 129 3 100 22818 2.044689364
44 130 3 100 827651 2.044696694
3 60 3 100 513017 2.044789416
102 130 3 100 118119 2.044828092
34 131 3 100 2191 2.044854656
94 131 3 100 147233 2.044877173
88 131 3 100 4674 2.044878273
35 128 3 100 66069 2.044896912
81 130 3 100 3836 2.044957177
77 131 3 100 50983 2.044995452
121 129 3 100 7534851 2.045014305
99 131 3 100 1981741 2.045079761
56 26 3 100 861408 2.045098598
95 129 3 100 2020 2.045115952
115 128 3 100 53937 2.045132130
79 128 3 100 145288 2.045169851
45 130 3 100 31083 2.045180314
56 130 3 100 2046568 2.045294342
52 128 3 100 78493 2.045331433
26 131 3 100 3961423 2.045338210
26 130 3 100 7179470 2.045343139
0 129 3 100 169286 2.045379821
62 99 3 100 910594 2.045406364
112 131 3 100 151785 2.045424070
60 128 3 100 22536 2.045436356
19 130 3 100 283901 2.045436601
4 128 3 100 798319 2.045543275
62 128 3 100 1802162 2.045562895
16 130 3 100 37879 2.045606985
81 131 3 100 65213 2.045621166
121 128 3 100 1877857 2.045677444
13 130 3 100 29532 2.045738345
77 16 3 100 94786 2.045745306
71 128 3 100 35743 2.045746280
110 129 3 100 873331 2.045754970
57 131 3 100 2433474 2.045812804
119 131 3 100 67522 2.045910607
114 129 3 100 453343 2.045911049
101 131 3 100 23788 2.045934254
114 128 3 100 6564345 2.045953585
64 128 3 100 105 2.046022004
73 128 3 100 148258 2.046076815
83 45 3 100 15981 2.046129250
44 130 3 100 30862 2.046228323
2 129 3 100 27119 2.046284350
110 129 3 100 4325 2.046310148
97 131 3 100 8073203 2.046400058
33 130 3 100 323679 2.046499259
58 128 3 100 85364 2.046512244
76 131 3 100 789502 2.046546871
4 130 3 100 1329688 2.046565802
82 130 3 100 856831 2.046613759
13 108 3 100 20607 2.046683262
114 129 3 100 30965 2.046684202
22 130 3 100 573389 2.046699309
41 130 3 100 12993 2.046814149
70 130 3 100 37528 2.046817179
49 130 3 100 459 2.046821028
14 129 3 100 6350 2.046946968
36 130 3 100 886575 2.047041550
104 128 3 100 39395 2.047079682
40 128 3 100 37498 2.047096660
51 105 3 100 25017 2.047194072
31 128 3 100 29349 2.047214874
85 129 3 100 70360 2.047237165
5 129 3 100 19172512 2.047268801
56 129 3 100 20917 2.047288510
122 128 3 100 4679306 2.047312471
89 128 3 100 72382 2.047339930
109 128 3 100 70221 2.047341639
36 128 3 100 8891 2.047359178
41 130 3 100 20143 2.047393362
18 126 3 100 1051117 2.047406862
3 128 3 100 146168 2.047407418
111 128 3 100 22205 2.047539506
12 130 3 100 8461419 2.047560098
14 128 3 100 28086 2.047697258
26 128 3 100 8141334 2.047699371
64 131 3 100 49809 2.047762157
94 128 3 100 27045379 2.047763242
127 128 3 100 599457 2.047773972
15 130 3 100 45464 2.047775462
81 76 3 100 2081758 2.047838405
8 131 3 100 42139 2.047851656
67 130 3 100 33479 2.047854668
98 131 3 100 8772 2.047879339
32 129 3 100 15780 2.047999912
34 128 3 100 30897 2.048057135
39 131 3 100 694975 2.048137810
14 130 3 100 32641 2.048145993
97 131 3 100 1220891 2.048200796
105 129 3 100 4903479 2.048225155
104 20 3 100 47332 2.048300406
92 128 3 100 618240 2.048315465
14 129 3 100 3836050 2.048322200
69 129 3 100 53101 2.048430747
35 131 3 100 2562 2.048436957
103 131 3 100 9206725 2.048440491
95 128 3 100 977297 2.048447926
65 129 3 100 3611560 2.048477277
109 131 3 100 93809 2.048495377
55 130 3 100 8809 2.048503038
103 18 3 100 41172 2.048533177
81 130 3 100 38380 2.048631198
106 131 3 100 494663 2.048632604
31 130 3 100 815677 2.048704798
60 130 3 100 4440107 2.048725103
61 131 3 100 4098560 2.048786878
39 129 3 100 33425 2.048810749
39 129 3 100 1094570 2.048813313
63 128 3 100 75946 2.048827274
92 129 3 100 18872 2.048897795
92 55 3 100 3939741 2.048906300
87 131 3 100 2280 2.048994108
0 128 3 100 42297 2.048994805
81 129 3 100 2389872 2.049066396
10 130 3 100 60411 2.049222207
46 130 3 100 6157 2.049273856
14 130 3 100 6433 2.049305929
95 131 3 100 254644 2.049329083
64 130 3 100 1026322 2.049356425
63 129 3 100 161122 2.049387018
116 90 3 100 66703 2.049440877
59 128 3 100 858 2.049484866
43 131 3 100 5619690 2.049485537
65 131 3 100 18483 2.049527462
90 128 3 100 56629 2.049563375
69 131 3 100 61727 2.049563891
42 131 3 100 44716 2.049566979
53 130 3 100 1833483 2.049639140
23 128 3 100 4069 2.049809601
122 129 3 100 14499046 2.049910235
13 5 3 100 716939 2.050011867
42 131 3 100 75457 2.050091377
28 129 3 100 1290995 2.050160180
38 129 3 100 118716 2.050202128
34 129 3 100 69662 2.050222104
79 131 3 100 30041 2.050289394
27 130 3 100 5056683 2.050330973
15 131 3 100 1340065 2.050372133
22 128 3 100 1397555 2.050417383
26 128 3 100 4937 2.050488689
12 10 3 100 5235 2.050496372
60 129 3 100 75642 2.050510500
64 128 3 100 47570 2.050545036
27 129 3 100 20104 2.050599086
14 128 3 100 897959 2.050624913
43 131 3 100 2682485 2.050654890
6 129 3 100 4602816 2.050691461
105 128 3 100 973969 2.050763654
66 128 3 100 46926 2.050774010
32 131 3 100 21814 2.050780689
77 60 3 100 398068 2.050802701
100 131 3 100 2808 2.050803602
32 129 3 100 31495 2.050878047
92 131 3 100 1612781 2.050897900
50 129 3 100 179 2.050927114
0 128 3 100 6028 2.051124857
122 128 3 100 217229 2.051142818
49 130 3 100 183916 2.051163003
94 128 3 100 66130 2.051169127
39 128 3 100 3589004 2.051269290
16 52 3 100 19095 2.051275815
123 130 3 100 5511 2.051282672
39 129 3 100 740193 2.051282918
32 130 3 100 123432 2.051295250
65 128 3 100 779075 2.051342614
25 128 3 100 9944305 2.051345064
110 128 3 100 20284 2.051392117
8 130 3 100 9012 2.051418026
0 131 3 100 199647 2.051493287
43 128 3 100 4863771 2.051511830
56 30 3 100 23848 2.051521852
43 129 3 100 5742223 2.051540289
31 131 3 100 292049 2.051722995
4 130 3 100 59752 2.051769861
0 130 3 100 34742 2.051784198
122 128 3 100 28983 2.051785033
4 129 3 100 29261859 2.051816572
104 128 3 100 24446 2.051835076
30 131 3 100 53200 2.051884195
63 130 3 100 54431 2.051924639
20 91 3 100 103978 2.051925293
104 129 3 100 628809 2.052011837
68 131 3 100 7536 2.052013626
111 128 3 100 23121349 2.052013896
71 131 3 100 51358 2.052038315
81 130 3 100 2180878 2.052064376
72 128 3 100 7508941 2.052092587
49 131 3 100 50912 2.052106678
58 131 3 100 36363 2.052138945
57 131 3 100 7809 2.052161574
87 5 3 100 5494 2.052172393
5 130 3 100 200 2.052227287
58 128 3 100 8668685 2.052249834
112 131 3 100 641383 2.052261608
125 131 3 100 26067 2.052280986
68 128 3 100 47088 2.052314023
64 130 3 100 1284084 2.052343294
103 129 3 100 860362 2.052490435
69 129 3 100 58731 2.052567808
29 130 3 100 9776 2.052579128
49 3 3 100 49264 2.052592227
50 128 3 100 21438 2.052612039
69 131 3 100 1192 2.052631826
51 129 3 100 1003765 2.052638192
83 130 3 100 3634 2.052642412
2 130 3 100 59626 2.052658999
23 129 3 100 99405 2.053040889
25 129 3 100 1409620 2.053043108
13 130 3 100 788488 2.053048123
113 129 3 100 12658 2.053155501
33 95 3 100 4381266 2.053193044
35 128 3 100 4425123 2.053265102
79 129 3 100 993450 2.053278111
112 129 3 100 60394 2.053292912
83 128 3 100 1784375 2.053302569
29 131 3 100 6107 2.053318227
56 130 3 100 30112 2.053442835
51 128 3 100 47888 2.053455607
91 129 3 100 11474 2.053511500
52 131 3 100 6854173 2.053516915
45 125 3 100 68797 2.053533441
14 131 3 100 65531 2.053572181
101 128 3 100 639607 2.053609352
29 131 3 100 23831 2.053625971
2 131 3 100 15761 2.053700638
31 131 3 100 6833 2.053745345
77 129 3 100 13247845 2.053791248
5 130 3 100 1988290 2.053802754
63 130 3 100 4446 2.053829692
1 129 3 100 9745 2.053920800
24 42 3 100 4296105 2.053932391
73 128 3 100 22305714 2.053987746
110 131 3 100 271292 2.053987788
104 128 3 100 71711 2.054027772
110 129 3 100 1698 2.054084911
95 128 3 100 21696458 2.054090145
103 131 3 100 1798289 2.054114213
98 131 3 100 26574 2.054204553
37 128 3 100 65874 2.054230588
71 130 3 100 428636 2.054247292
45 70 3 100 77419 2.054363749
4 129 3 100 1866214 2.054408626
13 130 3 100 1739458 2.054426342
96 130 3 100 117304 2.054440380
94 129 3 100 60187 2.054443397
54 128 3 100 787150 2.054507879
85 130 3 100 1588 2.054533089
124 131 3 100 25241 2.054537117
17 128 3 100 185722 2.054548126
29 130 3 100 26429249 2.054623591
40 66 3 100 3889883 2.054657614
32 128 3 100 26347 2.054781678
24 129 3 100 97113 2.054791716
106 131 3 100 2155455 2.054880508
96 131 3 100 113888 2.054896817
50 130 3 100 277402 2.054898757
19 129 3 100 26930 2.054925316
23 129 3 100 28461 2.054927077
113 128 3 100 189809 2.054975682
71 128 3 100 654642 2.054997370
112 60 3 100 868824 2.055144309
41 129 3 100 1292546 2.055146176
27 129 3 100 35784 2.055166192
125 128 3 100 15285 2.055179194
42 131 3 100 15833 2.055201296
73 130 3 100 39421 2.055216315
3 130 3 100 168490 2.055296358
30 130 3 100 57512 2.055344749
124 128 3 100 1541361 2.055359778
117 131 3 100 44891 2.055406805
97 111 3 100 192445 2.055414907
52 131 3 100 26098 2.055429456
25 129 3 100 735358 2.055451442
123 128 3 100 26646624 2.055513167
34 129 3 100 1053417 2.055513558
94 131 3 100 2567 2.055549222
34 130 3 100 2135470 2.055595864
57 129 3 100 56563 2.055634665
50 128 3 100 699 2.055702496
106 131 3 100 296245 2.055718760
62 44 3 100 72130 2.055732186
33 130 3 100 59333 2.055755934
63 129 3 100 53072 2.055756461
23 129 3 100 14319 2.055801055
78 131 3 100 44558 2.055840224
114 131 3 100 117221 2.055856447
119 131 3 100 2082560 2.055868811
33 130 3 100 22109 2.055881839
19 131 3 100 29782 2.055884416
50 130 3 100 6742 2.055916796
46 77 3 100 4084262 2.055927936
109 128 3 100 23084 2.055936878
86 128 3 100 58036 2.055994374
80 129 3 100 33501 2.056041702
10 129 3 100 3731287 2.056077464
69 130 3 100 21351 2.056107938
110 129 3 100 2012971 2.056151300
15 128 3 100 26856 2.056217121
37 128 3 100 52447 2.056328524
49 130 3 100 34273 2.056362948
37 108 3 100 7173 2.056391266
16 128 3 100 45528 2.056404449
44 129 3 100 1022997 2.056425028
30 129 3 100 3341 2.056455019
123 130 3 100 7341 2.056480026
96 128 3 100 25635 2.056531172
29 131 3 100 20611 2.056531830
36 128 3 100 9091 2.056538976
73 128 3 100 9042 2.056645389
27 131 3 100 6323057 2.056648697
70 73 3 100 39178 2.056653512
106 131 3 100 8311581 2.056731430
79 128 3 100 142923 2.056750613
65 130 3 100 1907 2.056771508
15 130 3 100 68992 2.056792352
80 131 3 100 28809 2.056807458
9 129 3 100 6140 2.056823976
47 130 3 100 46052 2.056826195
110 129 3 100 45285 2.056885565
40 129 3 100 1009831 2.056888886
37 31 3 100 3023603 2.056894838
9 131 3 100 8375 2.056927178
31 128 3 100 87437 2.056945847
24 129 3 100 3174521 2.056956195
0 128 3 100 632609 2.056971366
66 131 3 100 1603167 2.057026085
32 130 3 100 66093 2.057092546
96 128 3 100 1823539 2.057097702
37 131 3 100 2713286 2.057098269
25 131 3 100 187068 2.057165196
16 88 3 100 1892116 2.057170681
125 130 3 100 5670 2.057269678
47 130 3 100 46902 2.057404619
74 128 3 100 77638 2.057405138
97 128 3 100 34565 2.057429181
30 131 3 100 31164 2.057469753
30 130 3 100 2269276 2.057475763
52 129 3 100 2633530 2.057605076
13 129 3 100 829238 2.057606939
6 128 3 100 1462 2.057628363
38 75 3 100 23087 2.057674626
67 130 3 100 931860 2.057687767
7 128 3 100 1668385 2.057689127
111 128 3 100 38063 2.057793287
67 128 3 100 18299 2.057807741
97 128 3 100 1410492 2.057842098
5 131 3 100 590726 2.057853548
81 131 3 100 48973 2.057899146
44 128 3 100 158195 2.057911258
26 130 3 100 24517706 2.057962453
9 117 3 100 21874 2.057962548
76 131 3 100 7912298 2.057972625
118 131 3 100 22033 2.058050274
42 128 3 100 3973250 2.058083511
94 130 3 100 882 2.058087461
15 130 3 100 69334 2.058093534
119 129 3 100 690983 2.058117983
101 129 3 100 9412562 2.058145644
76 128 3 100 78065 2.058173444
49 131 3 100 24902 2.058210728
14 60 3 100 5189 2.058262214
60 129 3 100 982710 2.058317175
98 130 3 100 9440448 2.058345690
53 130 3 100 79674 2.058365720
124 129 3 100 1548287 2.058404110
89 128 3 100 64011 2.058404259
89 130 3 100 7761886 2.058507312
68 128 3 100 1259207 2.058543871
3 131 3 100 6264 2.058557809
127 131 3 100 184006 2.058581005
84 20 3 100 86 2.058588555
67 131 3 100 3899204 2.058599367
78 131 3 100 46387 2.058605828
26 128 3 100 4722813 2.058739841
4 130 3 100 1005855 2.058778876
73 130 3 100 4969273 2.058799219
112 129 3 100 4187665 2.058839813
28 129 3 100 69478 2.058874904
42 131 3 100 73816 2.058888216
88 128 3 100 5474000 2.058891734
21 53 3 100 18108 2.058946755
105 128 3 100 24668 2.058985239
55 131 3 100 3799197 2.058997103
8 129 3 100 70740 2.059035392
17 131 3 100 41760 2.059049780
63 128 3 100 67760 2.059112930
12 128 3 100 48199 2.059128653
85 128 3 100 21949 2.059187210
112 131 3 100 320 2.059193967
123 128 3 100 27831 2.059220279
81 76 3 100 2403 2.059247012
0 128 3 100 24123 2.059290019
120 131 3 100 452974 2.059331246
87 131 3 100 22271 2.059361218
6 131 3 100 70577 2.059413113
82 129 3 100 1056 2.059429774
40 128 3 100 590601 2.059496076
126 130 3 100 1597671 2.059519518
108 130 3 100 117363 2.059522092
95 131 3 100 25303 2.059525184
36 122 3 100 1415 2.059552586
76 129 3 100 9221 2.059587029
22 130 3 100 45621 2.059603270
9 129 3 100 26536 2.059604587
101 129 3 100 51240 2.059615258
69 130 3 100 74787 2.059638739
49 130 3 100 15830 2.059661823
109 131 3 100 2046499 2.059663554
26 128 3 100 124096 2.059731174
124 131 3 100 25465 2.059754101
107 104 3 100 62652 2.059777492
81 130 3 100 21004 2.059813753
39 129 3 100 688 2.059845108
84 128 3 100 3649107 2.059920790
85 129 3 100 68173 2.059933675
0 128 3 100 634412 2.060006921
19 128 3 100 9712588 2.060023770
117 130 3 100 1473511 2.060040457
64 131 3 100 32695 2.060051741
59 130 3 100 14037 2.060095908
126 61 3 100 1572702 2.060102341
88 130 3 100 15040892 2.060105481
87 131 3 100 778043 2.060185456
57 129 3 100 23856 2.060185835
114 129 3 100 965469 2.060208799
52 128 3 100 47210 2.060211919
72 128 3 100 532199 2.060245398
71 128 3 100 144497 2.060258792
114 128 3 100 1585030 2.060269980
89 128 3 100 4622 2.060321222
41 44 3 100 9998663 2.060326577
29 129 3 100 3190260 2.060359077
82 130 3 100 1772394 2.060363519
71 129 3 100 1341133 2.060524139
107 128 3 100 577351 2.060531649
104 128 3 100 9550 2.060597628
116 129 3 100 71860 2.060651411
45 130 3 100 9786 2.060652750
53 130 3 100 30692 2.060696198
78 130 3 100 99610 2.060734966
33 3 3 100 6412 2.060752342
40 131 3 100 156039 2.060758285
56 129 3 100 672152 2.060806092
30 131 3 100 3234490 2.060857453
102 129 3 100 7893 2.061086170
108 130 3 100 4517690 2.061144835
120 130 3 100 16961 2.061204163
23 128 3 100 1260347 2.061289909
44 129 3 100 22320 2.061336355
114 128 3 100 58056 2.061347224
77 104 3 100 37923 2.061348937
40 128 3 100 20490 2.061362548
61 131 3 100 3952501 2.061411605
35 131 3 100 1242410 2.061412113
116 128 3 100 49768 2.061424010
17 129 3 100 1991736 2.061453869
38 130 3 100 1554360 2.061580949
115 129 3 100 7736 2.061583614
114 130 3 100 3119 2.061584829
22 131 3 100 26213037 2.061628122
104 79 3 100 3229746 2.061641268
73 131 3 100 1015480 2.061647345
64 129 3 100 1248371 2.061699409
115 129 3 100 1225952 2.061742902
120 129 3 100 9264924 2.061752601
49 129 3 100 193086 2.061845053
9 131 3 100 17467 2.061845490
11 129 3 100 4436256 2.061928711
90 131 3 100 1159289 2.061941102
114 130 3 100 24587 2.061948303
28 52 3 100 14413 2.061998915
1 131 3 100 4017761 2.062017590
17 129 3 100 53092 2.062121181
120 130 3 100 125189 2.062130279
0 128 3 100 79066 2.062198472
46 128 3 100 22331 2.062256017
48 130 3 100 1965541 2.062308873
79 129 3 100 114725 2.062313356
8 130 3 100 5130 2.062320968
100 130 3 100 28426 2.062321161
62 100 3 100 43751 2.062392668
73 131 3 100 4094557 2.062480411
45 130 3 100 7194 2.062488978
90 129 3 100 2198258 2.062515342
116 130 3 100 43575 2.062642879
64 130 3 100 51338 2.062654064
61 130 3 100 7047669 2.062711153
1 129 3 100 25856 2.062732622
31 131 3 100 217442 2.062754840
67 129 3 100 44644 2.062797737
68 45 3 100 27281051 2.062850516
36 129 3 100 54792 2.062887400
87 128 3 100 1473444 2.062889117
5 130 3 100 24890 2.062919676
82 129 3 100 4853605 2.062941195
26 128 3 100 8566888 2.062953455
10 131 3 100 43423 2.062958678
49 128 3 100 69944 2.063029933
78 128 3 100 768719 2.063042997
98 128 3 100 25249244 2.063046432
104 28 3 100 20650 2.063065526
23 128 3 100 877392 2.063102221
102 129 3 100 1020048 2.063162759
72 129 3 100 9536 2.063173802
0 128 3 100 24312 2.063183239
122 128 3 100 9755615 2.063233209
77 131 3 100 24602 2.063253189
62 128 3 100 42819 2.063264415
47 129 3 100 6205877 2.063369512
7 129 3 100 13191 2.063428833
79 89 3 100 46110 2.063480655
71 131 3 100 4989819 2.063501478
97 129 3 100 584402 2.063528313
62 131 3 100 4699 2.063528852
83 130 3 100 718104 2.063547987
84 129 3 100 22403 2.063606918
2 128 3 100 492005 2.063611378
51 131 3 100 1454415 2.063612973
77 130 3 100 5777 2.063627842
117 130 3 100 24792400 2.063669732
114 38 3 100 8769184 2.063685291
92 128 3 100 25142 2.063747927
34 129 3 100 61323 2.063819093
120 128 3 100 41140 2.063820515
6 130 3 100 77673 2.063867029
71 131 3 100 8471933 2.063904643
44 129 3 100 1380777 2.063913082
117 131 3 100 13720277 2.063938669
77 130 3 100 4294250 2.064003180
66 128 3 100 2730700 2.064027087
64 62 3 100 236613 2.064058678
109 131 3 100 38120 2.064078873
49 128 3 100 751030 2.064099306
34 129 3 100 28095 2.064210583
112 128 3 100 2670292 2.064213589
86 130 3 100 29640 2.064233147
49 129 3 100 398800 2.064244890
91 131 3 100 2924523 2.064314913
2 130 3 100 62219 2.064349994
97 131 3 100 28649594 2.064358654
3 107 3 100 13038159 2.064389877
40 131 3 100 60539 2.064428328
42 128 3 100 91542 2.064437296
52 131 3 100 19910491 2.064465499
49 128 3 100 15734550 2.064470106
112 130 3 100 1198475 2.064521200
74 130 3 100 820 2.064528252
23 129 3 100 12643 2.064587994
31 129 3 100 1312927 2.064640258
97 131 3 100 9301271 2.064650285
29 121 3 100 3043 2.064670505
56 131 3 100 1576061 2.064678272
106 131 3 100 16680 2.064833709
120 130 3 100 44781 2.064866121
39 128 3 100 39016 2.064891516
44 131 3 100 1704559 2.064927951
28 128 3 100 1066049 2.064945322
6 130 3 100 67989 2.064947589
127 129 3 100 5678225 2.064973211
18 129 3 100 28110183 2.065025185
87 72 3 100 9137574 2.065066919
98 128 3 100 7389 2.065078389
101 130 3 100 59686 2.065128080
105 129 3 100 59102 2.065146393
27 129 3 100 27992 2.065173047
53 131 3 100 2293992 2.065233166
3 128 3 100 1084635 2.065235150
48 130 3 100 1112253 2.065265588
18 131 3 100 5458 2.065289737
57 129 3 100 129094 2.065303554
75 24 3 100 1832453 2.065370011
27 128 3 100 205013 2.065379704
37 129 3 100 836006 2.065385887
113 128 3 100 72746 2.065403113
113 129 3 100 474354 2.065405494
41 128 3 100 3963333 2.065418256
51 131 3 100 1731307 2.065435435
79 129 3 100 1366838 2.065447387
109 131 3 100 78791 2.065449632
59 131 3 100 2670010 2.065469327
60 9 3 100 7399379 2.065501250
115 129 3 100 1910997 2.065565771
74 128 3 100 57973 2.065579223
28 128 3 100 38949 2.065592165
27 130 3 100 27250 2.065614176
124 130 3 100 951206 2.065621399
85 130 3 100 4970841 2.065627102
73 131 3 100 9116 2.065655237
73 128 3 100 79114 2.065684933
113 128 3 100 27530 2.065688131
102 32 3 100 377541 2.065699691
88 129 3 100 71301 2.065720212
84 129 3 100 69394 2.065814267
33 131 3 100 4358938 2.065865633
32 131 3 100 1397 2.065871380
114 130 3 100 3071358 2.065885247
1 128 3 100 64772 2.065896541
28 128 3 100 146861 2.065912846
3 131 3 100 1503729 2.065933186
50 128 3 100 1097716 2.065980016
98 14 3 100 7170606 2.065987087
127 129 3 100 138091 2.066038712
122 131 3 100 50407 2.066069720
85 131 3 100 28190281 2.066083267
83 131 3 100 29720839 2.066119329
80 130 3 100 6857 2.066128843
35 129 3 100 1121995 2.066156708
84 129 3 100 16768 2.066158203
98 130 3 100 11185807 2.066190596
9 131 3 100 14248 2.066204249
91 81 3 100 410745 2.066261316
90 128 3 100 1926796 2.066285636
90 128 3 100 2371566 2.066335159
39 130 3 100 443260 2.066337782
67 129 3 100 43938 2.066378253
48 130 3 100 40111 2.066383448
94 130 3 100 46889 2.066386034
115 128 3 100 3613327 2.066401863
66 129 3 100 29018 2.066419881
106 128 3 100 1851622 2.066497870
30 73 3 100 62382 2.066538453
42 131 3 100 23566 2.066580875
110 130 3 100 29379189 2.066582627
39 128 3 100 7517545 2.066596694
120 128 3 100 134420 2.066651098
20 129 3 100 155191 2.066687856
77 131 3 100 42137 2.066693689
88 131 3 100 9993 2.066746956
104 129 3 100 1594836 2.066782875
76 130 3 100 4801450 2.066790753
55 71 3 100 1346 2.066807127
117 130 3 100 52327 2.066813505
43 128 3 100 63892 2.066819030
85 128 3 100 60589 2.066835810
83 130 3 100 6680533 2.066843992
8 128 3 100 35838 2.066862929
60 128 3 100 1910 2.066873002
1 130 3 100 420400 2.066886620
78 131 3 100 7417566 2.066996561
42 129 3 100 32410 2.067025349
126 109 3 100 27413 2.067106336
51 130 3 100 1079723 2.067123807
84 131 3 100 1191577 2.067125893
64 128 3 100 9709 2.067135082
77 130 3 100 4169527 2.067157441
71 130 3 100 77054 2.067183652
115 131 3 100 4900940 2.067260068
50 128 3 100 29126 2.067360924
87 128 3 100 14559294 2.067421314
114 129 3 100 671750 2.067426001
64 126 3 100 147113 2.067446297
42 129 3 100 80422 2.067494457
62 131 3 100 24735 2.067514392
63 131 3 100 59867 2.067517307
5 130 3 100 42930 2.067568636
61 128 3 100 77549 2.067592715
19 131 3 100 48953 2.067598083
18 130 3 100 1901131 2.067617904
59 131 3 100 1448016 2.067648118
103 128 3 100 1322761 2.067758028
58 127 3 100 7691378 2.067762351
36 129 3 100 329076 2.067789909
59 131 3 100 3477 2.067943124
71 131 3 100 1917588 2.067963699
95 130 3 100 9761581 2.067984304
39 130 3 100 7745 2.067990707
108 128 3 100 792996 2.067997798
100 131 3 100 39285 2.068004306
114 129 3 100 882210 2.068015771
86 130 3 100 5239 2.068040446
48 14 3 100 20110 2.068040769
64 128 3 100 24172461 2.068048495
119 128 3 100 4534542 2.068051315
106 131 3 100 25923 2.068108119
75 129 3 100 23624 2.068144224
5 131 3 100 29642 2.068201612
16 129 3 100 1944834 2.068297341
18 128 3 100 57457 2.068301729
118 128 3 100 4267 2.068397862
99 128 3 100 4407614 2.068464123
77 76 3 100 5621360 2.068554572
95 129 3 100 7362 2.068592502
124 129 3 100 830051 2.068596774
66 128 3 100 9258548 2.068630602
113 131 3 100 6575692 2.068699016
69 131 3 100 22665 2.068716180
25 129 3 100 1549045 2.068728067
55 130 3 100 2270 2.068790485
44 131 3 100 71596 2.068826313
8 128 3 100 31217 2.068876270
28 95 3 100 15482 2.068885547
42 128 3 100 69099 2.068903942
72 130 3 100 6731 2.068904939
78 129 3 100 1667514 2.068945185
102 131 3 100 52790 2.069006185
36 129 3 100 6497 2.069026128
23 130 3 100 129237 2.069041796
27 130 3 100 49358 2.069049478
27 131 3 100 3158002 2.069080799
69 128 3 100 15506312 2.069172526
116 54 3 100 29986 2.069184207
104 131 3 100 491943 2.069233568
70 128 3 100 696 2.069308774
48 130 3 100 160227 2.069312808
100 128 3 100 689132 2.069320533
1 129 3 100 25797 2.069341546
119 129 3 100 526920 2.069394036
21 129 3 100 5182 2.069412556
42 129 3 100 2892028 2.069458958
66 131 3 100 134364 2.069536085
83 116 3 100 20414 2.069608805
93 130 3 100 602702 2.069656420
110 129 3 100 718464 2.069659058
19 129 3 100 62877 2.069713751
65 131 3 100 77613 2.069719996
90 131 3 100 66758 2.069733254
85 130 3 100 4787989 2.069737235
29 130 3 100 5516 2.069780367
73 129 3 100 2497252 2.069802634
95 131 3 100 74039 2.069856692
75 127 3 100 2341004 2.069860535
73 130 3 100 1636112 2.069885703
33 130 3 100 747588 2.069888591
102 128 3 100 1679774 2.069935073
31 131 3 100 38012 2.070011592
81 129 3 100 140778 2.070073518
106 130 3 100 49344 2.070159366
124 131 3 100 1975533 2.070227593
41 128 3 100 71139 2.070252611
108 131 3 100 34173 2.070258588
90 65 3 100 21149728 2.070293493
26 131 3 100 14082 2.070347565
32 128 3 100 2036661 2.070358526
13 128 3 100 10747 2.070412727
80 128 3 100 53611 2.070487025
48 130 3 100 69676 2.070492855
53 131 3 100 52882 2.070516760
57 131 3 100 1871162 2.070629610
30 129 3 100 29448 2.070646385
102 130 3 100 2090288 2.070699372
12 111 3 100 749565 2.070714900
23 131 3 100 75335 2.070766575
93 128 3 100 63664 2.070778962
27 128 3 100 77724 2.070795327
68 131 3 100 39568 2.070812695
35 131 3 100 27750 2.070903671
64 131 3 100 24850 2.070910764
122 130 3 100 90890 2.070912157
0 130 3 100 29679 2.071004174
16 129 3 100 74045 2.071013356
75 47 3 100 58711 2.071020294
4 130 3 100 21980731 2.071026971
80 128 3 100 23686 2.071101868
67 128 3 100 2936 2.071148486
11 131 3 100 252042 2.071211870
7 129 3 100 4883 2.071238356
116 131 3 100 28832 2.071300783
73 130 3 100 529079 2.071398699
13 131 3 100 27430 2.071451791
44 130 3 100 1634 2.071456583
28 33 3 100 3898052 2.071465715
46 130 3 100 1374984 2.071476541
31 131 3 100 34556 2.071483857
115 130 3 100 115847 2.071488706
103 131 3 100 4950879 2.071572681
93 130 3 100 29134 2.071579956
20 130 3 100 93790 2.071582830
92 128 3 100 77283 2.071609251
77 128 3 100 3011831 2.071639110
49 129 3 100 32048 2.071642339
28 89 3 100 9520 2.071646518
83 131 3 100 56643 2.071665838
41 131 3 100 3047035 2.071677364
28 128 3 100 11139757 2.071812537
111 130 3 100 1747312 2.071869316
79 130 3 100 72156 2.071943645
39 129 3 100 4861862 2.071970353
31 128 3 100 24640 2.072045056
3 130 3 100 6507 2.072047236
124 130 3 100 1611405 2.072070518
86 75 3 100 29907 2.072152015
53 129 3 100 5805 2.072155357
19 131 3 100 49876 2.072168686
50 129 3 100 179741 2.072191284
45 128 3 100 3658702 2.072211692
34 129 3 100 7534379 2.072298846
127 129 3 100 9737124 2.072331091
41 129 3 100 833826 2.072376686
113 128 3 100 5312828 2.072383358
41 130 3 100 21507 2.072408091
118 80 3 100 51264 2.072422143
82 129 3 100 55330 2.072436909
46 128 3 100 3559216 2.072459663
49 129 3 100 3174278 2.072532515
85 130 3 100 37629 2.072546447
105 128 3 100 89667 2.072654932
118 131 3 100 5234 2.072685559
3 128 3 100 25569 2.072735345
108 128 3 100 12765 2.072743244
37 128 3 100 3678971 2.072759144
34 62 3 100 1841576 2.072762563
107 128 3 100 27805 2.072880951
61 130 3 100 74322 2.072913501
44 128 3 100 6292740 2.072914679
92 129 3 100 4786602 2.072952496
98 129 3 100 55331 2.073081397
99 128 3 100 71720 2.073101484
13 130 3 100 195318 2.073106669
29 130 3 100 2632637 2.073110599
35 128 3 100 31545 2.073111458
15 38 3 100 823231 2.073191550
76 131 3 100 1165 2.073274075
85 128 3 100 27072 2.073288326
37 130 3 100 4015856 2.073332449
48 130 3 100 407210 2.073428012
98 129 3 100 174583 2.073437814
123 128 3 100 1175253 2.073461412
9 129 3 100 11658 2.073662982
22 128 3 100 40204 2.073677564
113 128 3 100 73964 2.073683022
64 108 3 100 24514410 2.073726176
76 129 3 100 20559 2.073761401
101 128 3 100 3230001 2.073814093
29 129 3 100 9019 2.073818617
28 128 3 100 6361 2.073914853
14 128 3 100 18014 2.073928123
51 131 3 100 70925 2.073936119
103 131 3 100 75784 2.073993444
103 129 3 100 145295 2.074001255
46 129 3 100 8799 2.074012854
88 110 3 100 540428 2.074018173
12 131 3 100 4173785 2.074028601
92 131 3 100 2627 2.074085158
2 131 3 100 28552 2.074093063
3 131 3 100 56356 2.074147973
82 129 3 100 164017 2.074181217
7 128 3 100 13895 2.074184215
107 131 3 100 34851 2.074210154
55 128 3 100 1579375 2.074243712
116 131 3 100 5988 2.074255292
54 6 3 100 89683 2.074322198
23 130 3 100 2577 2.074363774
7 131 3 100 66630 2.074388772
98 130 3 100 64848 2.074429246
85 129 3 100 1796855 2.074514179
49 128 3 100 24922 2.074683238
44 131 3 100 33544 2.074691894
68 128 3 100 36340 2.074797606
25 131 3 100 694292 2.074813795
84 131 3 100 28615 2.074820521
19 72 3 100 3825 2.074830197
69 129 3 100 21177 2.074885941
44 130 3 100 8158 2.074902466
102 129 3 100 136204 2.074918955
89 129 3 100 38920 2.074923173
45 129 3 100 3861 2.074935192
47 131 3 100 76994 2.074950303
34 130 3 100 26026 2.074951371
3 128 3 100 24904587 2.074960776
84 130 3 100 2017565 2.074980464
92 119 3 100 1726942 2.074998680
96 130 3 100 3144988 2.075083411
84 130 3 100 3914099 2.075086401
63 131 3 100 45507 2.075103216
64 129 3 100 13638 2.075218761
37 130 3 100 901696 2.075222084
79 131 3 100 1610412 2.075239616
71 131 3 100 67289 2.075304676
71 131 3 100 596252 2.075307389
48 128 3 100 1300 2.075307887
32 75 3 100 3107380 2.075331500
34 131 3 100 1056728 2.075335844
14 128 3 100 971306 2.075401412
9 131 3 100 3507 2.075412945
52 131 3 100 13974 2.075413071
55 131 3 100 111974 2.075441175
110 131 3 100 1070193 2.075450400
106 128 3 100 9287360 2.075580456
107 128 3 100 1488067 2.075588534
11 131 3 100 1775 2.075611353
110 72 3 100 477021 2.075632125
83 130 3 100 1825062 2.075640372
78 128 3 100 7621286 2.075651149
53 130 3 100 28243 2.075662468
46 128 3 100 13216737 2.075672658
7 131 3 100 28916 2.075690446
86 129 3 100 48341 2.075693241
17 131 3 100 1247 2.075700232
16 130 3 100 906723 2.075710627
107 128 3 100 3541278 2.075729032
125 73 3 100 4855229 2.075750010
13 130 3 100 20261 2.075789908
119 130 3 100 145283 2.075811394
48 130 3 100 9929 2.075813516
43 128 3 100 1940349 2.075840252
24 129 3 100 19436 2.075854403
97 130 3 100 1882 2.075865515
116 129 3 100 28042889 2.075915756
99 128 3 100 633 2.075926288
83 129 3 100 7683 2.075941281
55 96 3 100 1230131 2.075997159
22 131 3 100 21943 2.076036975
56 128 3 100 58538 2.076065901
119 131 3 100 8972444 2.076078832
58 131 3 100 72891 2.076120307
2 131 3 100 32080 2.076122672
68 130 3 100 9130 2.076128646
117 128 3 100 6104465 2.076156534
6 129 3 100 199185 2.076162166
78 128 3 100 1518210 2.076165881
120 130 3 100 7510550 2.076208428
6 129 3 100 1410090 2.076232303
34 131 3 100 544755 2.076232763
113 131 3 100 44535 2.076307556
61 130 3 100 3308583 2.076308709
121 131 3 100 8893329 2.076341161
90 128 3 100 8148 2.076354944
109 129 3 100 2707255 2.076380923
62 130 3 100 68113 2.076386304
56 69 3 100 6470 2.076397821
41 129 3 100 32528 2.076416099
114 131 3 100 548103 2.076431363
71 128 3 100 13109 2.076461317
98 129 3 100 54004 2.076507311
8 130 3 100 7665 2.076516970
55 130 3 100 30241 2.076538499
10 131 3 100 13312 2.076620603
113 131 3 100 986573 2.076631273
74 128 3 100 4654982 2.076790361
46 2 3 100 61675 2.076836088
39 128 3 100 5802 2.076844785
62 130 3 100 5806593 2.076953848
53 129 3 100 70790 2.076976007
69 128 3 100 4143172 2.076988399
51 128 3 100 912930 2.077045009
34 130 3 100 58328 2.077058640
40 128 3 100 7066046 2.077081420
43 129 3 100 11600 2.077093025
81 129 3 100 54166 2.077213720
44 105 3 100 42111 2.077233087
85 129 3 100 60743 2.077235992
38 130 3 100 47086 2.077249138
90 129 3 100 6912073 2.077266605
13 129 3 100 58346 2.077340162
85 129 3 100 822405 2.077348704
37 131 3 100 1038634 2.077425920
0 131 3 100 860 2.077444836
41 129 3 100 3401698 2.077521302
86 128 3 100 12030572 2.077625093
92 44 3 100 29355 2.077716285
88 131 3 100 50000 2.077719284
5 131 3 100 1576325 2.077787526
1 128 3 100 64117 2.077788509
70 129 3 100 2307045 2.077811763
54 129 3 100 1787847 2.077835230
76 129 3 100 26686 2.077890507
85 130 3 100 8629835 2.077912345
94 131 3 100 4212 2.077976014
120 128 3 100 3088 2.077993698
120 60 3 100 5798 2.077997116
60 128 3 100 67454 2.078070311
103 130 3 100 1751209 2.078107339
22 130 3 100 21907 2.078117118
42 128 3 100 40717 2.078164004
116 128 3 100 9135 2.078200469
33 129 3 100 65340 2.078226964
65 128 3 100 1582088 2.078248477
109 130 3 100 3337 2.078272010
92 128 3 100 11645 2.078281000
92 35 3 100 2117 2.078380713
65 130 3 100 183122 2.078486210
77 131 3 100 7247401 2.078488473
121 130 3 100 102210 2.078569990
79 128 3 100 1726711 2.078589259
48 130 3 100 143912 2.078619590
5 130 3 100 63642 2.078669366
40 128 3 100 5518 2.078689581
42 131 3 100 6995317 2.078711999
76 128 3 100 26702 2.078780308
67 2 3 100 29014 2.078781585
67 128 3 100 1756726 2.078821764
109 130 3 100 1004129 2.078829574
18 131 3 100 159144 2.078852636
123 130 3 100 469004 2.078884576
99 129 3 100 1755712 2.078936877
101 131 3 100 3988 2.078943509
69 129 3 100 1331526 2.078948841
37 131 3 100 2564090 2.078952285
6 131 3 100 891859 2.078961804
62 34 3 100 4440 2.078992848
118 128 3 100 3182893 2.079015936
20 128 3 100 69557 2.079087575
61 130 3 100 145833 2.079102197
27 131 3 100 59434 2.079141838
2 130 3 100 9622 2.079241649
8 131 3 100 4870 2.079362673
57 129 3 100 1768 2.079373248
21 131 3 100 24020 2.079397181
85 33 3 100 2346428 2.079398496
74 129 3 100 28138 2.079401358
54 128 3 100 81350 2.079441159
126 130 3 100 3580281 2.079467565
100 131 3 100 34914 2.079476267
123 129 3 100 31907 2.079646379
52 130 3 100 1541273 2.079748458
53 130 3 100 65373 2.079771942
126 128 3 100 4856333 2.079820285
95 129 3 100 34977 2.079825930
44 103 3 100 2145 2.079842241
49 128 3 100 87673 2.079843011
35 131 3 100 50278 2.079908110
38 129 3 100 131218 2.079910088
1 131 3 100 4254 2.080009461
43 131 3 100 1056 2.080011891
80 130 3 100 35201 2.080037496
65 130 3 100 713 2.080105132
64 129 3 100 25644 2.080105425
124 131 3 100 31165 2.080114744
21 46 3 100 22401 2.080124130
12 129 3 100 9307668 2.080147440
11 129 3 100 1191590 2.080187742
62 131 3 100 851571 2.080253447
94 129 3 100 2463 2.080274609
37 128 3 100 2368347 2.080298208
79 131 3 100 1164779 2.080360433
51 128 3 100 1435474 2.080413147
115 128 3 100 77914 2.080423465
120 130 3 100 8947 2.080434705
85 13 3 100 26879 2.080456566
20 128 3 100 65043 2.080519510
43 128 3 100 523831 2.080566147
98 129 3 100 6179904 2.080603070
14 129 3 100 148185 2.080641656
110 128 3 100 163374 2.080676347
41 131 3 100 1113818 2.080681459
11 131 3 100 20603 2.080742026
83 130 3 100 12775 2.080750613
107 130 3 100 1999337 2.080785635
85 51 3 100 42212 2.080840667
101 129 3 100 91148 2.080842479
3 131 3 100 2560419 2.080853423
34 129 3 100 122596 2.080861352
17 129 3 100 6494 2.080873678
51 130 3 100 4781329 2.080941044
38 129 3 100 571145 2.080963287
81 128 3 100 71014 2.080984274
121 129 3 100 36747 2.081030785
119 130 3 100 8714 2.081121827
76 123 3 100 29701430 2.081184975
9 130 3 100 421057 2.081234009
64 130 3 100 45341 2.081296321
0 129 3 100 73704 2.081324962
103 129 3 100 34223 2.081379318
78 129 3 100 26595544 2.081381976
108 129 3 100 6838 2.081394040
22 131 3 100 630649 2.081405644
71 129 3 100 3661061 2.081496004
69 131 3 100 22252720 2.081496993
70 31 3 100 13868206 2.081500883
80 129 3 100 31683 2.081502261
23 131 3 100 1801 2.081518762
29 131 3 100 125228 2.081531203
94 131 3 100 5971547 2.081592186
64 128 3 100 105822 2.081617782
64 131 3 100 3351540 2.081685919
20 128 3 100 171824 2.081763062
91 128 3 100 30352 2.081870566
3 129 3 100 53085 2.081932320
16 66 3 100 59240 2.081994206
36 130 3 100 46826 2.082063417
108 128 3 100 71193 2.082087656
14 129 3 100 75340 2.082108275
62 130 3 100 37978 2.082115029
117 128 3 100 276786 2.082166841
9 129 3 100 3022 2.082195025
114 129 3 100 4196 2.082201112
44 128 3 100 3949842 2.082247801
97 130 3 100 7693677 2.082278841
120 129 3 100 20016 2.082355355
32 128 3 100 239632 2.082431536
25 130 3 100 21878 2.082444923
39 131 3 100 64330 2.082446190
57 129 3 100 19082 2.082472751
99 128 3 100 1011 2.082483590
94 130 3 100 18061139 2.082542895
67 131 3 100 29779 2.082549686
17 131 3 100 7860574 2.082573644
26 64 3 100 662595 2.082575971
73 129 3 100 1259095 2.082584533
117 128 3 100 58821 2.082611339
61 129 3 100 536860 2.082647414
39 128 3 100 10860 2.082649100
75 131 3 100 32500 2.082688640
22 129 3 100 27821 2.082718061
72 131 3 100 22260 2.082775769
39 130 3 100 36751 2.082805914
40 129 3 100 34169 2.082818529
114 39 3 100 60270 2.082838246
18 130 3 100 5686 2.082913467
56 128 3 100 862596 2.082929044
95 128 3 100 23480 2.082957204
9 130 3 100 15036991 2.082964641
79 129 3 100 103031 2.083006120
3 131 3 100 40633 2.083030312
76 128 3 100 59011 2.083062064
126 131 3 100 184219 2.083084337
59 130 3 100 70072 2.083162038
115 87 3 100 532493 2.083174885
121 131 3 100 68501 2.083190968
115 128 3 100 9461582 2.083208390
38 130 3 100 31601 2.083224026
96 130 3 100 29926 2.083252113
69 130 3 100 23171 2.083287133
73 130 3 100 28831 2.083295447
108 129 3 100 6282 2.083304373
56 129 3 100 5352829 2.083304594
123 130 3 100 12526 2.083393438
94 127 3 100 3846188 2.083563046
29 130 3 100 83051 2.083571441
11 130 3 100 61117 2.083593455
60 129 3 100 947 2.083632006
12 130 3 100 3717 2.083642687
74 131 3 100 29709 2.083712517
4 129 3 100 1753987 2.083751513
115 129 3 100 181075 2.083796698
113 129 3 100 4394291 2.083875142
12 128 3 100 7550 2.083912416
101 52 3 100 22805 2.083930728
42 131 3 100 7109 2.084048225
61 130 3 100 6859 2.084056043
34 131 3 100 1757845 2.084126194
15 129 3 100 69338 2.084140807
76 129 3 100 7166 2.084158223
52 131 3 100 3631150 2.084161729
106 130 3 100 1726066 2.084198012
27 131 3 100 58183 2.084203141
52 131 3 100 1794229 2.084233415
121 129 3 100 1548533 2.084270218
122 130 3 100 74594 2.084270285
111 131 3 100 623881 2.084289066
68 128 3 100 175222 2.084300559
38 128 3 100 53701 2.084303893
95 129 3 100 7093289 2.084309400
56 128 3 100 9828446 2.084323333
24 130 3 100 12805070 2.084333520
26 128 3 100 9017 2.084392338
77 45 3 100 1011291 2.084459832
65 131 3 100 1514 2.084464163
92 131 3 100 21915 2.084502343
79 131 3 100 1650 2.084598521
37 128 3 100 270210 2.084615629
68 130 3 100 28844 2.084630043
17 128 3 100 62673 2.084744106
66 128 3 100 59970 2.084773966
83 129 3 100 1235153 2.084784068
85 131 3 100 4344420 2.084785231
53 87 3 100 347064 2.084835490
59 130 3 100 38023 2.084849110
14 128 3 100 75897 2.084856282
87 129 3 100 42685 2.084867818
85 129 3 100 965068 2.084887633
70 129 3 100 159301 2.084931457
73 128 3 100 2643715 2.084996754
78 131 3 100 79844 2.085022795
95 128 3 100 32344 2.085048082
87 126 3 100 9207 2.085100513
6 128 3 100 2743 2.085117765
13 128 3 100 8548 2.085163908
70 128 3 100 6241 2.085202190
43 130 3 100 5817970 2.085210889
109 131 3 100 3964119 2.085216159
121 128 3 100 62152 2.085217702
71 128 3 100 3950995 2.085249456
7 128 3 100 75508 2.085302084
124 131 3 100 353681 2.085322300
17 3 3 100 6079954 2.085336687
106 128 3 100 1059 2.085429803
92 130 3 100 142262 2.085508299
62 128 3 100 2362841 2.085529201
20 128 3 100 36613 2.085532068
78 128 3 100 50889 2.085534912
51 130 3 100 85837 2.085592015
115 128 3 100 28078 2.085631350
93 128 3 100 55372 2.085663595
66 129 3 100 76666 2.085680039
31 57 3 100 1615506 2.085684924
25 128 3 100 3235 2.085689743
127 131 3 100 181712 2.085690917
23 129 3 100 599725 2.085710549
26 128 3 100 1609 2.085713156
27 131 3 100 270117 2.085741621
74 129 3 100 3310199 2.085765805
87 128 3 100 28516 2.085780920
127 130 3 100 1581684 2.085784063
66 131 3 100 76239 2.085879891
84 95 3 100 40782 2.085900053
49 130 3 100 4036378 2.085936817
120 131 3 100 4128 2.085953582
2 129 3 100 2841756 2.085968378
86 129 3 100 37988 2.086020072
81 131 3 100 3506964 2.086032435
111 129 3 100 8122 2.086037192
87 130 3 100 4539 2.086041088
112 128 3 100 1137973 2.086101743
5 129 3 100 44179 2.086203980
114 77 3 100 794276 2.086221223
127 128 3 100 4453345 2.086242020
127 131 3 100 23521 2.086267765
120 130 3 100 269722 2.086271466
59 129 3 100 48211 2.086276422
12 131 3 100 1998027 2.086333179
52 128 3 100 9045822 2.086359417
68 130 3 100 23120 2.086389807
44 131 3 100 4965335 2.086393521
43 128 3 100 7722 2.086419346
110 74 3 100 146485 2.086485834
123 130 3 100 105245 2.086492621
71 128 3 100 2658819 2.086513848
113 129 3 100 41823 2.086516432
12 129 3 100 53251 2.086520622
119 128 3 100 5037921 2.086562466
67 128 3 100 14935 2.086574744
72 130 3 100 750695 2.086613552
121 129 3 100 25697 2.086634065
60 130 3 100 29166 2.086648684
4 90 3 100 140853 2.086672311
80 129 3 100 2124310 2.086687471
125 131 3 100 7744846 2.086688136
84 128 3 100 4658123 2.086718669
2 129 3 100 34474 2.086765472
96 130 3 100 5658 2.086807931
37 130 3 100 29024 2.086832072
31 129 3 100 1177286 2.086871212
76 129 3 100 3951 2.086899436
121 11 3 100 9869968 2.086987467
53 131 3 100 8247 2.086992663
21 129 3 100 69252 2.087029797
65 131 3 100 32057 2.087088915
77 130 3 100 12614907 2.087103932
44 130 3 100 3318 2.087145869
79 130 3 100 3034335 2.087152703
99 131 3 100 1762 2.087171507
54 128 3 100 4669093 2.087253197
97 129 3 100 51474 2.087256489
96 57 3 100 31890 2.087363242
62 131 3 100 50963 2.087463159
10 129 3 100 8662548 2.087513657
127 128 3 100 62285 2.087546428
95 130 3 100 7410 2.087584197
115 131 3 100 6854 2.087590612
36 128 3 100 3486 2.087646442
6 130 3 100 18484 2.087663454
30 128 3 100 3800 2.087664165
44 130 3 100 76864 2.087762629
87 129 3 100 2334499 2.087777082
18 130 3 100 2228315 2.087991511
117 130 3 100 79472 2.088018148
123 130 3 100 73012 2.088069543
59 131 3 100 40084 2.088094606
44 128 3 100 63147 2.088116134
38 131 3 100 1160408 2.088135709
61 76 3 100 1437311 2.088136538
2 131 3 100 774170 2.088155220
20 128 3 100 2108 2.088168085
63 129 3 100 40616 2.088229784
17 130 3 100 21499 2.088238853
25 130 3 100 40528 2.088419777
64 131 3 100 8827516 2.088421162
121 128 3 100 1543959 2.088449043
73 17 3 100 32130 2.088455695
25 130 3 100 58307 2.088531642
4 129 3 100 153836 2.088586545
72 128 3 100 4117202 2.088600367
8 129 3 100 4444816 2.088600854
8 128 3 100 7013244 2.088608844
65 129 3 100 7651876 2.088620344
105 129 3 100 26856 2.088631337
96 130 3 100 55547 2.088648984
0 121 3 100 36282 2.088870741
68 129 3 100 4974297 2.088878332
16 129 3 100 147445 2.088897518
102 128 3 100 26422 2.088926706
54 129 3 100 8253374 2.088990760
48 129 3 100 52432 2.088991176
54 129 3 100 23579 2.089048158
119 131 3 100 10788 2.089068083
41 131 3 100 2872 2.089082036
29 129 3 100 88096 2.089114104
54 107 3 100 101930 2.089124102
98 131 3 100 61955 2.089129463
26 128 3 100 2528153 2.089181678
56 129 3 100 16414 2.089275644
37 131 3 100 61946 2.089304802
23 129 3 100 1558590 2.089306278
15 128 3 100 706476 2.089444423
66 128 3 100 48968 2.089460900
62 128 3 100 1231446 2.089506474
103 130 3 100 1585 2.089561795
52 22 3 100 63570 2.089597456
55 130 3 100 1120362 2.089609012
113 131 3 100 4066224 2.089632872
81 129 3 100 5857584 2.089667979
104 131 3 100 15539 2.089839067
114 128 3 100 845960 2.089869761
80 128 3 100 39250 2.089907130
67 131 3 100 31333 2.089996675
100 128 3 100 34916 2.090015696
116 128 3 100 4113895 2.090079688
51 78 3 100 1240 2.090114706
72 128 3 100 38904 2.090120706
78 130 3 100 1185544 2.090172252
127 128 3 100 6353056 2.090173982
66 131 3 100 37697 2.090200150
112 129 3 100 8727000 2.090217042
79 130 3 100 46261 2.090230847
93 130 3 100 21915 2.090237849
114 128 3 100 46959 2.090242068
10 87 3 100 6703401 2.090285290
114 128 3 100 159518 2.090371394
92 129 3 100 1120912 2.090373973
84 131 3 100 47646 2.090586625
90 130 3 100 6417197 2.090598732
103 128 3 100 53516 2.090607795
118 130 3 100 31344 2.090620683
27 129 3 100 1038008 2.090626705
44 131 3 100 139963 2.090628210
96 70 3 100 3406567 2.090649010
12 130 3 100 29953 2.090659926
127 129 3 100 432740 2.090730246
23 129 3 100 7111027 2.090734955
72 131 3 100 7157569 2.090744195
7 131 3 100 2634459 2.090752266
56 129 3 100 50611 2.090760618
70 129 3 100 404 2.090817577
0 131 3 100 97943 2.090832907
1 130 3 100 104318 2.090845741
49 82 3 100 22910152 2.090884832
114 131 3 100 24631 2.090977522
23 128 3 100 4186849 2.090998938
117 131 3 100 4489 2.091187313
18 130 3 100 47355 2.091244861
18 131 3 100 1273249 2.091254127
66 131 3 100 25192 2.091259699
114 129 3 100 8351 2.091270290
99 128 3 100 3045 2.091356895
84 128 3 100 8434 2.091375700
82 114 3 100 3351 2.091515561
107 130 3 100 13173 2.091542679
119 129 3 100 8073 2.091558958
61 130 3 100 8481272 2.091665666
57 131 3 100 2148711 2.091667238
83 129 3 100 4278848 2.091710502
41 131 3 100 334811 2.091759223
85 130 3 100 186478 2.091778668
20 131 3 100 3276810 2.091803518
2 131 3 100 13399 2.091836836
62 63 3 100 47002 2.091837259
89 129 3 100 4751163 2.091957439
63 130 3 100 5847 2.091977818
67 131 3 100 32173 2.092015599
7 131 3 100 427111 2.092039940
9 128 3 100 64807 2.092092931
69 129 3 100 3369330 2.092104432
48 131 3 100 2542861 2.092146625
25 87 3 100 28020 2.092201675
105 129 3 100 25093 2.092318253
52 128 3 100 9463955 2.092337422
108 130 3 100 55625 2.092390053
103 128 3 100 7006980 2.092401965
94 130 3 100 52786 2.092426776
80 130 3 100 5281363 2.092450705
0 32 3 100 45555 2.092456509
71 130 3 100 144366 2.092482435
0 130 3 100 41475 2.092517835
109 131 3 100 75463 2.092529378
41 129 3 100 8246 2.092543354
119 131 3 100 7265170 2.092631304
48 131 3 100 397576 2.092656556
120 50 3 100 4647 2.092692115
63 128 3 100 5913 2.092804526
84 128 3 100 2173178 2.092814998
21 130 3 100 58840 2.092823914
125 128 3 100 25164 2.092827615
24 131 3 100 5907271 2.092856084
27 131 3 100 44196 2.092888654
66 130 3 100 102760 2.092918298
122 75 3 100 546625 2.092923410
102 128 3 100 24166 2.092959137
127 130 3 100 58017 2.092985374
3 128 3 100 19778 2.093092165
62 130 3 100 72804 2.093171258
62 130 3 100 16242 2.093223345
56 128 3 100 14953593 2.093232937
55 131 3 100 9380 2.093277861
99 126 3 100 1649149 2.093286829
36 131 3 100 8719 2.093380942
67 128 3 100 40541 2.093521743
32 130 3 100 41425 2.093546420
77 131 3 100 11995 2.093552332
34 130 3 100 441978 2.093583926
94 128 3 100 4 2.093605391
125 128 3 100 195330 2.093647956
52 131 3 100 103873 2.093735872
76 129 3 100 21603 2.093795315
104 128 3 100 15969992 2.093855066
24 129 3 100 77786 2.093881180
54 131 3 100 33244 2.093945665
80 129 3 100 6549 2.093948527
84 131 3 100 4893701 2.093972421
7 130 3 100 54037 2.093997542
76 129 3 100 1972902 2.094010803
20 131 3 100 70302 2.094081201
14 128 3 100 2481 2.094092713
35 129 3 100 291 2.094180792
94 130 3 100 5208 2.094314862
107 128 3 100 2339283 2.094349483
98 129 3 100 32044 2.094499874
56 129 3 100 6973397 2.094522773
119 130 3 100 45969 2.094536112
4 128 3 100 9046 2.094561528
72 129 3 100 29020 2.094671864
61 89 3 100 6190 2.094683374
72 129 3 100 32937 2.094686794
106 128 3 100 2725406 2.094703058
87 130 3 100 36481 2.094931003
82 129 3 100 14206 2.094963828
18 131 3 100 17352 2.094968922
63 131 3 100 12792 2.094986599
76 19 3 100 75696 2.095074904
5 129 3 100 7381838 2.095075483
18 128 3 100 43581 2.095107670
16 129 3 100 1048864 2.095112730
106 130 3 100 1103863 2.095118020
82 128 3 100 18825163 2.095196147
21 131 3 100 1157629 2.095201100
6 130 3 100 1423593 2.095220091
5 128 3 100 1965885 2.095229943
2 21 3 100 4542 2.095275710
113 129 3 100 153255 2.095314353
40 129 3 100 60866 2.095315582
16 128 3 100 11623 2.095337143
58 131 3 100 3657818 2.095349499
111 130 3 100 34519 2.095352216
118 131 3 100 5998203 2.095355513
94 130 3 100 16939691 2.095385911
77 129 3 100 77815 2.095444869
20 129 3 100 12333 2.095451988
25 67 3 100 75087 2.095463376
108 128 3 100 3856951 2.095547762
38 130 3 100 66473 2.095576207
6 128 3 100 9221 2.095642838
126 128 3 100 918991 2.095735563
127 130 3 100 4678041 2.095741389
38 128 3 100 677815 2.095760763
50 128 3 100 16296 2.095783994
109 131 3 100 136978 2.095824975
0 6 3 100 166073 2.095827528
42 131 3 100 68928 2.095832586
13 129 3 100 3693130 2.095873206
58 128 3 100 4471909 2.096018892
126 128 3 100 37836 2.096402129
101 129 3 100 9324 2.096404262
126 128 3 100 36404 2.096428897
48 129 3 100 6295971 2.096480949
78 129 3 100 71133 2.096560119
5 130 3 100 62179 2.096608612
48 129 3 100 100901 2.097002316
42 130 3 100 1094594 2.097109411
118 130 3 100 8003 2.097119035
21 80 3 100 58762 2.097220172
7 131 3 100 89723 2.097224052
81 131 3 100 1630887 2.097273858
125 130 3 100 20798 2.097293721
125 131 3 100 4229129 2.097307611
80 130 3 100 1252711 2.097427665
20 128 3 100 30197 2.097719397
89 130 3 100 38867 2.097861555
81 25 3 100 24006 2.097869950
71 131 3 100 32442 2.097924731
4 129 3 100 24744 2.097926192
82 131 3 100 79160 2.098000278
4 129 3 100 2430436 2.098373724
34 129 3 100 1695841 2.098406576
52 128 3 100 646427 2.098444363
71 130 3 100 70864 2.098581889
118 131 3 100 1280 2.098873767
118 130 3 100 13805 2.099140653
40 129 3 100 1610848 2.099426822
7 130 3 100 1365074 2.099525947
