8059 
77 49 3 100 3662822 2.000028704
78 76 3 100 7939831 2.000190873
64 57 3 100 1251990 2.000261697
72 78 3 100 27404 2.000289814
61 10 3 100 17246399 2.000528491
23 239 3 100 1487492 2.000629795
55 45 3 100 19046905 2.000652019
36 20 3 100 1296327 2.000761982
53 88 3 100 9571 2.000893837
22 62 3 100 197633 2.000941654
58 21 3 100 1630598 2.001039190
97 229 3 100 43474 2.001169029
7 94 3 100 26556 2.001426310
105 5 3 100 1051168 2.001548330
108 62 3 100 742049 2.001563975
42 88 3 100 21404 2.001624527
125 112 3 100 4366 2.001641725
126 179 3 100 11989940 2.001642653
39 92 3 100 73147 2.001660024
75 6 3 100 253619 2.002117022
33 111 3 100 49645 2.002424944
69 8 3 100 59704 2.002479025
117 99 3 100 9000 2.002684293
69 137 3 100 361084 2.002874993
20 34 3 100 7342 2.003105376
106 62 3 100 893504 2.003447123
75 63 3 100 1840706 2.003472648
16 73 3 100 37146 2.003511557
79 93 3 100 3643231 2.003758812
112 237 3 100 23561 2.003786210
120 95 3 100 293676 2.003820988
99 56 3 100 7309 2.003937155
53 9 3 100 4474 2.004062315
7 71 3 100 1855651 2.004253136
108 98 3 100 31569 2.004274093
34 207 3 100 8382262 2.004366556
55 16 3 100 33093 2.004458743
10 63 3 100 796 2.004510454
117 18 3 100 21546 2.004600915
58 113 3 100 1172588 2.004653645
90 35 3 100 45134 2.004676840
58 217 3 100 75692 2.004697222
76 23 3 100 63754 2.004701468
38 34 3 100 54529 2.005004422
107 94 3 100 36536 2.005045621
33 90 3 100 44695 2.005114014
105 100 3 100 5127960 2.005274837
60 198 3 100 9271657 2.005529186
64 125 3 100 1234902 2.005645975
106 111 3 100 135166 2.005660406
62 24 3 100 20651 2.005975512
58 40 3 100 75162 2.006068205
94 93 3 100 574177 2.006078562
20 147 3 100 5918 2.006225618
42 32 3 100 3734 2.006237744
115 88 3 100 11272 2.006392503
54 3 3 100 477739 2.006429973
40 32 3 100 36543 2.006496623
95 110 3 100 72489 2.006617891
123 216 3 100 417042 2.006716302
96 117 3 100 67307 2.006772627
69 18 3 100 1313537 2.006950603
122 127 3 100 43498 2.007148915
39 109 3 100 56534 2.007280932
38 37 3 100 285022 2.007414837
24 223 3 100 142630 2.007515249
115 16 3 100 81942 2.007628538
85 53 3 100 15477 2.007674227
20 9 3 100 73899 2.007826076
63 41 3 100 209 2.007855239
31 120 3 100 1279853 2.008213457
23 248 3 100 18845 2.008258726
98 52 3 100 4381751 2.008448210
17 25 3 100 5841 2.008529900
17 87 3 100 20748639 2.008794856
7 11 3 100 22622011 2.009059311
11 45 3 100 2633803 2.009633399
80 235 3 100 2302806 2.009706192
81 126 3 100 28446 2.009770324
48 108 3 100 46736 2.009833982
21 68 3 100 26540 2.010479181
58 21 3 100 42694 2.010653231
8 87 3 100 88222 2.010679812
68 157 3 100 34089 2.010729390
116 34 3 100 47973 2.010756877
97 35 3 100 540671 2.010761211
11 123 3 100 3992772 2.010820928
4 11 3 100 64391 2.010821850
127 76 3 100 63102 2.010866919
65 219 3 100 4480 2.010929710
106 70 3 100 24071 2.010959612
51 49 3 100 671641 2.011110688
98 47 3 100 26021 2.011124318
14 113 3 100 917169 2.011235275
19 9 3 100 25027 2.011377090
124 138 3 100 145577 2.011502627
114 113 3 100 461609 2.011522313
21 30 3 100 1131683 2.011608189
14 1 3 100 12461111 2.011897020
38 46 3 100 19099 2.011927655
54 108 3 100 732 2.012008443
33 174 3 100 5666 2.012125106
36 115 3 100 255686 2.012172530
110 24 3 100 195575 2.012233589
60 66 3 100 3495989 2.012274055
52 12 3 100 4318976 2.012289953
97 19 3 100 34649 2.012304422
89 182 3 100 27949 2.012503357
85 64 3 100 44640 2.012847349
117 52 3 100 1879191 2.013071086
61 17 3 100 16147 2.013323288
124 114 3 100 863051 2.013545612
112 18 3 100 8560323 2.013759423
84 160 3 100 1081 2.013866486
17 6 3 100 4979406 2.013938957
70 91 3 100 693911 2.014097202
111 3 3 100 2689680 2.014138749
119 68 3 100 38393 2.014152237
53 94 3 100 2440307 2.014196877
7 245 3 100 20724 2.014223706
32 98 3 100 42939 2.014243453
82 120 3 100 1724166 2.014302952
41 78 3 100 8362 2.014991184
13 72 3 100 18381967 2.015093706
17 39 3 100 14023 2.015109266
33 165 3 100 75946 2.015209639
91 11 3 100 5722 2.015267959
97 119 3 100 8420662 2.015321860
50 104 3 100 49618 2.015453312
70 32 3 100 4345155 2.015583883
124 75 3 100 8192373 2.015686553
56 189 3 100 335934 2.015744276
68 14 3 100 9863 2.015879044
111 34 3 100 29610 2.016101437
125 4 3 100 10973387 2.016204279
3 64 3 100 9496 2.016351021
55 5 3 100 22625 2.016383320
77 178 3 100 36897 2.016532984
114 70 3 100 4483 2.016763392
94 92 3 100 427881 2.017032518
19 32 3 100 49614 2.017065683
66 74 3 100 33337 2.017090847
114 22 3 100 53979 2.017107299
0 238 3 100 1970851 2.017184487
105 120 3 100 28080 2.017438221
53 110 3 100 1321086 2.017447844
12 28 3 100 1520501 2.017489724
28 102 3 100 9575 2.017865258
105 49 3 100 5233 2.018082809
105 247 3 100 2547950 2.018210098
61 96 3 100 30022 2.018293626
98 43 3 100 732885 2.018326342
112 37 3 100 9255 2.018424302
13 93 3 100 23448 2.018657517
105 3 3 100 110957 2.018746579
69 181 3 100 12818 2.018786954
25 98 3 100 71821 2.018802195
116 109 3 100 6587491 2.018824169
43 23 3 100 42431 2.019149770
121 82 3 100 71596 2.019291622
66 123 3 100 71093 2.019319908
125 178 3 100 4635 2.019521026
51 30 3 100 118079 2.019631223
86 44 3 100 797482 2.019841846
105 84 3 100 49288 2.019992961
26 66 3 100 25028 2.020074843
2 53 3 100 776063 2.020425459
116 147 3 100 74918 2.020439872
13 80 3 100 49588 2.020532228
27 12 3 100 224556 2.020575237
106 118 3 100 54151 2.020828763
52 125 3 100 27523 2.020933710
93 44 3 100 1963057 2.021022412
62 173 3 100 2825779 2.021088383
41 50 3 100 123562 2.021089016
46 51 3 100 11763355 2.021174440
5 93 3 100 38946 2.021184170
90 66 3 100 4159764 2.021196644
73 78 3 100 2477482 2.021404957
98 164 3 100 76231 2.021421479
107 116 3 100 5525853 2.021446467
113 46 3 100 71435 2.021532231
7 83 3 100 47266 2.021545793
5 7 3 100 70400 2.021563504
88 123 3 100 7861 2.021898981
49 176 3 100 6512 2.021944606
2 83 3 100 3625694 2.022604801
30 115 3 100 27731 2.022642781
42 79 3 100 6158 2.022726899
25 46 3 100 32721 2.022793971
111 32 3 100 1585227 2.022795582
23 170 3 100 4089 2.022890166
117 28 3 100 111284 2.023062272
27 104 3 100 3376092 2.023212125
16 58 3 100 27940726 2.023226365
88 50 3 100 330578 2.023332128
63 90 3 100 60160 2.023411599
93 236 3 100 7312108 2.023412224
84 120 3 100 40199 2.023424723
112 32 3 100 74935 2.023580791
46 24 3 100 6957265 2.023758395
84 111 3 100 21856 2.023843101
116 76 3 100 29044 2.023868392
41 130 3 100 29410 2.023881809
66 29 3 100 60479 2.024055041
76 127 3 100 45691 2.024092493
9 67 3 100 2987955 2.024145050
86 68 3 100 133858 2.024613328
18 109 3 100 192158 2.024741889
101 199 3 100 54544 2.024913167
51 26 3 100 71443 2.024933736
43 105 3 100 1108297 2.024997280
68 119 3 100 26793 2.025313993
1 27 3 100 1385374 2.025402168
79 127 3 100 3519 2.025675366
89 164 3 100 2766487 2.025813289
69 72 3 100 2080591 2.025890177
71 46 3 100 9271515 2.025941714
92 106 3 100 46521 2.026151000
114 3 3 100 74602 2.026619987
89 120 3 100 28874851 2.026690135
17 233 3 100 71525 2.026819081
97 8 3 100 36446 2.026953914
27 115 3 100 20433 2.026990802
48 79 3 100 66913 2.026991173
104 20 3 100 33804 2.027074637
45 32 3 100 39809 2.027092576
26 198 3 100 29322 2.027296098
21 77 3 100 9314 2.027409409
100 68 3 100 17039 2.027509710
28 98 3 100 3890 2.027530716
76 41 3 100 4255310 2.027645684
103 123 3 100 4612143 2.027871117
61 175 3 100 69561 2.027985673
3 121 3 100 24774 2.028658137
66 118 3 100 45993 2.028671892
5 64 3 100 7401 2.029137419
62 118 3 100 82491 2.029203674
100 97 3 100 2756699 2.029432894
126 190 3 100 24130 2.029549762
44 65 3 100 77506 2.029581544
114 50 3 100 27439 2.029605238
10 106 3 100 19197 2.029665834
46 98 3 100 1107678 2.029730737
60 111 3 100 956325 2.029769808
35 181 3 100 18995 2.029786354
27 104 3 100 9070436 2.029819551
96 48 3 100 95851 2.029822450
23 125 3 100 20981 2.029912420
106 32 3 100 123031 2.030008814
101 23 3 100 39339 2.030079381
7 245 3 100 4430386 2.030239647
116 83 3 100 3022930 2.030296659
127 68 3 100 33661 2.030299399
106 94 3 100 6886 2.030345800
1 79 3 100 62074 2.030371014
15 14 3 100 34281 2.030565443
72 205 3 100 112009 2.030615479
100 91 3 100 9489850 2.030660453
63 115 3 100 93776 2.030662593
126 64 3 100 141426 2.030701167
14 56 3 100 811576 2.031003659
110 12 3 100 527549 2.031131953
105 201 3 100 8611 2.031140450
114 116 3 100 3542 2.031194798
97 116 3 100 6895 2.031274740
114 105 3 100 34765 2.031397772
85 60 3 100 220504 2.031419488
15 226 3 100 1276461 2.031442584
46 89 3 100 171768 2.031469808
17 98 3 100 1378135 2.031590149
15 56 3 100 1813 2.031601023
11 118 3 100 29735 2.031984236
21 35 3 100 8855 2.032040796
3 205 3 100 48783 2.032052720
119 116 3 100 42446 2.032080365
40 99 3 100 8871303 2.032093750
67 80 3 100 384943 2.032095095
94 113 3 100 6760466 2.032232996
105 95 3 100 17800456 2.032924151
9 244 3 100 669164 2.032946506
10 57 3 100 38506 2.032947963
106 42 3 100 12466 2.032999987
15 50 3 100 2667289 2.033131607
95 34 3 100 1047986 2.033168667
126 89 3 100 1907013 2.033246893
97 171 3 100 76019 2.033369636
39 30 3 100 22177083 2.033373644
86 103 3 100 4120 2.033594474
78 127 3 100 37500 2.033910659
0 102 3 100 67692 2.034419570
121 4 3 100 2371674 2.034421082
52 191 3 100 9402 2.034584686
72 53 3 100 38801 2.034734175
103 61 3 100 3043 2.034858911
113 85 3 100 6423 2.034917867
93 19 3 100 57744 2.034965120
77 25 3 100 3620060 2.034989341
59 175 3 100 2706499 2.034996618
34 115 3 100 3925675 2.035088505
119 57 3 100 20483 2.035295409
27 122 3 100 65670 2.035302001
48 68 3 100 1001233 2.035473398
100 27 3 100 79242 2.035477797
24 212 3 100 6332775 2.035640109
120 85 3 100 6218 2.035755350
41 59 3 100 71743 2.035762725
16 115 3 100 205742 2.036059311
34 38 3 100 25926834 2.036170310
35 87 3 100 22672 2.036199068
110 161 3 100 50289 2.036296486
70 69 3 100 189134 2.036329931
112 33 3 100 1736169 2.036457566
102 17 3 100 27762 2.036495178
119 89 3 100 64575 2.036548475
65 26 3 100 685776 2.036626051
53 253 3 100 1890310 2.036937755
111 14 3 100 326252 2.037005676
53 21 3 100 29908 2.037040555
70 65 3 100 2093755 2.037087993
73 47 3 100 1705490 2.037263965
75 123 3 100 53578 2.037268330
27 141 3 100 334920 2.037371730
29 20 3 100 1727052 2.037372699
20 125 3 100 1615198 2.037391071
14 75 3 100 19451 2.037732176
7 33 3 100 14034 2.037862801
85 153 3 100 36911 2.037923899
99 16 3 100 179630 2.037990111
10 105 3 100 3634 2.038217718
59 95 3 100 24594 2.038526380
31 62 3 100 8793 2.038540659
93 114 3 100 25502816 2.038595919
111 192 3 100 25008 2.038633527
14 62 3 100 59162 2.038832488
30 109 3 100 6863 2.038914479
43 9 3 100 56548 2.039131059
89 32 3 100 531313 2.039241991
66 30 3 100 60623 2.039259178
4 237 3 100 70257 2.039355118
106 116 3 100 43518 2.039841317
31 2 3 100 92410 2.039960659
95 20 3 100 312913 2.040020417
111 72 3 100 3394 2.040143403
97 53 3 100 55838 2.040250960
33 224 3 100 23998050 2.040283589
109 106 3 100 222770 2.040308816
24 125 3 100 43975 2.040580788
29 18 3 100 12134 2.040650947
56 99 3 100 6177 2.040689600
45 68 3 100 64546 2.040739857
96 182 3 100 91391 2.040773006
118 72 3 100 3195 2.040777398
118 80 3 100 2786923 2.040824282
85 4 3 100 999114 2.041097451
116 88 3 100 4552784 2.041171776
107 238 3 100 298444 2.041530721
3 64 3 100 43954 2.041616628
105 52 3 100 105236 2.041631840
59 88 3 100 973052 2.041660489
38 82 3 100 1985 2.041675306
60 102 3 100 4004625 2.041702816
48 241 3 100 53468 2.041769504
14 102 3 100 2712 2.041827608
7 120 3 100 36102 2.041874565
1 85 3 100 26070 2.041938657
52 66 3 100 1812 2.042145664
53 91 3 100 197304 2.042439464
14 145 3 100 1765911 2.042842049
88 62 3 100 72778 2.042868308
92 80 3 100 51906 2.043056949
42 44 3 100 1686677 2.043118405
107 6 3 100 59938 2.043391609
43 31 3 100 1499616 2.043567365
116 206 3 100 38180 2.043581798
11 98 3 100 9289 2.043720684
116 61 3 100 3905364 2.043768476
81 61 3 100 1778310 2.044034372
107 17 3 100 20983 2.044042041
76 67 3 100 172 2.044163413
58 191 3 100 475080 2.044194698
110 55 3 100 77579 2.044359808
67 61 3 100 10899 2.044446804
56 80 3 100 5867 2.044463785
10 38 3 100 12917 2.044970140
59 102 3 100 1236965 2.045177482
1 180 3 100 41863 2.045265801
25 91 3 100 57999 2.045339124
100 57 3 100 18268843 2.045581033
3 40 3 100 25151 2.045748158
86 110 3 100 22237 2.045758464
4 15 3 100 4393131 2.045951145
28 138 3 100 43683 2.046014745
95 103 3 100 9672 2.046015255
59 73 3 100 6995170 2.046042654
124 61 3 100 43846 2.046248291
76 75 3 100 1049042 2.046399136
108 144 3 100 490875 2.046538060
81 68 3 100 74782 2.046625085
104 21 3 100 79744 2.046785712
29 103 3 100 25039 2.046832115
124 119 3 100 1070819 2.047036825
38 49 3 100 877775 2.047063058
95 185 3 100 3088815 2.047087344
0 74 3 100 61953 2.047259198
127 121 3 100 41359 2.047367605
30 6 3 100 952350 2.047406156
33 76 3 100 7670 2.047531340
6 77 3 100 1688534 2.047875070
123 242 3 100 4388345 2.047888028
6 106 3 100 3636687 2.047972285
24 22 3 100 3558140 2.048115794
110 38 3 100 53666 2.048143939
67 93 3 100 1012743 2.048435344
115 126 3 100 547387 2.048588487
60 193 3 100 652347 2.048631697
23 39 3 100 13815 2.048856087
66 46 3 100 1840614 2.048878996
49 90 3 100 9913 2.048925794
52 99 3 100 120628 2.049001327
112 142 3 100 491 2.049211803
63 60 3 100 65330 2.049300960
70 96 3 100 7320227 2.049317609
65 86 3 100 82728 2.049402169
28 116 3 100 933 2.049403657
115 47 3 100 15494 2.049413138
13 176 3 100 52327 2.049421694
126 56 3 100 74881 2.049428922
82 110 3 100 1741880 2.049565743
34 92 3 100 69125 2.049586466
61 103 3 100 79370 2.049587774
101 183 3 100 57721 2.049644753
47 38 3 100 24887 2.049645438
34 23 3 100 1885106 2.049694459
116 79 3 100 9287 2.049734278
98 40 3 100 1964009 2.049972666
116 111 3 100 3299662 2.050253197
96 128 3 100 1914626 2.050316207
84 29 3 100 296963 2.050445076
2 90 3 100 45389 2.050602684
72 103 3 100 7001 2.050607722
12 108 3 100 28895 2.050685072
5 31 3 100 5717 2.050992883
62 251 3 100 1911873 2.051078613
80 33 3 100 5303948 2.051120447
90 13 3 100 1279984 2.051141325
21 12 3 100 28193 2.051162957
74 109 3 100 42995 2.051236729
74 89 3 100 7253689 2.051283835
58 185 3 100 66483 2.051463637
63 76 3 100 9210761 2.051551455
17 63 3 100 23708 2.051562310
46 63 3 100 74830 2.051906087
97 71 3 100 40961 2.052125172
49 103 3 100 4778 2.052230778
117 190 3 100 83975 2.052338039
68 125 3 100 329363 2.052357964
71 10 3 100 7837 2.052371796
11 4 3 100 26552 2.052475036
84 56 3 100 1144 2.052495556
12 92 3 100 140702 2.052699085
75 192 3 100 4204983 2.052866341
12 53 3 100 2214888 2.052928141
14 85 3 100 660070 2.052949888
43 86 3 100 57911 2.052955366
94 121 3 100 5661557 2.053119129
92 79 3 100 25501 2.053123825
11 49 3 100 20681 2.053288297
114 115 3 100 15960943 2.053416975
9 41 3 100 150033 2.053848215
85 91 3 100 55964 2.054114589
125 15 3 100 1282 2.054374886
43 152 3 100 76667 2.054399047
42 18 3 100 2633 2.054458745
50 104 3 100 25319 2.054530838
55 111 3 100 867356 2.054553322
48 31 3 100 3263927 2.054583138
93 39 3 100 7730576 2.054589781
64 153 3 100 6306 2.054686451
51 23 3 100 150258 2.054795866
6 56 3 100 1054611 2.054806767
15 104 3 100 33419 2.054851464
4 127 3 100 1891210 2.055015116
126 86 3 100 46426 2.055233251
92 197 3 100 8449 2.055241936
104 69 3 100 22372515 2.055367155
14 83 3 100 8767282 2.055397265
127 57 3 100 4406034 2.055410150
41 120 3 100 904986 2.055495291
93 92 3 100 5035908 2.055602483
62 182 3 100 91882 2.055763559
33 85 3 100 18579 2.055939414
58 112 3 100 1943338 2.056083004
101 52 3 100 162736 2.056157537
5 111 3 100 59240 2.056189866
89 62 3 100 18571 2.056243313
117 176 3 100 2266462 2.056307121
81 48 3 100 99571 2.056350029
45 121 3 100 20056 2.056469857
17 90 3 100 6341 2.056624969
34 93 3 100 1445977 2.056653884
51 180 3 100 4964533 2.056773460
3 39 3 100 157627 2.056788935
4 6 3 100 5064 2.056821343
86 104 3 100 9727 2.056945148
48 99 3 100 71034 2.056998175
52 65 3 100 751925 2.057196173
71 147 3 100 28123 2.057196827
16 107 3 100 5840131 2.057270788
43 0 3 100 586965 2.057339764
100 43 3 100 3052 2.057350310
40 90 3 100 33624 2.057534866
32 122 3 100 1436 2.057537376
121 138 3 100 7029 2.057611655
118 101 3 100 7983 2.057616989
82 86 3 100 4852478 2.058317892
42 100 3 100 2951588 2.058341195
103 66 3 100 374578 2.058352664
12 71 3 100 75610 2.058356889
41 249 3 100 54018 2.058358047
4 75 3 100 28685 2.058699629
109 13 3 100 139033 2.058731201
1 18 3 100 1669924 2.058823390
3 36 3 100 5496 2.058984653
73 81 3 100 138051 2.059084736
20 231 3 100 59873 2.059127318
43 124 3 100 853163 2.059307188
92 47 3 100 27716 2.059503733
7 107 3 100 30006 2.059631299
77 4 3 100 3925 2.059694185
61 148 3 100 29266 2.059695067
48 95 3 100 574026 2.059710348
32 71 3 100 1675029 2.059734331
21 101 3 100 27543 2.059786333
67 123 3 100 1993900 2.059816801
14 117 3 100 27095 2.059841318
28 151 3 100 8428832 2.059919235
90 28 3 100 2350 2.059955892
104 6 3 100 15761 2.059981748
26 110 3 100 55129 2.060055636
99 73 3 100 44008 2.060283485
77 101 3 100 27502 2.060506107
121 233 3 100 807489 2.060718632
5 73 3 100 6976954 2.060764244
120 57 3 100 139486 2.060903232
80 82 3 100 24017 2.060996376
20 7 3 100 33444 2.061033847
93 211 3 100 117132 2.061247614
2 105 3 100 1301087 2.061516204
2 15 3 100 20075 2.061675613
63 98 3 100 926173 2.062051532
88 99 3 100 4916 2.062084416
94 192 3 100 3689242 2.062334698
40 32 3 100 25904220 2.062451234
70 80 3 100 5733683 2.062617388
69 91 3 100 49332 2.062649884
91 61 3 100 60751 2.062698209
17 19 3 100 14921883 2.062706690
72 130 3 100 1439148 2.062809142
110 31 3 100 1468575 2.062811104
69 50 3 100 8149 2.063057342
93 12 3 100 23075 2.063446668
77 71 3 100 576258 2.063494180
124 204 3 100 1407617 2.063567502
119 114 3 100 2292965 2.063595034
76 111 3 100 4257199 2.063648741
63 126 3 100 9939140 2.063760018
116 30 3 100 1217461 2.063809008
83 192 3 100 6680 2.063826810
18 21 3 100 41522 2.063997569
123 9 3 100 8273 2.064015112
62 104 3 100 43874 2.064164647
73 86 3 100 757 2.064421215
98 155 3 100 472906 2.064461490
85 86 3 100 70962 2.064549078
59 93 3 100 76985 2.064625343
92 18 3 100 151040 2.064695157
85 115 3 100 44122 2.064770537
9 146 3 100 2033 2.065094012
16 127 3 100 901516 2.065119625
83 106 3 100 10410755 2.065234926
38 99 3 100 920219 2.065282941
98 104 3 100 77756 2.065323972
125 121 3 100 70416 2.065464563
9 151 3 100 22798235 2.065470475
11 52 3 100 2103 2.065507542
97 30 3 100 26394 2.065545227
112 117 3 100 2145 2.065594078
14 119 3 100 662840 2.065747259
7 93 3 100 4894578 2.065998211
92 143 3 100 74312 2.066035834
87 84 3 100 13371 2.066206489
64 79 3 100 1188860 2.066223664
60 104 3 100 282004 2.066269355
55 110 3 100 4859888 2.066332133
52 28 3 100 71227 2.066471271
104 220 3 100 637825 2.066473675
41 84 3 100 9630 2.066679005
17 115 3 100 989897 2.066691554
29 88 3 100 10346 2.066935071
35 37 3 100 3339231 2.067066486
83 51 3 100 12014 2.067082595
105 144 3 100 7470026 2.067127186
31 44 3 100 79251 2.067194848
55 46 3 100 4424 2.067201383
56 109 3 100 1868601 2.067445466
88 117 3 100 50460 2.067544868
18 160 3 100 5075 2.067599490
61 87 3 100 166875 2.067638662
38 69 3 100 64188 2.067664402
14 102 3 100 9664367 2.067877517
119 34 3 100 224 2.067902993
38 27 3 100 62858 2.068248194
92 170 3 100 2871751 2.068319244
95 71 3 100 670358 2.068340201
68 52 3 100 19230 2.068399797
81 36 3 100 1778796 2.068481144
123 85 3 100 14624235 2.068797777
66 130 3 100 8098195 2.068848187
76 45 3 100 3540848 2.068854295
19 111 3 100 21537195 2.069215436
85 45 3 100 3204 2.069240372
16 101 3 100 999 2.069314018
69 29 3 100 7930 2.069319607
93 183 3 100 1669519 2.069328305
59 18 3 100 58918 2.069438174
7 114 3 100 16119 2.069518857
109 105 3 100 1968695 2.069686735
41 50 3 100 13323157 2.069698030
108 55 3 100 62692 2.069711350
101 123 3 100 18953 2.069849919
66 0 3 100 30104 2.070030425
82 101 3 100 673290 2.070095274
101 27 3 100 7330807 2.070111638
42 94 3 100 13731160 2.070180292
102 129 3 100 6096333 2.070263598
39 12 3 100 7433 2.070337607
1 75 3 100 1553848 2.070399627
8 22 3 100 56672 2.070496134
31 23 3 100 7621728 2.070518428
53 90 3 100 4284766 2.070654026
62 144 3 100 7972 2.070680205
23 77 3 100 4931 2.070691879
125 4 3 100 69632 2.070830318
18 76 3 100 44307 2.070899450
43 91 3 100 21894 2.070999645
19 162 3 100 25540 2.071403299
37 33 3 100 3415878 2.071693692
117 87 3 100 8500 2.071733912
125 50 3 100 24493 2.071780382
55 34 3 100 41039 2.071806862
118 154 3 100 1797973 2.071810028
112 58 3 100 21763146 2.071811009
32 45 3 100 260 2.071984164
88 95 3 100 5769 2.072014039
16 35 3 100 40658 2.072090976
76 119 3 100 31671 2.072300701
98 164 3 100 4606113 2.072325220
53 33 3 100 29268 2.072437074
29 98 3 100 3431534 2.072880665
18 0 3 100 26931 2.072894429
0 73 3 100 20255551 2.072957924
31 245 3 100 6393 2.073047536
33 117 3 100 43220 2.073064747
85 87 3 100 47653 2.073087949
84 43 3 100 651587 2.073337358
46 105 3 100 75941 2.073350743
116 189 3 100 8326375 2.073496869
27 10 3 100 8917 2.073547059
12 97 3 100 4945 2.073561393
60 20 3 100 46895 2.073695432
9 98 3 100 1391945 2.073754183
12 76 3 100 74901 2.073839685
109 200 3 100 1948282 2.074005818
3 70 3 100 39371 2.074149259
126 88 3 100 2460697 2.074187280
102 127 3 100 1021293 2.074299479
7 43 3 100 17986 2.074882445
31 57 3 100 1979823 2.074917053
88 231 3 100 7735 2.074940919
14 30 3 100 12710 2.075125185
98 64 3 100 6811 2.075401162
18 70 3 100 1607412 2.075426266
8 23 3 100 488998 2.075532331
33 240 3 100 75542 2.075541283
70 71 3 100 21966 2.075626786
50 55 3 100 7765285 2.075732301
38 43 3 100 190599 2.075892127
56 35 3 100 2376 2.076005727
43 41 3 100 118127 2.076015363
9 183 3 100 362234 2.076034742
21 118 3 100 1591612 2.076295348
18 11 3 100 50624 2.076367171
38 35 3 100 7107295 2.076966210
105 132 3 100 6092 2.077179400
33 34 3 100 3635 2.077293908
75 79 3 100 26512 2.077306916
76 2 3 100 44734 2.077346760
105 62 3 100 56388 2.077752829
69 171 3 100 1830322 2.078037427
14 40 3 100 21030152 2.078089372
97 11 3 100 144065 2.078158740
97 69 3 100 9425 2.078231254
62 195 3 100 31880 2.078720635
89 97 3 100 4946947 2.078733270
29 28 3 100 6250208 2.078761201
15 60 3 100 44811 2.078901295
66 75 3 100 237045 2.079017044
88 200 3 100 2492159 2.079118547
66 18 3 100 3441364 2.079182286
61 99 3 100 78523 2.079342209
98 103 3 100 71994 2.079569019
71 85 3 100 517134 2.079619801
125 56 3 100 8308 2.079765211
50 110 3 100 2410986 2.079876526
116 70 3 100 14763 2.080054294
34 14 3 100 79413 2.080263863
61 82 3 100 38947 2.080305977
57 65 3 100 876033 2.080306651
40 219 3 100 16990086 2.080338228
83 111 3 100 37294 2.080406056
87 39 3 100 18971 2.080443709
27 89 3 100 247505 2.080556926
126 255 3 100 50451 2.081007451
124 114 3 100 2842 2.081119160
59 105 3 100 1586035 2.081139317
10 27 3 100 6961541 2.081156070
75 42 3 100 1185593 2.081343335
95 239 3 100 44434 2.081484931
51 114 3 100 2401 2.081767129
67 110 3 100 1810243 2.081860930
95 19 3 100 3067324 2.081906829
66 115 3 100 16218 2.081957409
34 132 3 100 17835544 2.081988738
124 111 3 100 28027 2.082053831
57 3 3 100 23797302 2.082480097
107 14 3 100 1839583 2.082499496
107 153 3 100 7825 2.082812496
57 99 3 100 2442 2.082953175
98 10 3 100 1180495 2.082962643
52 108 3 100 62406 2.083229578
127 12 3 100 47631 2.083620304
127 84 3 100 11310957 2.083967326
23 4 3 100 3820 2.084079572
37 64 3 100 52906 2.084289009
123 99 3 100 155366 2.084391366
11 158 3 100 1085129 2.084410496
1 78 3 100 2601180 2.084462726
31 90 3 100 15402 2.084784646
43 103 3 100 42443 2.084995311
74 127 3 100 74369 2.085054896
44 84 3 100 814123 2.085165438
101 64 3 100 1984887 2.085181109
92 94 3 100 875904 2.085189833
82 62 3 100 1761 2.085224314
45 228 3 100 29731 2.085466936
87 20 3 100 18289 2.085637250
43 27 3 100 570343 2.085644687
88 117 3 100 1522524 2.085720135
28 242 3 100 24298 2.085778846
101 88 3 100 123431 2.086019941
42 25 3 100 145208 2.086261060
89 121 3 100 38428 2.086640132
13 80 3 100 55958 2.086876961
10 235 3 100 273 2.086885633
56 9 3 100 4266606 2.087018969
41 102 3 100 389775 2.087361653
70 219 3 100 22112 2.087715230
76 36 3 100 62332 2.088080408
44 126 3 100 65040 2.088090752
51 66 3 100 1339983 2.088435947
93 73 3 100 66866 2.088471579
66 21 3 100 4238249 2.089174393
72 31 3 100 28354 2.089223970
73 44 3 100 7515 2.089329606
16 103 3 100 9900538 2.090399934
44 10 3 100 28038 2.091143701
127 6 3 100 182861 2.091155581
46 15 3 100 34449 2.091412327
93 241 3 100 235724 2.091454091
8 113 3 100 325970 2.091470593
66 54 3 100 53787 2.091737397
2 89 3 100 16913 2.091928658
76 154 3 100 197930 2.091992265
0 112 3 100 160572 2.092391363
86 99 3 100 23256 2.092393709
109 163 3 100 333628 2.092849844
0 118 3 100 8213936 2.093137264
87 125 3 100 41061 2.093181788
16 13 3 100 23594 2.093368657
70 197 3 100 1757046 2.093386236
85 193 3 100 5140734 2.094111199
0 71 3 100 4863726 2.094268307
85 8 3 100 2071 2.094270180
93 88 3 100 4897954 2.094758033
20 119 3 100 171298 2.095463760
116 71 3 100 70146 2.095482174
1 34 3 100 26803 2.095584914
28 125 3 100 71535 2.095587141
1 24 3 100 1999244 2.096517021
125 120 3 100 1429 2.096740712
44 71 3 100 58556 2.097029888
66 52 3 100 3364478 2.097363811
23 32 3 100 4640863 2.098145843
15 44 3 100 2324675 2.098850315
