2739 
127 70 3 100 18088 2.000014893
53 64 3 100 653377 2.000023021
63 66 3 100 50226 2.000075055
87 57 3 100 89331 2.000124442
60 72 3 100 1784407 2.000144017
40 126 3 100 47922 2.000158853
81 64 3 100 364692 2.000211166
37 106 3 100 37672 2.000254388
23 42 3 100 88779 2.000258924
22 129 3 100 59991 2.000303465
108 124 3 100 450580 2.000361516
30 7 3 100 30066 2.000387370
87 24 3 100 6655581 2.000419110
96 29 3 100 5355 2.000454402
25 68 3 100 47176 2.000524430
60 98 3 100 462043 2.000558338
33 69 3 100 429781 2.000564405
10 106 3 100 13857 2.000631541
80 98 3 100 22797 2.000694637
21 130 3 100 561079 2.000734428
58 13 3 100 48161 2.000738789
73 46 3 100 23065 2.000775944
127 6 3 100 32490 2.000874181
109 81 3 100 58907 2.000915778
68 17 3 100 48791 2.001010123
120 61 3 100 13812 2.001021251
72 50 3 100 409544 2.001068590
26 56 3 100 61588 2.001074332
33 26 3 100 79131 2.001082907
112 130 3 100 946837 2.001101766
60 61 3 100 6455643 2.001159215
104 27 3 100 19418 2.001228097
72 61 3 100 49154 2.001268152
71 76 3 100 946491 2.001283299
56 68 3 100 70361 2.001338621
55 14 3 100 648863 2.001376226
12 118 3 100 1582093 2.001455542
106 0 3 100 28178 2.001502031
127 30 3 100 863796 2.001619944
76 130 3 100 77236 2.001676019
41 91 3 100 518537 2.001680864
7 97 3 100 7452 2.001735795
11 43 3 100 40531 2.001747170
96 67 3 100 72923 2.001763004
55 25 3 100 21268 2.001790417
16 53 3 100 34971 2.001808008
79 97 3 100 21285 2.001880628
56 77 3 100 9667786 2.001884321
77 80 3 100 4656292 2.001885762
55 128 3 100 7633798 2.001921405
84 78 3 100 27479 2.001938678
4 124 3 100 38599 2.001968635
70 98 3 100 159686 2.001993905
111 112 3 100 9078 2.001997844
41 67 3 100 35431 2.002007797
101 28 3 100 109665 2.002017562
59 39 3 100 3283476 2.002080206
94 26 3 100 31803 2.002116172
22 17 3 100 19920 2.002127298
100 129 3 100 21832 2.002140138
4 36 3 100 65623 2.002168951
106 33 3 100 1102969 2.002235033
112 38 3 100 2658 2.002240359
29 82 3 100 4433782 2.002286390
38 127 3 100 41517 2.002298069
20 50 3 100 5251651 2.002338264
3 8 3 100 2384559 2.002360568
10 121 3 100 137016 2.002427990
94 82 3 100 4045195 2.002454950
106 130 3 100 2143 2.002523400
26 41 3 100 5744887 2.002555071
34 3 3 100 31626 2.002576069
88 120 3 100 9715 2.002594519
109 20 3 100 2664 2.002606814
118 2 3 100 44912 2.002640584
47 99 3 100 20742 2.002645943
45 22 3 100 47164 2.002659235
56 16 3 100 682168 2.002659587
114 81 3 100 1586694 2.002664789
76 130 3 100 1650242 2.002719591
14 66 3 100 34955 2.002771166
100 87 3 100 795728 2.002787201
34 10 3 100 707 2.002791165
63 80 3 100 5802681 2.002821519
33 27 3 100 32879 2.002882333
15 82 3 100 117 2.002932715
83 88 3 100 1876257 2.002933163
77 32 3 100 32191 2.003010773
51 90 3 100 9901185 2.003024564
96 131 3 100 1894317 2.003035596
84 83 3 100 2366223 2.003064946
11 20 3 100 1425405 2.003125300
105 21 3 100 683391 2.003125451
46 15 3 100 25970 2.003166103
117 7 3 100 56450 2.003295491
92 87 3 100 62569 2.003316769
53 120 3 100 26994 2.003341334
35 83 3 100 8305 2.003355205
64 112 3 100 1655840 2.003455034
90 130 3 100 8168642 2.003491856
49 106 3 100 1450556 2.003598930
96 115 3 100 20778 2.003636919
37 13 3 100 40962 2.003639456
91 87 3 100 79161 2.003640691
121 117 3 100 33627 2.003675796
67 126 3 100 52715 2.003687043
102 42 3 100 818062 2.003709313
82 58 3 100 78626 2.003742411
32 53 3 100 8265321 2.003760131
70 130 3 100 4902 2.003809058
19 47 3 100 5060 2.003836457
88 79 3 100 921554 2.003943903
22 69 3 100 1091040 2.003984171
28 81 3 100 1372401 2.004022237
112 9 3 100 302366 2.004025836
108 10 3 100 1987902 2.004039482
86 35 3 100 30786 2.004180993
119 19 3 100 71953 2.004206844
107 18 3 100 7810 2.004233450
92 128 3 100 371146 2.004264410
84 118 3 100 73997 2.004274582
8 37 3 100 35613 2.004358317
107 69 3 100 15059 2.004359949
98 99 3 100 4072 2.004378426
120 37 3 100 11336963 2.004391502
84 108 3 100 1 2.004412330
42 0 3 100 21816 2.004461918
75 60 3 100 23510 2.004473670
105 97 3 100 49868 2.004490040
118 131 3 100 2438199 2.004493395
116 69 3 100 838847 2.004520954
82 123 3 100 1334350 2.004582685
92 120 3 100 3891039 2.004627271
126 21 3 100 69743 2.004633107
65 54 3 100 79279 2.004667478
76 46 3 100 75692 2.004675407
89 74 3 100 8544 2.004685113
44 35 3 100 3762 2.004714024
27 24 3 100 20757 2.004770711
47 128 3 100 28197 2.004817221
18 38 3 100 1818 2.004882544
8 115 3 100 38938 2.004901145
102 124 3 100 2384 2.004916469
21 125 3 100 63438 2.004919111
80 40 3 100 3516895 2.004938174
3 0 3 100 594236 2.004951477
23 83 3 100 34683 2.004988374
64 80 3 100 9044 2.005016153
68 75 3 100 15921 2.005025210
41 129 3 100 28892514 2.005027560
98 99 3 100 11971 2.005027612
78 6 3 100 5415022 2.005029172
119 112 3 100 29041 2.005039204
120 3 3 100 12560 2.005087574
6 81 3 100 96865 2.005089208
62 95 3 100 29144 2.005119623
24 78 3 100 35442 2.005147217
29 9 3 100 4711157 2.005181198
26 86 3 100 2963 2.005190320
34 128 3 100 868243 2.005209176
66 0 3 100 1887902 2.005209746
27 22 3 100 9303864 2.005218557
0 22 3 100 552 2.005308015
69 68 3 100 1667423 2.005326302
101 50 3 100 210336 2.005330992
123 15 3 100 43762 2.005359384
97 10 3 100 56904 2.005437931
92 57 3 100 3111444 2.005493376
116 75 3 100 9933819 2.005512449
93 129 3 100 79810 2.005524984
42 81 3 100 36887 2.005565055
120 40 3 100 30133 2.005579743
99 90 3 100 18390 2.005594252
7 95 3 100 38494 2.005639143
67 4 3 100 854 2.005639168
30 108 3 100 58515 2.005669523
121 67 3 100 74973 2.005671150
49 25 3 100 51951 2.005702948
123 23 3 100 3892 2.005784031
83 128 3 100 8900 2.005841283
46 123 3 100 1104177 2.005853390
4 43 3 100 55603 2.005855489
68 59 3 100 76563 2.005920251
64 38 3 100 204154 2.006015441
25 61 3 100 70040 2.006054040
45 64 3 100 1050161 2.006060811
103 64 3 100 78337 2.006089491
4 58 3 100 388648 2.006092128
110 105 3 100 173928 2.006105595
104 131 3 100 5611506 2.006109186
111 91 3 100 14895 2.006121126
27 25 3 100 61269 2.006136314
7 17 3 100 279584 2.006183989
15 77 3 100 24912 2.006232302
81 97 3 100 19900 2.006256268
29 97 3 100 5275555 2.006285603
5 92 3 100 46184 2.006347310
4 127 3 100 3046 2.006350970
16 25 3 100 303836 2.006353481
65 128 3 100 19100611 2.006358214
108 90 3 100 95739 2.006431711
100 108 3 100 193496 2.006486971
39 57 3 100 340455 2.006589165
102 77 3 100 605944 2.006645264
12 115 3 100 156294 2.006683893
11 19 3 100 25854 2.006701768
27 98 3 100 4503993 2.006767227
43 6 3 100 90030 2.006802011
4 33 3 100 183217 2.006908825
26 131 3 100 8891196 2.006990178
64 22 3 100 408162 2.007003880
19 51 3 100 434178 2.007044051
11 80 3 100 10717 2.007061436
40 27 3 100 24886 2.007066418
51 53 3 100 3314559 2.007103046
42 123 3 100 146994 2.007158645
114 36 3 100 51030 2.007191271
119 88 3 100 176931 2.007193076
103 13 3 100 56877 2.007244561
47 130 3 100 4143 2.007277185
57 42 3 100 350249 2.007310829
45 77 3 100 1719586 2.007320241
68 28 3 100 310777 2.007331022
74 120 3 100 12099 2.007336213
42 21 3 100 75066 2.007356923
41 76 3 100 37168 2.007363709
12 1 3 100 516994 2.007381665
25 8 3 100 11559 2.007394577
54 102 3 100 13086209 2.007421682
88 131 3 100 53619 2.007428080
73 60 3 100 746864 2.007440430
104 16 3 100 1280427 2.007443677
111 69 3 100 20946 2.007450110
121 82 3 100 53019 2.007458287
29 117 3 100 7753452 2.007582192
92 111 3 100 1352340 2.007612138
89 2 3 100 85516 2.007623994
82 90 3 100 7067 2.007663081
120 68 3 100 4058362 2.007676932
114 130 3 100 464481 2.007723661
87 102 3 100 8333186 2.007763728
81 6 3 100 64857 2.007768634
61 34 3 100 1332275 2.007808171
96 34 3 100 5536450 2.007937764
45 123 3 100 4444845 2.008016353
101 119 3 100 15455 2.008033256
10 124 3 100 4517028 2.008044467
67 82 3 100 728771 2.008071611
52 55 3 100 30592 2.008111809
89 128 3 100 277 2.008153613
98 119 3 100 74939 2.008156758
67 65 3 100 24546 2.008162410
72 115 3 100 6553962 2.008199682
106 111 3 100 777687 2.008217396
127 28 3 100 909498 2.008223825
11 67 3 100 24611 2.008224516
94 96 3 100 1726919 2.008261166
14 94 3 100 1612286 2.008282470
9 124 3 100 175364 2.008282601
116 128 3 100 4101089 2.008290276
55 68 3 100 6013 2.008316891
12 46 3 100 97707 2.008458096
103 59 3 100 81977 2.008492844
37 42 3 100 64578 2.008543354
40 25 3 100 566462 2.008598768
6 24 3 100 52730 2.008634325
93 54 3 100 14314 2.008642467
100 51 3 100 1988630 2.008670250
71 102 3 100 4884466 2.008699225
42 129 3 100 1740997 2.008742521
125 79 3 100 10754 2.008830896
118 19 3 100 6765 2.008844433
28 22 3 100 124008 2.008911817
90 102 3 100 1254839 2.009011893
44 111 3 100 5493282 2.009036972
18 69 3 100 23277 2.009064292
59 85 3 100 207111 2.009118851
125 68 3 100 2524898 2.009130119
10 123 3 100 49160 2.009170525
65 129 3 100 14951158 2.009178627
124 83 3 100 26484182 2.009199195
79 7 3 100 8340298 2.009255079
125 66 3 100 44062 2.009347980
80 16 3 100 46474 2.009468083
74 26 3 100 25766 2.009616845
0 114 3 100 15291 2.009723317
89 28 3 100 5901151 2.009769948
122 127 3 100 4242010 2.009786369
110 30 3 100 1983918 2.009958345
69 129 3 100 21861 2.010006013
70 60 3 100 3836 2.010013941
74 12 3 100 4524 2.010015333
23 60 3 100 60123 2.010015570
97 78 3 100 7326230 2.010017703
101 113 3 100 138560 2.010056674
59 19 3 100 7961852 2.010074103
67 65 3 100 1490 2.010136802
7 76 3 100 8205860 2.010147023
100 48 3 100 749282 2.010165550
9 130 3 100 61819 2.010215966
93 127 3 100 1125739 2.010242069
122 92 3 100 118140 2.010267831
110 122 3 100 43948 2.010286760
67 81 3 100 24233 2.010315856
16 57 3 100 811391 2.010351274
27 37 3 100 4045719 2.010355408
52 23 3 100 75171 2.010358467
84 87 3 100 21800 2.010397946
62 40 3 100 3938916 2.010414975
54 131 3 100 123931 2.010426431
88 48 3 100 39792 2.010449399
15 86 3 100 47693 2.010480605
38 86 3 100 43323 2.010532451
115 45 3 100 51407 2.010571634
43 5 3 100 17548 2.010573571
5 106 3 100 5340 2.010582580
73 125 3 100 5403314 2.010615190
29 57 3 100 46784 2.010618452
76 51 3 100 480792 2.010643315
45 129 3 100 161004 2.010666883
5 77 3 100 24430 2.010694813
110 11 3 100 56254 2.010718511
55 44 3 100 5656251 2.010719716
45 35 3 100 34691 2.010776966
75 108 3 100 5906376 2.010785036
70 57 3 100 1102010 2.010801257
52 125 3 100 1845 2.010868255
123 4 3 100 15299 2.010914937
15 95 3 100 1465315 2.010947454
17 131 3 100 639056 2.010953898
61 51 3 100 1686159 2.010964830
51 103 3 100 1792 2.011123807
99 72 3 100 47640 2.011159477
47 63 3 100 5963328 2.011166966
69 15 3 100 7875909 2.011186691
31 84 3 100 2587971 2.011275598
92 24 3 100 20840 2.011315168
101 43 3 100 57183 2.011456220
119 7 3 100 28732 2.011555183
126 129 3 100 2712939 2.011570540
8 81 3 100 1943371 2.011574051
18 32 3 100 59160 2.011614046
58 9 3 100 2518 2.011622333
22 68 3 100 198229 2.011659870
4 46 3 100 28589094 2.011693435
7 102 3 100 252761 2.011703097
37 2 3 100 1808237 2.011725439
28 14 3 100 52847 2.011742094
108 18 3 100 1755649 2.011765145
122 128 3 100 16020000 2.011858841
23 95 3 100 191891 2.011874780
20 19 3 100 135725 2.011913704
49 91 3 100 178923 2.011968210
118 97 3 100 689236 2.012003714
95 52 3 100 6985 2.012022469
80 0 3 100 57904 2.012052947
123 92 3 100 922343 2.012062291
10 11 3 100 2407339 2.012183545
5 96 3 100 65330 2.012185047
123 131 3 100 7310751 2.012264253
120 119 3 100 52026 2.012360905
3 15 3 100 3962221 2.012391778
69 121 3 100 1294148 2.012412368
17 70 3 100 2217266 2.012458515
1 121 3 100 162227 2.012464057
4 113 3 100 3762087 2.012468648
103 115 3 100 77997 2.012499581
23 84 3 100 30822 2.012547196
70 123 3 100 9242493 2.012631419
69 128 3 100 31087 2.012666937
74 52 3 100 29180152 2.012751949
15 45 3 100 1272715 2.012767871
86 54 3 100 655051 2.012778874
88 69 3 100 988293 2.012815636
59 44 3 100 40379 2.012849803
56 49 3 100 3865861 2.012853948
120 115 3 100 636226 2.012884897
78 41 3 100 1227088 2.012899333
92 81 3 100 75240 2.012935347
63 129 3 100 76369 2.012955314
6 64 3 100 2090076 2.013032701
7 89 3 100 16417 2.013044596
96 12 3 100 4810002 2.013078930
18 117 3 100 29467 2.013085892
82 71 3 100 35680 2.013117660
13 81 3 100 20301 2.013192519
19 50 3 100 7459923 2.013207849
8 86 3 100 490538 2.013323406
58 2 3 100 502869 2.013325978
67 128 3 100 53990 2.013350457
30 107 3 100 1098003 2.013376745
109 74 3 100 26405 2.013392076
117 22 3 100 1169740 2.013460319
105 24 3 100 30207 2.013478444
96 15 3 100 325443 2.013577891
34 42 3 100 4996 2.013592195
26 85 3 100 4660922 2.013592566
34 67 3 100 5833654 2.013601794
36 93 3 100 23423 2.013611267
114 131 3 100 77036 2.013619190
65 112 3 100 1206710 2.013689198
58 99 3 100 1979075 2.013718487
34 123 3 100 3926981 2.013730221
72 84 3 100 484489 2.013747475
9 98 3 100 9758852 2.013772132
50 89 3 100 2893404 2.013781618
16 38 3 100 1335480 2.013793116
121 25 3 100 139327 2.013803790
78 77 3 100 1151534 2.013922980
34 131 3 100 43218 2.013951130
63 33 3 100 33161 2.013996668
0 3 3 100 208624 2.014009403
2 99 3 100 38716 2.014031562
16 126 3 100 1923472 2.014074661
95 41 3 100 1439385 2.014099586
9 120 3 100 3118570 2.014101330
59 8 3 100 7934509 2.014102794
14 76 3 100 22426653 2.014112953
96 64 3 100 1500284 2.014119704
72 128 3 100 5107116 2.014123981
10 92 3 100 1270827 2.014158348
78 53 3 100 2052742 2.014174287
9 3 3 100 5489 2.014178690
46 75 3 100 12619 2.014187969
89 9 3 100 633679 2.014218026
99 44 3 100 409924 2.014267111
127 23 3 100 1479577 2.014309991
9 70 3 100 50808 2.014354774
39 120 3 100 222042 2.014383668
124 131 3 100 77389 2.014491889
103 97 3 100 66270 2.014493549
40 62 3 100 319890 2.014566649
30 69 3 100 35567 2.014595052
1 39 3 100 9051754 2.014619297
34 115 3 100 14682 2.014641165
47 98 3 100 1447534 2.014649309
24 75 3 100 1702725 2.014654793
91 123 3 100 145827 2.014660602
27 8 3 100 904604 2.014676258
59 129 3 100 716517 2.014791899
19 114 3 100 43751 2.014832930
122 24 3 100 2928844 2.014837286
52 6 3 100 3271215 2.014873121
116 27 3 100 20409536 2.014885046
73 81 3 100 68659 2.014915170
27 0 3 100 36510 2.014984502
6 58 3 100 77038 2.014992051
21 99 3 100 1630441 2.014995090
52 12 3 100 71445 2.015015952
12 129 3 100 185356 2.015021044
88 63 3 100 2374465 2.015040969
126 119 3 100 44490 2.015045619
125 99 3 100 112060 2.015145314
111 50 3 100 8005109 2.015178644
124 27 3 100 50235 2.015226958
17 6 3 100 3623 2.015249743
122 66 3 100 1915104 2.015263638
78 124 3 100 12699778 2.015295811
83 14 3 100 353878 2.015309769
88 129 3 100 2870725 2.015329295
126 82 3 100 5586 2.015360801
69 98 3 100 4108734 2.015423121
1 53 3 100 2509008 2.015462672
95 87 3 100 103248 2.015502705
92 86 3 100 830596 2.015514059
49 91 3 100 2481 2.015528438
49 111 3 100 1480637 2.015529495
3 117 3 100 46772 2.015582681
107 64 3 100 962229 2.015585749
48 131 3 100 6342148 2.015637939
41 96 3 100 3041253 2.015662180
18 101 3 100 7216 2.015757312
50 16 3 100 446881 2.015778309
118 109 3 100 12468 2.015815774
73 42 3 100 2174 2.015818441
96 121 3 100 60357 2.015828083
60 13 3 100 130442 2.015915044
77 26 3 100 44143 2.015932724
113 91 3 100 24846786 2.015940758
106 128 3 100 90254 2.016117098
44 10 3 100 1410540 2.016150636
68 18 3 100 115886 2.016207519
37 44 3 100 5419 2.016260577
109 123 3 100 8798972 2.016353124
127 103 3 100 69600 2.016373160
81 40 3 100 28435 2.016380557
112 55 3 100 448934 2.016431283
64 70 3 100 1975478 2.016450935
110 119 3 100 3139009 2.016562206
112 128 3 100 339 2.016581946
52 120 3 100 5240216 2.016678643
46 26 3 100 1138385 2.016712508
33 116 3 100 627453 2.016778354
52 71 3 100 28209 2.016797602
64 71 3 100 15912 2.016805677
86 32 3 100 32563 2.016859964
37 34 3 100 72233 2.016880139
57 68 3 100 709158 2.016912084
65 87 3 100 71425 2.016959729
29 129 3 100 62885 2.016966540
81 123 3 100 1326405 2.016972993
34 88 3 100 5568 2.016977576
86 36 3 100 7172367 2.016986605
19 100 3 100 26077 2.017003340
65 41 3 100 5055652 2.017145202
7 40 3 100 5971 2.017223430
56 119 3 100 56999 2.017247086
22 97 3 100 27907329 2.017255872
76 5 3 100 29513 2.017291736
4 130 3 100 411709 2.017292075
47 112 3 100 26295 2.017322907
21 107 3 100 5282 2.017332977
118 98 3 100 4434498 2.017339334
99 123 3 100 4519 2.017342778
103 18 3 100 163476 2.017347840
104 115 3 100 1786463 2.017352221
125 32 3 100 183229 2.017384171
32 4 3 100 45153 2.017420198
90 47 3 100 11382 2.017428864
17 129 3 100 1656458 2.017458854
91 40 3 100 2410320 2.017472701
39 50 3 100 4598789 2.017543563
106 40 3 100 17994 2.017597256
82 32 3 100 28310 2.017631163
101 60 3 100 14413 2.017657218
99 96 3 100 9424265 2.017671761
116 99 3 100 27626 2.017713351
31 69 3 100 3696974 2.017780652
116 47 3 100 21331 2.017795146
17 131 3 100 2233690 2.017819836
127 60 3 100 617046 2.017835762
92 75 3 100 76755 2.017858575
0 85 3 100 11710 2.017955440
47 0 3 100 4691107 2.017956463
45 99 3 100 54239 2.017973349
68 53 3 100 100202 2.017976731
99 75 3 100 8046072 2.018024573
88 72 3 100 9381581 2.018038645
118 32 3 100 5225 2.018056830
44 129 3 100 3022608 2.018093358
116 69 3 100 29757 2.018122683
100 121 3 100 68559 2.018134813
111 11 3 100 1888210 2.018143319
4 69 3 100 326779 2.018149822
12 116 3 100 1527700 2.018153124
115 18 3 100 186948 2.018257866
27 121 3 100 41354 2.018282069
112 121 3 100 5055 2.018301447
78 87 3 100 52541 2.018313544
59 130 3 100 696353 2.018325114
61 28 3 100 31931 2.018388890
107 127 3 100 29864 2.018413560
45 40 3 100 2414389 2.018481595
92 38 3 100 36957 2.018551935
41 75 3 100 6149232 2.018603684
95 35 3 100 2776 2.018616499
2 110 3 100 3388284 2.018625893
65 126 3 100 22644 2.018675366
51 56 3 100 22277562 2.018685409
74 131 3 100 115629 2.018691749
32 79 3 100 21956 2.018712057
25 118 3 100 21655 2.018738665
120 27 3 100 306916 2.018754882
52 80 3 100 77570 2.018759520
67 60 3 100 24470 2.018782751
15 112 3 100 128834 2.018783050
35 42 3 100 57385 2.018959494
73 37 3 100 2038 2.019005938
76 86 3 100 6730 2.019035238
82 131 3 100 163277 2.019054739
89 16 3 100 5243 2.019091192
18 123 3 100 461430 2.019173538
51 85 3 100 2290463 2.019176560
46 107 3 100 988861 2.019237013
81 64 3 100 1551183 2.019318085
94 109 3 100 32265 2.019338147
114 1 3 100 3911 2.019380888
10 96 3 100 378967 2.019382514
84 119 3 100 14334948 2.019390365
58 130 3 100 15113 2.019402137
9 52 3 100 18141676 2.019432131
83 91 3 100 863689 2.019439869
60 124 3 100 13318 2.019450660
22 41 3 100 28113 2.019452139
113 30 3 100 360438 2.019475894
97 1 3 100 49187 2.019492895
61 77 3 100 60653 2.019494730
100 126 3 100 8160606 2.019504872
75 86 3 100 117324 2.019529307
97 128 3 100 65085 2.019591826
95 22 3 100 4657425 2.019625288
122 99 3 100 8403 2.019710653
46 75 3 100 952982 2.019711976
25 47 3 100 15577 2.019753159
51 106 3 100 52901 2.019870864
37 29 3 100 144246 2.019884303
73 62 3 100 8129 2.020013388
109 41 3 100 27456 2.020030374
69 88 3 100 9910712 2.020048680
125 130 3 100 67593 2.020090649
119 103 3 100 3933403 2.020103481
47 109 3 100 24600 2.020141054
0 122 3 100 18131788 2.020196071
108 88 3 100 2368215 2.020240851
7 43 3 100 48415 2.020309831
63 47 3 100 23263 2.020384133
122 57 3 100 3381165 2.020410296
51 82 3 100 4369116 2.020413614
45 69 3 100 71699 2.020422761
83 130 3 100 28375 2.020423665
83 99 3 100 28795 2.020485592
7 102 3 100 523912 2.020526657
11 23 3 100 20665 2.020534361
106 71 3 100 1716136 2.020541652
39 120 3 100 68475 2.020557578
40 122 3 100 76433 2.020597522
89 111 3 100 66717 2.020623746
43 79 3 100 147195 2.020676875
126 46 3 100 1381836 2.020679868
50 128 3 100 7536 2.020743132
53 8 3 100 25887593 2.020770706
92 104 3 100 77635 2.020793166
15 85 3 100 36297 2.020825721
90 118 3 100 68561 2.020831807
39 100 3 100 1629788 2.020861361
106 4 3 100 3873 2.020866091
19 84 3 100 36896 2.020896142
115 109 3 100 3493516 2.020943655
102 16 3 100 138265 2.020981588
101 131 3 100 6830142 2.020994254
102 68 3 100 1023831 2.021023742
55 87 3 100 2446084 2.021031395
18 33 3 100 740605 2.021093219
44 100 3 100 19118 2.021150192
49 75 3 100 112597 2.021195429
52 86 3 100 7002 2.021267291
93 83 3 100 942009 2.021376032
120 86 3 100 1125942 2.021402298
43 15 3 100 37828 2.021431144
74 129 3 100 7572 2.021465894
79 83 3 100 13700 2.021485999
61 94 3 100 1852 2.021490107
50 77 3 100 6461185 2.021514185
31 107 3 100 1326998 2.021525478
40 46 3 100 2788307 2.021613369
80 70 3 100 2868023 2.021638212
66 54 3 100 130305 2.021652478
35 4 3 100 2748539 2.021673317
109 120 3 100 1690571 2.021697385
96 131 3 100 421963 2.021701917
112 93 3 100 1699554 2.021736315
51 80 3 100 4910 2.021755560
84 70 3 100 8384 2.021755773
14 73 3 100 20828 2.021771710
22 52 3 100 191742 2.021786901
85 7 3 100 1839413 2.021871733
15 126 3 100 1371191 2.021871999
60 34 3 100 14370 2.021897781
58 110 3 100 22710 2.021941367
44 129 3 100 5956215 2.022079470
126 74 3 100 30134 2.022085029
109 125 3 100 48745 2.022160054
44 32 3 100 58236 2.022182993
86 5 3 100 42243 2.022191768
64 72 3 100 50330 2.022261010
102 31 3 100 169602 2.022296358
80 65 3 100 5665325 2.022334527
50 116 3 100 7070 2.022411943
26 81 3 100 55151 2.022439038
103 129 3 100 38059 2.022486622
34 25 3 100 1344524 2.022526921
11 102 3 100 12891070 2.022639583
68 34 3 100 21314885 2.022726413
47 97 3 100 156584 2.022761413
10 19 3 100 4453500 2.022799945
125 69 3 100 2749364 2.022820813
44 119 3 100 43837 2.022835776
49 75 3 100 48904 2.022836116
33 88 3 100 20608 2.022928770
1 131 3 100 77032 2.022978731
48 43 3 100 57380 2.023145625
45 70 3 100 7742 2.023169670
23 122 3 100 66243 2.023194654
9 48 3 100 1663378 2.023206991
104 93 3 100 6586573 2.023228089
125 56 3 100 64018 2.023250813
17 111 3 100 29301 2.023330499
75 28 3 100 192491 2.023332558
13 79 3 100 4551336 2.023392129
33 129 3 100 537 2.023425616
112 4 3 100 835347 2.023426482
66 91 3 100 27505 2.023438652
92 67 3 100 31694 2.023493833
53 84 3 100 663186 2.023498234
39 19 3 100 1511006 2.023503785
14 75 3 100 4573862 2.023516591
23 10 3 100 175599 2.023541861
102 77 3 100 551531 2.023572887
20 96 3 100 74171 2.023591707
70 130 3 100 3724 2.023619700
34 90 3 100 45280 2.023686744
13 79 3 100 882117 2.023721967
53 34 3 100 6014 2.023735293
51 31 3 100 78283 2.023757836
69 127 3 100 58315 2.023775611
36 85 3 100 2216 2.023835714
114 109 3 100 7295 2.023863400
62 31 3 100 48004 2.023903981
45 72 3 100 3414345 2.023915828
64 130 3 100 75604 2.023917237
114 15 3 100 9976 2.023982320
81 47 3 100 322939 2.024006580
40 108 3 100 3008 2.024036150
80 117 3 100 69659 2.024039282
45 56 3 100 1503644 2.024075081
33 83 3 100 50910 2.024081934
114 47 3 100 4371138 2.024084399
116 11 3 100 48399 2.024158924
46 114 3 100 77063 2.024190146
87 128 3 100 1320781 2.024222206
76 36 3 100 2429478 2.024312049
10 71 3 100 47822 2.024328030
84 75 3 100 7683106 2.024334945
110 0 3 100 101286 2.024335489
68 85 3 100 983483 2.024390054
104 88 3 100 13637890 2.024479976
8 47 3 100 2755406 2.024538099
12 119 3 100 496619 2.024552640
34 99 3 100 115302 2.024553035
6 131 3 100 40225 2.024617102
2 36 3 100 75824 2.024626051
120 27 3 100 37143 2.024666132
51 12 3 100 275826 2.024687543
123 121 3 100 3785557 2.024705783
117 88 3 100 6119957 2.024737661
72 68 3 100 9752668 2.024758854
122 22 3 100 40172 2.024803190
87 68 3 100 26988 2.024808467
41 89 3 100 10630 2.024821549
58 131 3 100 47647 2.024822800
22 31 3 100 4874711 2.024881852
73 29 3 100 181740 2.024891468
42 121 3 100 26594 2.024925226
113 60 3 100 1872377 2.024930852
73 21 3 100 68402 2.024931795
75 100 3 100 68825 2.024959252
44 20 3 100 58980 2.025001217
86 25 3 100 54403 2.025026030
104 5 3 100 1003654 2.025044137
106 130 3 100 1710852 2.025072105
127 18 3 100 61383 2.025072800
87 104 3 100 54504 2.025108044
50 86 3 100 35261 2.025109876
37 54 3 100 1250926 2.025111377
73 16 3 100 23802 2.025136478
2 0 3 100 24287 2.025143303
75 121 3 100 38915 2.025188303
30 101 3 100 21995 2.025207772
63 117 3 100 43557 2.025227385
72 129 3 100 9135 2.025264332
116 55 3 100 569 2.025281977
19 11 3 100 44282 2.025324486
11 75 3 100 68886 2.025406315
17 32 3 100 5989857 2.025426331
10 22 3 100 2195578 2.025431848
67 3 3 100 1836585 2.025463098
23 80 3 100 29197902 2.025529599
46 93 3 100 15373 2.025542603
76 51 3 100 1078211 2.025577985
13 131 3 100 750 2.025631459
56 50 3 100 46160 2.025640022
103 19 3 100 6260 2.025645922
68 33 3 100 19455 2.025723654
26 12 3 100 5249104 2.025742880
15 113 3 100 3664612 2.025794084
85 34 3 100 35368 2.025881020
67 117 3 100 25185 2.025897084
10 65 3 100 3936725 2.025911262
16 71 3 100 710482 2.025940716
15 130 3 100 3292517 2.026000370
125 71 3 100 1892602 2.026015154
7 74 3 100 4231965 2.026037386
14 30 3 100 21770 2.026073777
74 36 3 100 58895 2.026150420
111 18 3 100 170863 2.026215762
71 20 3 100 13500996 2.026259956
79 99 3 100 4643692 2.026308891
116 37 3 100 15753890 2.026344339
57 10 3 100 4928 2.026409355
54 128 3 100 170170 2.026409952
53 24 3 100 4711 2.026454807
119 58 3 100 25044 2.026480970
18 85 3 100 8121 2.026491029
104 65 3 100 1761 2.026515579
28 15 3 100 1845076 2.026516302
55 62 3 100 27581 2.026583043
84 114 3 100 4757333 2.026616370
119 81 3 100 2706603 2.026642323
8 35 3 100 155099 2.026665567
34 129 3 100 5535 2.026684325
71 57 3 100 1834109 2.026686520
3 48 3 100 1488 2.026747024
44 25 3 100 42177 2.026778870
24 82 3 100 66608 2.026797498
4 24 3 100 8662403 2.026912082
90 60 3 100 159 2.026930608
67 101 3 100 13758469 2.026935177
91 70 3 100 15813 2.026935856
77 89 3 100 17031286 2.026961549
120 131 3 100 21088 2.027031575
117 50 3 100 52548 2.027048927
1 61 3 100 29158 2.027086763
2 87 3 100 37071 2.027153703
67 37 3 100 593767 2.027172735
20 69 3 100 68729 2.027186719
34 40 3 100 9976 2.027245752
95 99 3 100 3584853 2.027277251
70 23 3 100 42558 2.027320866
108 24 3 100 5166 2.027341308
120 130 3 100 293235 2.027356662
46 123 3 100 26791 2.027380911
123 65 3 100 115975 2.027403772
76 39 3 100 8993078 2.027408352
94 85 3 100 161661 2.027418441
84 46 3 100 10934 2.027440985
22 67 3 100 46075 2.027473571
90 37 3 100 17337441 2.027476252
1 34 3 100 382231 2.027551382
88 26 3 100 1763064 2.027627706
100 129 3 100 8321 2.027629016
44 94 3 100 20142 2.027773714
65 90 3 100 107593 2.027778791
19 69 3 100 70461 2.027821308
127 31 3 100 1322593 2.027844392
80 87 3 100 1897 2.027845449
88 12 3 100 66083 2.027873427
40 97 3 100 4714430 2.027895951
124 95 3 100 33896 2.027897831
6 29 3 100 37520 2.027920796
67 130 3 100 42935 2.028016201
1 72 3 100 5643349 2.028044859
81 70 3 100 273981 2.028103005
101 55 3 100 1413457 2.028109886
109 21 3 100 8680080 2.028162356
110 61 3 100 1082222 2.028183149
18 104 3 100 30942 2.028197614
8 95 3 100 812745 2.028214090
25 114 3 100 6243 2.028249960
87 75 3 100 185964 2.028251132
37 129 3 100 77900 2.028292645
92 57 3 100 10771002 2.028385755
0 126 3 100 9263864 2.028400929
103 108 3 100 65610 2.028403644
64 36 3 100 24836 2.028476487
105 72 3 100 70722 2.028504301
13 75 3 100 58921 2.028529038
74 11 3 100 2342392 2.028634323
23 49 3 100 3943 2.028687362
99 13 3 100 50597 2.028698634
37 131 3 100 6910 2.028700484
27 79 3 100 3196 2.028726905
91 93 3 100 6686478 2.028739473
29 7 3 100 33021 2.028786232
93 75 3 100 37339 2.028794611
72 100 3 100 9347 2.028812232
17 15 3 100 313277 2.028821695
50 22 3 100 361082 2.028845425
12 125 3 100 7518 2.028910463
73 82 3 100 22705 2.028912641
115 128 3 100 3025273 2.028940717
49 41 3 100 502245 2.028979374
1 95 3 100 183477 2.029063113
80 6 3 100 14693350 2.029270899
24 62 3 100 60534 2.029316320
54 100 3 100 13343842 2.029472025
98 46 3 100 7412 2.029495731
10 72 3 100 4654534 2.029496707
57 44 3 100 47141 2.029537545
81 71 3 100 476810 2.029548245
4 131 3 100 3702807 2.029571155
63 23 3 100 5343005 2.029619333
82 56 3 100 8064687 2.029623031
6 82 3 100 2262231 2.029650813
23 80 3 100 2864467 2.029670082
65 109 3 100 486238 2.029712714
126 48 3 100 28837 2.029773205
120 125 3 100 51193 2.029801585
17 72 3 100 49036 2.029803974
53 87 3 100 1344895 2.029840061
21 131 3 100 23061 2.029880984
17 8 3 100 2426648 2.029885683
72 68 3 100 1212 2.029887506
108 112 3 100 78681 2.029898112
113 78 3 100 4473 2.029912105
90 79 3 100 41905 2.029916965
59 77 3 100 498842 2.029936289
109 27 3 100 25543203 2.029990337
101 58 3 100 7546689 2.030110044
79 61 3 100 18695 2.030121834
113 131 3 100 9469997 2.030137892
38 27 3 100 61730 2.030139716
125 44 3 100 5552 2.030212222
86 28 3 100 24270 2.030218500
121 28 3 100 21185 2.030240092
40 63 3 100 22377 2.030243585
6 96 3 100 22856 2.030315005
91 109 3 100 24676 2.030348916
5 61 3 100 4818 2.030444910
124 19 3 100 6293281 2.030528993
21 128 3 100 563189 2.030598789
9 1 3 100 34310 2.030658545
32 77 3 100 12449532 2.030660016
13 46 3 100 37170 2.030663700
49 66 3 100 1099672 2.030673165
126 31 3 100 21927 2.030733009
69 18 3 100 6430874 2.030820906
4 111 3 100 4888 2.030837144
39 81 3 100 118060 2.030859614
11 91 3 100 1874 2.030969168
47 131 3 100 611941 2.030999044
93 8 3 100 23607442 2.031081710
82 122 3 100 39667 2.031116471
41 58 3 100 7020 2.031131693
98 120 3 100 50293 2.031188138
28 99 3 100 8995132 2.031197822
3 23 3 100 44286 2.031204727
22 26 3 100 716610 2.031219611
0 16 3 100 48350 2.031351836
29 50 3 100 78957 2.031364272
86 130 3 100 406640 2.031415634
6 55 3 100 3597478 2.031443544
19 1 3 100 1015353 2.031469757
83 122 3 100 37766 2.031507719
25 59 3 100 4737336 2.031555583
62 71 3 100 12210 2.031658074
100 66 3 100 4029903 2.031679392
25 114 3 100 8525199 2.031684838
33 24 3 100 58309 2.031735455
27 89 3 100 21273 2.031762182
115 129 3 100 631612 2.031772320
28 108 3 100 59716 2.031873225
56 104 3 100 1432275 2.031927697
93 96 3 100 55165 2.031947403
33 31 3 100 46152 2.031978377
68 123 3 100 197961 2.031994850
32 118 3 100 1885380 2.032030787
66 124 3 100 75255 2.032086879
47 93 3 100 35061 2.032138089
92 102 3 100 5065 2.032420729
84 130 3 100 139209 2.032439072
10 68 3 100 1193939 2.032453655
40 35 3 100 79278 2.032473339
33 89 3 100 7187 2.032536490
38 71 3 100 119953 2.032542042
98 29 3 100 7347334 2.032558936
52 81 3 100 1593937 2.032644800
98 36 3 100 172810 2.032673734
17 55 3 100 8293357 2.032681204
88 10 3 100 149527 2.032740079
14 128 3 100 309522 2.032759278
30 86 3 100 3141616 2.032787638
102 90 3 100 5823 2.032829075
96 94 3 100 29587 2.032953680
67 11 3 100 2000 2.033009991
110 74 3 100 7393934 2.033043477
91 118 3 100 1268305 2.033054069
16 117 3 100 4602104 2.033082335
87 122 3 100 42929 2.033082696
61 81 3 100 2446 2.033243390
43 128 3 100 7505 2.033255516
118 24 3 100 28512017 2.033289090
3 19 3 100 16545 2.033292813
2 32 3 100 277747 2.033298770
79 110 3 100 22322 2.033318154
90 26 3 100 356395 2.033348996
73 3 3 100 42219 2.033350701
125 70 3 100 46603 2.033363478
114 64 3 100 24588 2.033375671
6 109 3 100 1532308 2.033397121
53 128 3 100 74840 2.033667600
105 87 3 100 30873 2.033691103
48 1 3 100 267059 2.033835429
33 78 3 100 6859779 2.033841567
112 9 3 100 37270 2.033885910
125 67 3 100 72556 2.033932616
47 92 3 100 40460 2.033938529
117 119 3 100 24827 2.033956227
8 9 3 100 8541443 2.033981723
115 116 3 100 130685 2.033989670
47 130 3 100 82810 2.034005559
113 26 3 100 4592295 2.034046900
107 90 3 100 359404 2.034096205
58 55 3 100 36785 2.034103717
52 55 3 100 34968 2.034140228
49 26 3 100 7529 2.034143879
74 62 3 100 674055 2.034279899
77 30 3 100 736798 2.034284071
5 101 3 100 1153581 2.034318207
81 106 3 100 5634837 2.034399167
0 128 3 100 385 2.034478611
47 55 3 100 4467 2.034495422
30 88 3 100 7952126 2.034560534
30 59 3 100 29773 2.034612257
65 111 3 100 4644599 2.034642306
121 21 3 100 323084 2.034669117
24 102 3 100 48091 2.034673507
61 70 3 100 32977 2.034720078
52 42 3 100 236399 2.034770034
98 51 3 100 993756 2.034788020
82 128 3 100 5440 2.034877291
30 54 3 100 143132 2.034912098
117 67 3 100 34210 2.034932725
37 83 3 100 398703 2.034996314
105 115 3 100 54124 2.034997881
94 7 3 100 76860 2.035110701
117 40 3 100 49384 2.035250371
104 48 3 100 21691 2.035356258
114 91 3 100 1337892 2.035363722
17 127 3 100 3209094 2.035388504
69 129 3 100 40122 2.035410863
53 6 3 100 4835126 2.035421956
42 107 3 100 32986 2.035483853
1 110 3 100 559434 2.035516012
73 36 3 100 4975253 2.035547853
31 119 3 100 692432 2.035570829
41 26 3 100 190343 2.035773709
87 95 3 100 6480304 2.035920627
36 72 3 100 27450 2.035963100
89 68 3 100 24186 2.035980176
41 130 3 100 1625900 2.035984520
91 113 3 100 7569893 2.036000383
55 47 3 100 2457951 2.036024669
32 13 3 100 6168 2.036032512
65 121 3 100 71341 2.036122177
61 26 3 100 2394621 2.036136967
107 67 3 100 591828 2.036193475
49 2 3 100 102234 2.036224299
122 38 3 100 18632 2.036274685
38 33 3 100 6625484 2.036280898
73 129 3 100 4409675 2.036316070
96 12 3 100 9346207 2.036318709
93 59 3 100 50697 2.036354288
118 19 3 100 2870433 2.036365668
59 99 3 100 186163 2.036369482
56 35 3 100 61365 2.036383060
85 14 3 100 70302 2.036404427
102 4 3 100 45441 2.036407851
65 24 3 100 56661 2.036444000
102 13 3 100 4211066 2.036472358
92 130 3 100 1287446 2.036512935
111 125 3 100 34185 2.036551939
83 116 3 100 23060 2.036563159
56 112 3 100 7046 2.036565075
4 43 3 100 23257 2.036586232
8 87 3 100 24314 2.036601238
121 99 3 100 51948 2.036622996
57 70 3 100 6082 2.036636571
123 81 3 100 18633387 2.036643203
13 104 3 100 508 2.036657663
25 129 3 100 9318 2.036693631
51 78 3 100 71940 2.036727898
50 117 3 100 1835846 2.036753620
23 124 3 100 22942 2.036769366
59 23 3 100 492135 2.036786461
124 33 3 100 57803 2.037006277
123 83 3 100 319336 2.037036767
127 92 3 100 24129447 2.037126275
44 64 3 100 551171 2.037175939
84 82 3 100 14206 2.037203796
94 129 3 100 1505110 2.037226359
117 89 3 100 5856 2.037321943
7 112 3 100 3838 2.037322817
59 11 3 100 64889 2.037337782
80 121 3 100 27312 2.037358297
90 4 3 100 7330959 2.037386136
120 51 3 100 17656 2.037407259
94 22 3 100 21792 2.037409050
76 126 3 100 44154 2.037452409
62 25 3 100 5768 2.037465816
121 128 3 100 29371 2.037474917
1 125 3 100 1574768 2.037557119
25 16 3 100 1693 2.037558758
103 6 3 100 153797 2.037675131
117 92 3 100 75327 2.037739327
53 80 3 100 535512 2.037808100
95 53 3 100 7136 2.037819877
127 124 3 100 30272 2.037830900
93 90 3 100 2509217 2.037861408
86 70 3 100 2494763 2.037868454
104 130 3 100 9123438 2.037902959
122 125 3 100 326208 2.037915614
94 106 3 100 73923 2.037980754
46 112 3 100 1678590 2.038001238
37 18 3 100 5082615 2.038033303
76 90 3 100 8974631 2.038061506
35 22 3 100 989079 2.038132537
2 70 3 100 1825572 2.038138281
27 115 3 100 2888746 2.038178165
111 84 3 100 4572678 2.038183404
39 128 3 100 7128881 2.038191073
21 31 3 100 101409 2.038196094
18 56 3 100 57831 2.038205588
109 12 3 100 27433 2.038248634
49 86 3 100 50017 2.038275053
83 95 3 100 1374030 2.038275253
52 126 3 100 38243 2.038296527
54 69 3 100 237513 2.038346421
7 97 3 100 3392552 2.038412333
2 126 3 100 76796 2.038424068
53 130 3 100 2287855 2.038465849
30 115 3 100 37166 2.038528039
105 47 3 100 6396 2.038532285
36 78 3 100 77421 2.038605259
97 20 3 100 72838 2.038613271
96 31 3 100 71298 2.038670731
119 21 3 100 4622521 2.038695491
96 118 3 100 50009 2.038698030
35 77 3 100 869851 2.038698538
111 44 3 100 17092 2.038725891
92 131 3 100 3192202 2.038801639
17 77 3 100 3965049 2.038805074
111 52 3 100 2688645 2.038820355
53 5 3 100 11371 2.038857936
18 7 3 100 1066 2.038896759
108 125 3 100 245 2.038914983
65 114 3 100 9387 2.038958212
120 79 3 100 1859653 2.039023295
102 121 3 100 46081 2.039031373
52 59 3 100 257242 2.039142643
65 131 3 100 9098671 2.039151725
84 13 3 100 2795331 2.039187583
84 30 3 100 5212 2.039189922
18 6 3 100 63388 2.039205606
56 116 3 100 928531 2.039210092
67 55 3 100 60156 2.039222269
41 76 3 100 41999 2.039284501
94 20 3 100 41563 2.039329672
116 80 3 100 755599 2.039368982
25 65 3 100 7154350 2.039378494
119 130 3 100 3361 2.039391811
93 119 3 100 5162 2.039394213
20 21 3 100 119915 2.039431015
121 109 3 100 857873 2.039437185
49 52 3 100 9852755 2.039590205
89 124 3 100 66840 2.039662203
94 87 3 100 51981 2.039674146
19 101 3 100 47574 2.039799276
20 52 3 100 78482 2.039823638
127 103 3 100 2274473 2.039835251
71 131 3 100 65322 2.039837297
31 112 3 100 25340 2.039874551
0 100 3 100 893627 2.039886098
114 57 3 100 63995 2.039891083
109 108 3 100 5779 2.039918451
104 100 3 100 34420 2.039953377
4 102 3 100 212841 2.040180783
5 19 3 100 1567526 2.040215157
32 57 3 100 107156 2.040251382
83 15 3 100 7354590 2.040312377
49 128 3 100 188790 2.040321905
96 113 3 100 2373447 2.040356948
48 26 3 100 839114 2.040427939
22 112 3 100 7537 2.040432949
116 35 3 100 1511583 2.040460652
98 79 3 100 9082543 2.040476334
30 3 3 100 1999462 2.040481562
5 22 3 100 27107452 2.040494136
108 3 3 100 5440432 2.040516100
18 39 3 100 36077 2.040533314
15 128 3 100 2105000 2.040593241
54 41 3 100 4913556 2.040629299
105 14 3 100 493331 2.040661640
59 119 3 100 24281751 2.040686393
113 79 3 100 25549 2.040716323
55 70 3 100 10346140 2.040716356
98 118 3 100 7385 2.040724063
122 87 3 100 4205 2.040776663
48 123 3 100 998380 2.040778525
76 2 3 100 3961 2.040837706
21 128 3 100 1117672 2.040863070
12 30 3 100 12366 2.040881853
54 99 3 100 987641 2.040897018
125 105 3 100 305455 2.040923185
104 27 3 100 7660130 2.040961122
23 84 3 100 57588 2.040970694
11 108 3 100 5621624 2.040972106
123 0 3 100 7130770 2.041067278
18 70 3 100 705273 2.041093732
81 5 3 100 2286 2.041110442
1 128 3 100 70866 2.041194901
24 81 3 100 7636 2.041195642
9 58 3 100 144190 2.041318587
90 26 3 100 58111 2.041346386
5 22 3 100 4430 2.041448508
3 87 3 100 20457824 2.041453202
100 47 3 100 1295845 2.041456576
27 119 3 100 2611566 2.041464498
110 95 3 100 1202269 2.041464799
52 101 3 100 155176 2.041498958
34 131 3 100 5220591 2.041532637
29 112 3 100 1891160 2.041603066
104 107 3 100 69955 2.041607689
71 106 3 100 9063 2.041622916
82 40 3 100 528299 2.041706079
126 93 3 100 25392 2.041735139
10 35 3 100 20552 2.041748351
98 125 3 100 86542 2.041814082
65 14 3 100 1872406 2.041866157
51 9 3 100 1202442 2.041971460
58 129 3 100 279 2.042035978
40 38 3 100 47025 2.042065373
65 68 3 100 1033183 2.042101611
29 47 3 100 56064 2.042124783
89 61 3 100 3400357 2.042135471
18 21 3 100 7112174 2.042145410
40 86 3 100 16455 2.042170183
7 25 3 100 109834 2.042210538
110 31 3 100 4417 2.042227899
120 111 3 100 836387 2.042235281
16 128 3 100 2678 2.042298365
114 14 3 100 12679 2.042377032
116 117 3 100 326 2.042388434
53 2 3 100 363074 2.042389425
83 37 3 100 20746 2.042407682
40 58 3 100 5227833 2.042441012
43 68 3 100 1488 2.042443958
85 32 3 100 1559814 2.042542521
5 10 3 100 1305350 2.042599216
86 93 3 100 4637388 2.042676337
95 129 3 100 23156 2.042710276
7 99 3 100 243679 2.042718128
76 75 3 100 3731344 2.042723063
50 100 3 100 169820 2.042746420
42 107 3 100 82624 2.042750421
48 112 3 100 37992 2.042755847
1 35 3 100 47705 2.042814478
86 80 3 100 7837490 2.042836064
33 57 3 100 3308 2.042843416
109 5 3 100 25730 2.042854886
26 130 3 100 3630630 2.042873219
8 55 3 100 9258 2.042874689
59 42 3 100 4514760 2.042957067
42 102 3 100 18785 2.042991076
0 64 3 100 64728 2.043004110
31 30 3 100 57801 2.043014537
100 6 3 100 153061 2.043015400
71 58 3 100 36966 2.043063126
55 4 3 100 1416022 2.043099908
50 125 3 100 4549395 2.043123803
58 130 3 100 26358 2.043156963
115 106 3 100 31020 2.043171855
2 9 3 100 192424 2.043198793
80 32 3 100 107219 2.043220995
44 72 3 100 551 2.043232731
49 35 3 100 9801 2.043275106
99 44 3 100 76048 2.043332429
16 72 3 100 6568 2.043344001
63 70 3 100 5275 2.043354848
14 0 3 100 852640 2.043361627
0 130 3 100 1257733 2.043384791
52 70 3 100 21311 2.043418415
12 17 3 100 7041939 2.043453767
104 125 3 100 756922 2.043480538
56 100 3 100 9583 2.043509925
9 17 3 100 105106 2.043517441
102 29 3 100 4233765 2.043534741
59 104 3 100 22686 2.043628132
56 96 3 100 2178890 2.043658502
10 92 3 100 1603975 2.043694317
43 131 3 100 2542885 2.043702965
9 70 3 100 48948 2.043716551
35 95 3 100 64475 2.043729832
48 112 3 100 62816 2.043755940
6 25 3 100 1083007 2.043790639
39 77 3 100 9288 2.043821263
18 82 3 100 183391 2.043824869
30 49 3 100 40902 2.043847189
43 37 3 100 1622930 2.043856099
109 50 3 100 2238690 2.043856785
3 128 3 100 4796158 2.043870972
46 103 3 100 41968 2.043871190
11 75 3 100 1025676 2.043886122
72 56 3 100 29725 2.043924286
70 73 3 100 1940927 2.043957147
86 0 3 100 667904 2.043972809
106 52 3 100 1322533 2.043980655
64 60 3 100 33336 2.044009705
59 84 3 100 188006 2.044018226
47 69 3 100 5705260 2.044020980
4 130 3 100 74783 2.044041547
116 21 3 100 6234899 2.044046121
117 1 3 100 336988 2.044058792
83 65 3 100 60659 2.044096499
33 121 3 100 14799 2.044098734
105 60 3 100 9689863 2.044150144
5 31 3 100 1037883 2.044244948
82 24 3 100 2363519 2.044250508
41 59 3 100 836687 2.044263057
69 33 3 100 55334 2.044305628
112 128 3 100 2756352 2.044330878
65 87 3 100 138059 2.044350353
74 2 3 100 69468 2.044351910
127 122 3 100 6427 2.044414677
80 35 3 100 25602 2.044433881
22 16 3 100 8043 2.044447529
73 80 3 100 3062288 2.044468351
2 53 3 100 71481 2.044472584
51 31 3 100 922252 2.044474680
9 85 3 100 1540115 2.044517845
86 129 3 100 20945 2.044574615
5 32 3 100 1296 2.044648669
70 69 3 100 55212 2.044670998
50 118 3 100 141067 2.044674530
76 21 3 100 36556 2.044736196
104 9 3 100 46314 2.044780292
8 93 3 100 22682 2.044813061
125 57 3 100 1185 2.044845805
70 90 3 100 4388553 2.044860794
75 17 3 100 1203745 2.044872976
113 128 3 100 71326 2.044877624
102 29 3 100 611941 2.044899600
20 24 3 100 9587 2.044940645
121 1 3 100 189156 2.044986994
53 102 3 100 8602 2.045067443
23 25 3 100 4389027 2.045076267
122 124 3 100 34138 2.045077837
123 112 3 100 201 2.045160971
90 80 3 100 7067 2.045215382
79 105 3 100 3310 2.045256348
82 130 3 100 20072 2.045270847
35 44 3 100 1259331 2.045289327
34 93 3 100 73467 2.045349919
78 98 3 100 2987306 2.045352306
21 43 3 100 5437 2.045357351
58 100 3 100 2492142 2.045441605
32 83 3 100 37911 2.045452159
112 62 3 100 3767487 2.045507990
60 47 3 100 31880 2.045517611
18 34 3 100 1222060 2.045570221
20 129 3 100 1319688 2.045597126
89 72 3 100 5592 2.045621088
7 76 3 100 41347 2.045733700
84 106 3 100 2171846 2.045744243
39 77 3 100 1203823 2.045768275
109 112 3 100 3435349 2.045770690
44 98 3 100 7502911 2.045798623
30 96 3 100 3890229 2.045845050
121 123 3 100 7498 2.045866252
8 10 3 100 63593 2.045874507
51 131 3 100 4911 2.045992174
8 34 3 100 15245 2.046014383
72 98 3 100 28630186 2.046033568
72 119 3 100 1662901 2.046051228
95 37 3 100 77451 2.046065754
17 85 3 100 38665 2.046157130
74 78 3 100 9509873 2.046191121
86 112 3 100 8349 2.046194110
37 101 3 100 1784878 2.046198499
68 109 3 100 23692 2.046259814
106 131 3 100 6700 2.046279374
116 94 3 100 1178289 2.046323916
123 30 3 100 3593593 2.046327782
34 113 3 100 22983 2.046332399
3 20 3 100 1479478 2.046334018
3 103 3 100 9399152 2.046351137
20 10 3 100 132769 2.046361117
63 22 3 100 2917 2.046377185
94 107 3 100 158097 2.046445825
89 6 3 100 50816 2.046478757
48 128 3 100 1847656 2.046486495
110 38 3 100 106109 2.046519451
49 6 3 100 1259262 2.046522224
31 14 3 100 543484 2.046582911
11 117 3 100 16637 2.046583048
57 79 3 100 3634231 2.046609602
67 116 3 100 1485726 2.046692773
91 19 3 100 20506 2.046741374
2 69 3 100 98496 2.046765262
53 3 3 100 62316 2.046904155
91 130 3 100 32572 2.047095653
107 77 3 100 29696 2.047106132
41 112 3 100 118352 2.047106353
63 119 3 100 1987 2.047168506
66 41 3 100 8524 2.047196485
106 102 3 100 28878 2.047265720
110 100 3 100 25638 2.047283796
0 88 3 100 283903 2.047388635
46 21 3 100 54784 2.047397442
42 22 3 100 4670 2.047405600
98 130 3 100 781715 2.047464606
44 82 3 100 4992937 2.047505978
49 37 3 100 67401 2.047559307
3 66 3 100 61664 2.047569917
35 12 3 100 29713 2.047574433
78 61 3 100 7836374 2.047615823
71 47 3 100 3556820 2.047661550
81 121 3 100 69158 2.047679261
97 10 3 100 3654 2.047709124
59 4 3 100 19454302 2.047744411
6 131 3 100 1275066 2.047822154
18 72 3 100 1045378 2.047903228
125 121 3 100 60138 2.047921681
82 18 3 100 183860 2.047928953
125 91 3 100 1775923 2.047930569
65 38 3 100 37942 2.047977426
76 67 3 100 869443 2.048021221
18 76 3 100 16119 2.048027139
79 66 3 100 293985 2.048110396
58 45 3 100 8755 2.048122178
20 128 3 100 31666 2.048170117
62 72 3 100 479481 2.048232032
30 57 3 100 7582 2.048233379
32 102 3 100 15340004 2.048268965
85 2 3 100 222459 2.048275891
61 43 3 100 4704 2.048279366
107 48 3 100 8187 2.048422053
59 69 3 100 76272 2.048459720
90 25 3 100 66440 2.048485435
121 38 3 100 55642 2.048501591
107 129 3 100 56034 2.048512901
31 122 3 100 27979585 2.048635970
20 69 3 100 70628 2.048663909
1 122 3 100 55309 2.048757380
88 89 3 100 254532 2.048807800
32 124 3 100 521659 2.048810186
100 53 3 100 362943 2.048860624
64 73 3 100 21275 2.048863072
45 97 3 100 7149980 2.048882501
109 7 3 100 351 2.048896931
52 128 3 100 64956 2.048909379
66 115 3 100 9748 2.048919441
62 22 3 100 6965 2.048953223
55 56 3 100 26750509 2.048960147
108 74 3 100 64575 2.049027061
43 87 3 100 33717 2.049182601
49 54 3 100 9306682 2.049197289
97 58 3 100 9650162 2.049216851
60 78 3 100 76155 2.049290650
83 44 3 100 1980298 2.049298464
26 131 3 100 9385545 2.049300425
28 76 3 100 4159174 2.049332806
123 107 3 100 8855 2.049370476
90 2 3 100 50195 2.049372590
35 23 3 100 75389 2.049389397
75 88 3 100 19717126 2.049463247
24 3 3 100 4343435 2.049503014
103 19 3 100 164352 2.049529308
59 26 3 100 2690520 2.049536041
17 1 3 100 20917 2.049579286
119 128 3 100 6890 2.049657289
56 1 3 100 38707 2.049712107
55 106 3 100 65145 2.049716696
106 34 3 100 14410483 2.049754314
21 70 3 100 1218 2.049770180
31 91 3 100 5527035 2.049805355
109 121 3 100 73891 2.049824227
78 91 3 100 1448091 2.049856544
125 71 3 100 54452 2.049867528
32 127 3 100 4991699 2.049879865
62 128 3 100 1857527 2.049931606
57 50 3 100 21846 2.049968651
123 32 3 100 59719 2.050039417
93 118 3 100 55976 2.050061144
83 116 3 100 13816 2.050073384
48 7 3 100 146057 2.050111119
69 79 3 100 1730494 2.050211819
78 73 3 100 71045 2.050233636
73 104 3 100 2571429 2.050268133
118 31 3 100 26455 2.050310019
81 129 3 100 6499 2.050368769
83 4 3 100 2757439 2.050432727
113 40 3 100 1578191 2.050433916
34 67 3 100 1941343 2.050501878
78 98 3 100 71795 2.050628680
106 96 3 100 5137678 2.050647835
76 70 3 100 38946 2.050671597
6 43 3 100 12815 2.050691747
83 97 3 100 459091 2.050696979
90 84 3 100 3973 2.050756877
74 130 3 100 8936381 2.050763826
125 98 3 100 2239172 2.050852669
30 74 3 100 3632139 2.050914083
94 3 3 100 69359 2.050949933
10 58 3 100 179507 2.051009200
0 106 3 100 10299 2.051053246
31 44 3 100 15658 2.051075865
31 80 3 100 27787 2.051156787
18 120 3 100 4963809 2.051163079
41 67 3 100 8845 2.051174310
80 128 3 100 54545 2.051175157
25 115 3 100 2420850 2.051242948
105 95 3 100 639089 2.051262016
10 103 3 100 49564 2.051279126
22 4 3 100 5355 2.051344427
15 21 3 100 5924 2.051358520
41 40 3 100 20252 2.051373692
102 9 3 100 753362 2.051375192
57 93 3 100 3408 2.051439987
11 84 3 100 23597784 2.051489045
99 130 3 100 1845 2.051492295
21 14 3 100 3027 2.051539969
5 31 3 100 4590772 2.051574197
16 93 3 100 19161816 2.051661280
53 19 3 100 60290 2.051666002
29 44 3 100 5334 2.051675561
24 22 3 100 60593 2.051720409
32 48 3 100 4517305 2.051769862
59 29 3 100 20671 2.051885479
62 88 3 100 721356 2.051892153
126 129 3 100 5903 2.051923046
127 67 3 100 46787 2.051936052
15 64 3 100 7631 2.051958812
60 58 3 100 28278 2.051984942
97 99 3 100 1886607 2.052003949
107 91 3 100 1800700 2.052062217
85 97 3 100 4762385 2.052071748
55 41 3 100 195494 2.052151396
37 71 3 100 776731 2.052166337
102 3 3 100 73026 2.052225511
47 130 3 100 1555599 2.052277826
38 21 3 100 76934 2.052318118
117 3 3 100 17002 2.052351253
56 44 3 100 21316 2.052351548
38 112 3 100 197882 2.052377635
22 109 3 100 17333 2.052384566
28 58 3 100 24986 2.052433387
82 69 3 100 79992 2.052434479
21 89 3 100 5133 2.052463347
105 59 3 100 58224 2.052508654
117 131 3 100 12161300 2.052527570
71 43 3 100 5599 2.052716806
103 122 3 100 21135 2.052731261
106 7 3 100 3703773 2.052749209
2 89 3 100 26706 2.052755088
58 66 3 100 2803549 2.052783476
63 85 3 100 6618 2.052828953
75 2 3 100 84148 2.052836221
65 14 3 100 660994 2.052841131
111 72 3 100 1876481 2.052881861
28 129 3 100 6277 2.052923199
93 115 3 100 870954 2.052935788
10 119 3 100 27508 2.052941089
37 18 3 100 466833 2.052945592
88 85 3 100 3019444 2.052963557
123 64 3 100 644256 2.053029591
27 6 3 100 30401 2.053058666
106 19 3 100 1635440 2.053062813
14 57 3 100 32551 2.053113929
16 48 3 100 28729657 2.053484288
127 128 3 100 7268448 2.053518014
9 102 3 100 533 2.053607692
100 113 3 100 173584 2.053633922
78 88 3 100 1559036 2.053697646
61 48 3 100 57071 2.053705222
67 46 3 100 339334 2.053744682
126 84 3 100 17817451 2.053756068
60 62 3 100 172813 2.053791936
81 113 3 100 3694792 2.053811315
108 26 3 100 4170856 2.053819007
82 128 3 100 38686 2.053855642
101 109 3 100 80989 2.053901672
31 14 3 100 36482 2.053908748
115 17 3 100 54540 2.053909691
77 109 3 100 69178 2.053921146
6 62 3 100 1937009 2.053951066
1 26 3 100 125841 2.054020062
47 89 3 100 15030 2.054034737
94 84 3 100 48451 2.054047338
27 25 3 100 6255220 2.054082068
75 128 3 100 28046 2.054083308
98 108 3 100 2766067 2.054128461
92 12 3 100 31857 2.054152759
105 30 3 100 2417996 2.054153177
106 13 3 100 67375 2.054156840
34 89 3 100 860706 2.054250002
24 43 3 100 15471 2.054277408
18 32 3 100 5822 2.054351641
4 45 3 100 857 2.054475841
101 42 3 100 20058 2.054565799
74 128 3 100 4016 2.054566328
1 25 3 100 78934 2.054605686
1 113 3 100 1324269 2.054638375
88 59 3 100 602196 2.054653599
90 84 3 100 3227283 2.054654845
79 29 3 100 9532972 2.054655993
61 59 3 100 324382 2.054694053
96 17 3 100 667359 2.054768626
93 104 3 100 75780 2.054784005
51 41 3 100 143682 2.054792640
120 131 3 100 3257 2.054841822
104 93 3 100 16867 2.054861505
100 15 3 100 4338477 2.054905012
42 111 3 100 20346 2.054906161
44 115 3 100 4472 2.054926858
116 49 3 100 27440 2.054935137
52 15 3 100 186339 2.054969208
90 2 3 100 48440 2.054992957
23 28 3 100 5016 2.055008242
63 75 3 100 15304466 2.055056416
56 129 3 100 40102 2.055140670
89 80 3 100 19931293 2.055267866
60 59 3 100 65070 2.055279099
18 52 3 100 3669 2.055284233
94 26 3 100 1398207 2.055360268
78 46 3 100 52353 2.055375928
47 87 3 100 35775 2.055396126
57 105 3 100 1661343 2.055409118
77 44 3 100 51265 2.055410147
37 119 3 100 1771384 2.055421559
1 129 3 100 9158 2.055430863
62 40 3 100 959463 2.055452438
118 14 3 100 379523 2.055473692
19 90 3 100 1388899 2.055496372
114 50 3 100 7825582 2.055527116
58 102 3 100 2489053 2.055560600
2 60 3 100 37721 2.055617744
84 48 3 100 27577 2.055641526
65 83 3 100 42247 2.055672351
23 112 3 100 12462 2.055672760
88 130 3 100 61004 2.055689678
19 115 3 100 20962 2.055691760
62 58 3 100 1586 2.055758103
113 1 3 100 166960 2.055856986
14 73 3 100 25185 2.055870800
35 92 3 100 45834 2.055913262
35 76 3 100 28800 2.055977442
36 120 3 100 1027187 2.056031871
8 2 3 100 35366 2.056036841
3 8 3 100 4677 2.056071415
108 130 3 100 26819 2.056089619
32 55 3 100 866254 2.056153200
79 20 3 100 12882 2.056192464
103 60 3 100 30353 2.056204605
34 114 3 100 407110 2.056321416
74 20 3 100 4926328 2.056348748
22 25 3 100 23863 2.056398407
32 97 3 100 12241 2.056402903
67 117 3 100 9554752 2.056412701
19 2 3 100 40531 2.056451848
1 131 3 100 25396 2.056516414
18 61 3 100 1429695 2.056528191
4 114 3 100 267895 2.056562821
11 80 3 100 5262 2.056580163
40 105 3 100 1310726 2.056629535
3 67 3 100 8315 2.056630080
104 58 3 100 1331780 2.056670449
25 119 3 100 43861 2.056724361
74 54 3 100 23751 2.056982222
28 102 3 100 392794 2.057000627
37 129 3 100 54064 2.057014354
82 100 3 100 29448 2.057046121
110 57 3 100 3949299 2.057101860
116 39 3 100 13745 2.057104934
83 81 3 100 34406 2.057147247
28 12 3 100 51909 2.057178504
12 36 3 100 10825 2.057190775
91 87 3 100 132419 2.057224691
118 97 3 100 9026348 2.057225480
23 47 3 100 347632 2.057328637
74 129 3 100 17112 2.057444799
79 120 3 100 1636061 2.057486620
70 115 3 100 53858 2.057541914
117 122 3 100 1694106 2.057572592
15 13 3 100 72700 2.057589303
18 14 3 100 8822 2.057592298
103 86 3 100 2607211 2.057620719
15 107 3 100 75426 2.057636191
18 56 3 100 2306257 2.057642281
59 31 3 100 8946 2.057651510
63 131 3 100 510910 2.057669686
122 100 3 100 4770 2.057685480
94 75 3 100 2935565 2.057726190
113 96 3 100 2723850 2.057746414
14 105 3 100 17938641 2.057901726
39 43 3 100 65769 2.057920626
99 101 3 100 33123 2.057956464
60 49 3 100 20222450 2.057959498
46 110 3 100 60717 2.057963419
114 18 3 100 83118 2.057988915
53 128 3 100 2919 2.058080875
68 73 3 100 4525118 2.058099492
24 116 3 100 5748474 2.058184466
83 109 3 100 63728 2.058257414
50 123 3 100 30567 2.058305893
31 41 3 100 37272 2.058325557
36 103 3 100 46571 2.058344919
8 55 3 100 8539 2.058345979
89 53 3 100 3708 2.058404434
66 12 3 100 2910 2.058460062
51 130 3 100 60456 2.058537019
91 73 3 100 756 2.058561126
82 38 3 100 84253 2.058584654
126 90 3 100 49795 2.058591587
91 26 3 100 1308562 2.058629693
100 88 3 100 71929 2.058659072
69 111 3 100 18797 2.058676483
102 54 3 100 7335395 2.058705154
21 110 3 100 78699 2.058709824
94 12 3 100 4290336 2.058774970
2 130 3 100 2301776 2.058844220
46 33 3 100 14312 2.058915918
76 31 3 100 47372 2.058926650
0 83 3 100 4889894 2.059046995
71 125 3 100 1930567 2.059051122
16 65 3 100 4883 2.059083067
93 92 3 100 48433 2.059116937
75 38 3 100 1656334 2.059171559
39 1 3 100 1228282 2.059309591
92 118 3 100 20324 2.059328888
115 131 3 100 72140 2.059341306
103 108 3 100 1264716 2.059427511
127 82 3 100 12009 2.059441250
63 114 3 100 160487 2.059498985
60 120 3 100 28349 2.059529576
79 20 3 100 4252 2.059618648
55 32 3 100 25224 2.059648802
118 105 3 100 24358 2.059683366
113 111 3 100 53923 2.059788938
60 72 3 100 40276 2.059800780
66 130 3 100 60070 2.059812499
109 106 3 100 55248 2.059838842
49 101 3 100 4550284 2.059850940
127 22 3 100 4219608 2.059899281
62 56 3 100 31930 2.059939114
109 61 3 100 125043 2.059941913
26 45 3 100 3432 2.059962417
78 51 3 100 19817 2.059972211
13 98 3 100 6443069 2.060043442
56 34 3 100 28896 2.060059025
70 131 3 100 1559341 2.060073865
114 40 3 100 1249412 2.060092462
68 105 3 100 10648 2.060206839
110 17 3 100 23087 2.060208366
16 121 3 100 55376 2.060216059
90 0 3 100 2451023 2.060257476
108 125 3 100 5015087 2.060266410
79 106 3 100 26272 2.060298873
81 120 3 100 254726 2.060330579
117 16 3 100 4090875 2.060335741
118 128 3 100 37104 2.060353738
65 79 3 100 170327 2.060399589
56 46 3 100 907 2.060523781
18 21 3 100 70403 2.060530924
75 105 3 100 4116366 2.060660541
83 56 3 100 33054 2.060695729
42 66 3 100 3607202 2.060750466
7 67 3 100 62224 2.060752764
46 52 3 100 31481 2.060778374
24 33 3 100 6043415 2.060783539
99 131 3 100 1572790 2.060808309
8 72 3 100 1818391 2.060845565
105 13 3 100 391024 2.060848634
47 1 3 100 174285 2.060874788
0 55 3 100 324601 2.060907155
43 13 3 100 42407 2.060946502
16 126 3 100 8532 2.060956176
75 35 3 100 10973169 2.061004389
72 6 3 100 38061 2.061045847
66 37 3 100 54454 2.061046746
54 131 3 100 102272 2.061062073
13 21 3 100 5990495 2.061082258
57 102 3 100 6253 2.061090499
16 64 3 100 1100443 2.061116561
58 4 3 100 35738 2.061125889
121 43 3 100 3400482 2.061193710
69 52 3 100 35054 2.061265875
81 127 3 100 25071 2.061271664
80 79 3 100 938000 2.061326267
110 114 3 100 4843731 2.061353917
94 129 3 100 3945128 2.061417644
2 11 3 100 997851 2.061458006
114 122 3 100 3473970 2.061504484
30 74 3 100 1664084 2.061506949
109 60 3 100 22816067 2.061535966
116 39 3 100 1355591 2.061625415
35 114 3 100 2220853 2.061665881
41 3 3 100 30198 2.061709534
90 15 3 100 277379 2.061731307
110 98 3 100 84265 2.061764361
53 129 3 100 361509 2.061780881
11 20 3 100 533726 2.061861647
29 115 3 100 4294505 2.061867459
64 16 3 100 79259 2.061891509
71 89 3 100 1500876 2.061903260
75 120 3 100 9869060 2.061922414
43 15 3 100 19818 2.061933889
14 53 3 100 8202 2.061953807
63 103 3 100 9708521 2.062002358
61 105 3 100 37618 2.062014901
67 128 3 100 23382 2.062024388
83 87 3 100 3066 2.062035694
120 29 3 100 4889505 2.062059003
81 52 3 100 223343 2.062126908
94 90 3 100 28215803 2.062129646
79 22 3 100 319599 2.062197289
97 17 3 100 255782 2.062255623
16 28 3 100 72293 2.062265261
5 98 3 100 500167 2.062276196
121 82 3 100 11610 2.062383528
106 129 3 100 8885812 2.062400387
74 41 3 100 41635 2.062539609
83 22 3 100 113272 2.062547642
6 23 3 100 21131182 2.062567158
104 68 3 100 45586 2.062571781
35 122 3 100 139795 2.062578672
41 50 3 100 75077 2.062627926
64 75 3 100 66526 2.062644581
0 97 3 100 11233850 2.062687237
89 44 3 100 1219748 2.062700622
79 128 3 100 7556 2.062746676
68 122 3 100 52140 2.062794318
17 21 3 100 23680 2.062810162
19 108 3 100 70491 2.062833219
55 100 3 100 37051 2.062865544
23 25 3 100 116556 2.062933055
88 7 3 100 60361 2.063050023
121 59 3 100 3781253 2.063099234
118 5 3 100 60037 2.063129345
25 43 3 100 904 2.063148621
23 131 3 100 62954 2.063187350
37 75 3 100 19366 2.063233938
81 19 3 100 1978100 2.063266336
11 68 3 100 6486 2.063313102
125 124 3 100 1464282 2.063351332
112 121 3 100 24781 2.063409090
18 77 3 100 2724 2.063450978
50 104 3 100 200372 2.063454214
60 69 3 100 4054575 2.063487457
11 120 3 100 8269899 2.063498048
117 129 3 100 37981 2.063613033
66 56 3 100 421044 2.063616282
115 71 3 100 1477471 2.063630954
72 44 3 100 4694908 2.063661217
35 94 3 100 6954752 2.063671392
64 88 3 100 817637 2.063672603
21 40 3 100 32394 2.063702597
126 68 3 100 9627 2.063756095
71 104 3 100 52423 2.063798662
98 33 3 100 2307675 2.063803533
106 129 3 100 417974 2.063810719
115 89 3 100 206378 2.063908669
87 45 3 100 28693707 2.063958545
13 101 3 100 26139 2.063976199
12 16 3 100 28920 2.064002897
103 19 3 100 6279893 2.064012472
33 95 3 100 53310 2.064027265
112 91 3 100 544109 2.064056425
101 84 3 100 71288 2.064098582
63 72 3 100 1322850 2.064102361
90 130 3 100 1635 2.064112220
111 89 3 100 13137 2.064123213
99 80 3 100 55277 2.064137354
106 0 3 100 28682 2.064207277
49 73 3 100 1365739 2.064211777
0 34 3 100 1152520 2.064259425
71 36 3 100 182332 2.064273443
83 121 3 100 24622717 2.064282150
40 41 3 100 9959 2.064287775
35 48 3 100 91 2.064290722
107 129 3 100 45004 2.064326574
33 67 3 100 26269 2.064347771
20 59 3 100 78413 2.064387512
120 106 3 100 28774 2.064396899
124 30 3 100 875034 2.064462504
102 30 3 100 16799 2.064483431
30 123 3 100 20081083 2.064523732
10 58 3 100 3535246 2.064565372
93 50 3 100 6432 2.064631101
5 12 3 100 288566 2.064633069
71 128 3 100 2033 2.064691148
69 9 3 100 7588183 2.064702671
3 56 3 100 72189 2.064713225
113 99 3 100 119584 2.064766068
33 24 3 100 14728 2.064823188
78 0 3 100 18552 2.064857485
105 115 3 100 56619 2.064895273
6 84 3 100 7131 2.064947255
61 21 3 100 3765345 2.064972627
127 15 3 100 1100882 2.065063079
104 130 3 100 7905 2.065139754
63 97 3 100 1796905 2.065226216
69 99 3 100 70098 2.065248715
34 25 3 100 1290945 2.065293171
15 49 3 100 75199 2.065323499
119 65 3 100 25206 2.065388580
126 10 3 100 273003 2.065428506
65 91 3 100 56907 2.065449671
51 25 3 100 2775647 2.065449956
0 43 3 100 79621 2.065483009
48 129 3 100 6660480 2.065492884
76 118 3 100 27299 2.065586152
70 64 3 100 46706 2.065594490
124 87 3 100 3194712 2.065633481
3 56 3 100 28352 2.065670607
60 10 3 100 61346 2.065681081
77 92 3 100 51657 2.065697741
15 54 3 100 9904 2.065698459
116 48 3 100 6152553 2.065707074
95 13 3 100 29990 2.065762923
10 129 3 100 39705 2.065795699
20 12 3 100 716205 2.065872674
101 127 3 100 1258996 2.065916787
8 55 3 100 195 2.065937231
86 41 3 100 1892909 2.065948109
51 82 3 100 26237 2.065956517
68 42 3 100 139222 2.065970621
5 87 3 100 3915322 2.065986071
84 117 3 100 41005 2.065992814
30 43 3 100 8475246 2.066024409
29 128 3 100 210077 2.066030552
89 91 3 100 386614 2.066048565
56 70 3 100 24167 2.066111731
108 107 3 100 49403 2.066205240
57 116 3 100 255542 2.066246734
76 122 3 100 22403 2.066289768
80 10 3 100 8906 2.066293431
93 53 3 100 23034 2.066341310
40 53 3 100 7993 2.066345623
29 76 3 100 33148 2.066429012
36 131 3 100 464823 2.066511481
80 92 3 100 50304 2.066567594
104 60 3 100 133081 2.066582818
27 10 3 100 25600 2.066584895
94 115 3 100 8938 2.066587534
102 87 3 100 4512284 2.066632058
114 127 3 100 6088003 2.066637082
124 57 3 100 37658 2.066655932
85 13 3 100 32734 2.066708334
30 2 3 100 1446976 2.066717520
75 129 3 100 40900 2.066748917
46 51 3 100 6807333 2.066762966
100 53 3 100 13568 2.066777594
27 4 3 100 10188 2.066809784
32 120 3 100 40104 2.066816373
33 26 3 100 54901 2.066929171
107 47 3 100 1622642 2.066937109
55 56 3 100 1545072 2.067009380
82 51 3 100 1339647 2.067013580
39 81 3 100 1631652 2.067125907
114 129 3 100 1944652 2.067342465
21 10 3 100 150936 2.067345514
127 115 3 100 32835 2.067393322
22 102 3 100 3140 2.067533661
65 41 3 100 8000 2.067618024
96 78 3 100 476475 2.067652718
100 84 3 100 65545 2.067663709
14 93 3 100 1735578 2.067741767
2 123 3 100 71521 2.067787608
30 81 3 100 62218 2.067811767
64 129 3 100 35806 2.067834479
105 16 3 100 54304 2.067836600
107 45 3 100 3126975 2.067842964
96 42 3 100 584171 2.067855377
32 61 3 100 856524 2.067874781
118 77 3 100 1849040 2.067924456
16 66 3 100 1509000 2.067935114
117 18 3 100 16681289 2.067968352
52 36 3 100 253055 2.068008242
21 120 3 100 56101 2.068048836
68 130 3 100 3973 2.068104216
122 31 3 100 9789 2.068108930
18 82 3 100 1045602 2.068130965
3 58 3 100 3076999 2.068154532
67 115 3 100 27506 2.068203690
10 84 3 100 1826164 2.068345433
70 120 3 100 26573 2.068428034
112 119 3 100 146744 2.068458359
5 111 3 100 3792 2.068464564
24 14 3 100 37565 2.068464789
119 128 3 100 3012036 2.068484987
43 4 3 100 25803 2.068516964
5 0 3 100 15501 2.068539381
31 44 3 100 47486 2.068561810
103 27 3 100 9157508 2.068578717
45 73 3 100 28035214 2.068594673
0 46 3 100 766294 2.068611266
116 40 3 100 53431 2.068644791
7 71 3 100 21860 2.068646957
58 112 3 100 52671 2.068688770
69 129 3 100 20117 2.068715474
44 86 3 100 41821 2.068733902
119 83 3 100 477008 2.068799132
75 60 3 100 1465725 2.068809544
14 57 3 100 485063 2.068809666
63 107 3 100 29685 2.068853872
121 87 3 100 37645 2.068897399
58 69 3 100 33046 2.068985127
41 28 3 100 668935 2.069007363
40 26 3 100 122108 2.069028706
39 131 3 100 189962 2.069034390
120 15 3 100 156546 2.069066254
77 63 3 100 938006 2.069073116
118 104 3 100 44560 2.069086474
15 46 3 100 16590 2.069119073
36 51 3 100 1949011 2.069196386
58 112 3 100 2698 2.069203982
41 116 3 100 174 2.069223964
61 5 3 100 91988 2.069232311
57 89 3 100 78607 2.069250637
66 129 3 100 64005 2.069325566
54 119 3 100 400 2.069331556
51 102 3 100 5202868 2.069339188
41 78 3 100 63144 2.069363296
44 77 3 100 64584 2.069384360
16 82 3 100 65160 2.069428130
89 93 3 100 60346 2.069436291
116 100 3 100 66081 2.069514247
87 63 3 100 450717 2.069516177
109 7 3 100 17384 2.069529360
27 129 3 100 156625 2.069579829
63 101 3 100 1935167 2.069617796
115 27 3 100 4155918 2.069619119
42 87 3 100 1402908 2.069688713
63 27 3 100 8472 2.069693723
65 62 3 100 9984 2.069812913
2 61 3 100 5439962 2.069847336
126 111 3 100 3967616 2.069920623
53 48 3 100 4243191 2.069955129
124 127 3 100 364833 2.069985724
45 131 3 100 3508246 2.070032483
118 70 3 100 76600 2.070071773
104 4 3 100 186195 2.070100026
27 60 3 100 1536669 2.070199727
73 75 3 100 125835 2.070201759
99 56 3 100 79842 2.070208531
84 121 3 100 912369 2.070221390
27 42 3 100 1266306 2.070244839
29 11 3 100 3173954 2.070255315
125 31 3 100 68287 2.070263340
87 131 3 100 480793 2.070288371
121 17 3 100 8370531 2.070336014
58 5 3 100 14121 2.070468989
117 22 3 100 20455832 2.070471051
63 81 3 100 32965 2.070557179
122 18 3 100 21677 2.070628643
15 123 3 100 8278 2.070629311
84 21 3 100 22035669 2.070638365
1 10 3 100 1361 2.070650362
77 112 3 100 21715 2.070681126
22 131 3 100 5485652 2.070753455
68 93 3 100 379 2.070784343
30 81 3 100 4596 2.070794891
7 39 3 100 5451 2.070839462
21 115 3 100 882887 2.070863909
85 16 3 100 7974205 2.070893904
38 69 3 100 17068 2.070903804
97 52 3 100 1784978 2.070977488
58 3 3 100 7449834 2.070986827
60 116 3 100 44932 2.071051369
4 129 3 100 55756 2.071096481
97 56 3 100 25315 2.071192227
119 31 3 100 52655 2.071323755
103 22 3 100 1326 2.071327103
54 106 3 100 1344 2.071375838
6 94 3 100 8730236 2.071390599
39 109 3 100 515141 2.071430356
99 122 3 100 12603 2.071446807
58 31 3 100 63802 2.071489392
74 16 3 100 5221 2.071492768
70 130 3 100 5625494 2.071505024
97 31 3 100 53615 2.071628026
44 114 3 100 69988 2.071696689
70 97 3 100 8932 2.071860574
121 43 3 100 890699 2.071865439
71 99 3 100 52879 2.071876717
101 49 3 100 21093 2.071915977
72 127 3 100 199871 2.071919533
65 92 3 100 28628 2.071921890
88 98 3 100 45531 2.071925269
15 130 3 100 6706 2.071953220
0 16 3 100 287820 2.071954355
38 23 3 100 3993733 2.071964436
18 67 3 100 23473 2.071994964
79 39 3 100 77305 2.071996429
9 37 3 100 19714 2.072132207
120 89 3 100 172197 2.072140295
63 81 3 100 66954 2.072192092
0 50 3 100 4942 2.072250079
52 14 3 100 4178641 2.072284430
92 130 3 100 702922 2.072344141
54 84 3 100 97466 2.072371261
33 99 3 100 75599 2.072406167
81 95 3 100 35150 2.072409290
47 103 3 100 11980 2.072488143
29 43 3 100 7471478 2.072495368
103 27 3 100 55860 2.072588826
127 83 3 100 1703 2.072609053
110 73 3 100 6593 2.072612750
90 120 3 100 6563656 2.072681331
29 131 3 100 77194 2.072724476
105 23 3 100 1487178 2.072780089
40 17 3 100 4438167 2.072810496
66 52 3 100 31802 2.072873873
127 23 3 100 26803 2.072930969
15 100 3 100 1550489 2.072964946
8 17 3 100 47067 2.072976021
18 98 3 100 43578 2.073008109
28 86 3 100 8813062 2.073008490
3 48 3 100 30033 2.073014932
71 130 3 100 36560 2.073033138
36 122 3 100 761526 2.073038346
127 15 3 100 9281323 2.073045367
101 50 3 100 65180 2.073061025
110 66 3 100 179392 2.073062296
86 104 3 100 53900 2.073072896
117 14 3 100 5141 2.073081471
90 10 3 100 4516529 2.073100485
119 8 3 100 57239 2.073188666
35 15 3 100 1063 2.073199764
124 129 3 100 8983477 2.073230005
37 120 3 100 8087708 2.073251834
37 124 3 100 68359 2.073254692
97 78 3 100 25609562 2.073265460
22 116 3 100 41813 2.073285229
114 51 3 100 324413 2.073384180
87 64 3 100 68131 2.073454570
62 11 3 100 48175 2.073455895
6 33 3 100 4651657 2.073458477
0 80 3 100 713588 2.073564759
80 129 3 100 1878889 2.073586892
28 99 3 100 5612371 2.073603739
84 23 3 100 42323 2.073638864
23 13 3 100 9160846 2.073658241
32 7 3 100 70590 2.073702640
92 13 3 100 1619439 2.073800785
36 10 3 100 35033 2.073906320
67 119 3 100 28959987 2.073966833
69 64 3 100 48021 2.074157472
80 78 3 100 1974529 2.074171839
104 128 3 100 3362202 2.074205279
100 7 3 100 5616 2.074279042
41 73 3 100 1081326 2.074355178
83 28 3 100 142484 2.074410064
31 59 3 100 37188 2.074462553
27 71 3 100 3494 2.074463605
17 95 3 100 8842 2.074491297
82 6 3 100 69500 2.074493985
126 50 3 100 2297593 2.074532686
89 75 3 100 866 2.074540249
50 131 3 100 21363 2.074546515
120 1 3 100 5411 2.074618272
24 123 3 100 114550 2.074681230
62 20 3 100 51263 2.074691109
64 61 3 100 67118 2.074713971
39 19 3 100 25531 2.074752657
42 44 3 100 8703 2.074771089
84 111 3 100 1131402 2.074962483
64 43 3 100 78551 2.074975926
52 29 3 100 6708 2.074977714
124 130 3 100 83713 2.075007386
118 28 3 100 79042 2.075047851
86 77 3 100 47661 2.075057369
33 45 3 100 9930 2.075135101
11 67 3 100 569 2.075152111
34 25 3 100 982242 2.075164657
51 95 3 100 66011 2.075188349
100 50 3 100 6812305 2.075215560
90 18 3 100 1680231 2.075227970
115 24 3 100 225917 2.075256631
29 128 3 100 195361 2.075295374
63 85 3 100 116446 2.075296818
46 122 3 100 1680240 2.075297520
57 118 3 100 1084564 2.075324751
2 48 3 100 947140 2.075375785
127 106 3 100 12078 2.075379503
1 22 3 100 54271 2.075448026
97 16 3 100 29574 2.075463331
31 2 3 100 6237 2.075467522
118 32 3 100 8556 2.075471273
19 129 3 100 29685 2.075485187
114 103 3 100 30721 2.075559996
68 34 3 100 79648 2.075589712
71 48 3 100 22537 2.075706981
90 17 3 100 1617611 2.075721497
45 50 3 100 9162 2.075755305
16 108 3 100 4289 2.075766586
97 111 3 100 5352826 2.075791344
114 73 3 100 195646 2.075829024
96 7 3 100 72467 2.075901436
18 130 3 100 3442 2.075922487
1 121 3 100 50705 2.075942563
0 108 3 100 1503167 2.075950737
51 125 3 100 111257 2.076050103
77 104 3 100 2787 2.076129371
62 80 3 100 53850 2.076136108
115 40 3 100 46877 2.076157293
119 36 3 100 2927 2.076227372
15 130 3 100 1242257 2.076300327
71 121 3 100 9784162 2.076302880
33 96 3 100 30655 2.076313438
75 30 3 100 536706 2.076314716
42 7 3 100 512404 2.076345276
72 17 3 100 941795 2.076400292
97 110 3 100 149312 2.076450909
73 88 3 100 2775555 2.076471517
26 29 3 100 9322207 2.076558900
16 30 3 100 4187901 2.076642959
59 128 3 100 8917427 2.076681478
113 32 3 100 29923 2.076693433
113 127 3 100 1257970 2.076769730
44 113 3 100 42539 2.076786960
108 56 3 100 57646 2.076808623
70 108 3 100 49917 2.076820544
55 26 3 100 2625822 2.076873766
9 93 3 100 5824083 2.076892194
35 44 3 100 8706615 2.076931908
96 23 3 100 1874324 2.077042881
62 130 3 100 5765786 2.077108626
33 38 3 100 2598263 2.077137213
45 61 3 100 60951 2.077157784
6 112 3 100 1400960 2.077193223
116 72 3 100 1972 2.077202252
8 83 3 100 36904 2.077205124
10 101 3 100 27945 2.077222321
87 13 3 100 133598 2.077226164
5 2 3 100 2352 2.077300138
63 44 3 100 68768 2.077307645
32 128 3 100 2581563 2.077314508
35 120 3 100 3460338 2.077388695
54 19 3 100 5746 2.077439830
123 91 3 100 10514 2.077450987
48 27 3 100 32318 2.077482796
115 53 3 100 125181 2.077482901
69 108 3 100 1830575 2.077527103
0 99 3 100 3161 2.077584281
74 18 3 100 2743060 2.077587917
79 131 3 100 151190 2.077707940
59 20 3 100 5989 2.077732849
106 66 3 100 3971925 2.077735229
99 96 3 100 1142556 2.077738416
110 80 3 100 26466 2.077746667
7 124 3 100 34282 2.077754480
88 34 3 100 21764 2.077761176
29 12 3 100 35102 2.077774227
48 107 3 100 1110291 2.077774402
20 61 3 100 73071 2.077884061
112 131 3 100 2205077 2.077913991
114 17 3 100 7003033 2.077972278
78 89 3 100 1477148 2.077979052
91 92 3 100 1572469 2.078076791
73 4 3 100 4814126 2.078104486
77 80 3 100 73327 2.078105732
34 102 3 100 36469 2.078118619
53 22 3 100 18553304 2.078126282
99 125 3 100 4981 2.078159668
39 129 3 100 150257 2.078162000
105 56 3 100 316504 2.078175179
2 89 3 100 14342607 2.078179429
73 5 3 100 4805757 2.078181133
58 84 3 100 37561 2.078204314
43 16 3 100 45980 2.078213524
22 33 3 100 1611 2.078340445
11 50 3 100 7294616 2.078481040
33 120 3 100 3152099 2.078542888
73 96 3 100 8795856 2.078547959
31 129 3 100 71065 2.078559725
88 106 3 100 248004 2.078600300
33 8 3 100 334948 2.078617246
63 126 3 100 9816 2.078637490
99 81 3 100 272 2.078648720
24 88 3 100 179155 2.078668450
92 85 3 100 26209 2.078699198
99 23 3 100 73755 2.078702648
85 61 3 100 26095 2.078731168
88 116 3 100 10111 2.078825053
100 131 3 100 199562 2.078846306
3 54 3 100 9547776 2.078871466
96 0 3 100 549 2.078896016
3 58 3 100 58387 2.078913307
30 104 3 100 4524705 2.078984403
84 55 3 100 686288 2.078985588
17 90 3 100 7189 2.078986617
38 58 3 100 2873965 2.079026125
53 37 3 100 56191 2.079111627
80 105 3 100 111724 2.079119392
98 128 3 100 1426189 2.079140921
87 105 3 100 1597236 2.079177866
4 2 3 100 26691 2.079222750
91 113 3 100 43951 2.079235411
86 80 3 100 971343 2.079243608
24 67 3 100 36498 2.079297278
17 109 3 100 3747126 2.079341152
92 76 3 100 1017333 2.079350015
81 61 3 100 1926752 2.079391408
95 47 3 100 22524 2.079478692
86 128 3 100 26129745 2.079496100
114 16 3 100 26405 2.079502037
99 114 3 100 13032389 2.079511580
20 26 3 100 132455 2.079728151
53 101 3 100 4650 2.079754840
40 6 3 100 60885 2.079799230
39 82 3 100 445987 2.079816966
52 5 3 100 1354983 2.079833518
74 2 3 100 8383 2.079842458
69 84 3 100 190323 2.079858243
99 129 3 100 35422 2.079944924
38 29 3 100 2223929 2.079950087
92 36 3 100 713081 2.079953864
41 86 3 100 11738 2.079965502
17 65 3 100 75391 2.080130544
56 100 3 100 25237 2.080194671
72 65 3 100 997562 2.080250788
14 108 3 100 1991670 2.080261803
80 123 3 100 1776485 2.080324694
1 2 3 100 36268 2.080327908
32 128 3 100 1782546 2.080342190
71 100 3 100 53823 2.080393575
72 109 3 100 145587 2.080436499
121 21 3 100 9806 2.080460774
40 95 3 100 190448 2.080552081
0 15 3 100 17123 2.080565509
108 62 3 100 2468362 2.080632280
12 45 3 100 18529 2.080634804
104 108 3 100 3383420 2.080684758
93 23 3 100 118553 2.080713641
66 129 3 100 1007634 2.080736483
63 54 3 100 76169 2.080738845
58 126 3 100 761644 2.080741404
120 15 3 100 2615305 2.080745370
2 126 3 100 8349502 2.080818084
91 20 3 100 47895 2.080834442
13 24 3 100 25901 2.080843195
20 70 3 100 778685 2.080863487
5 40 3 100 10341 2.080924679
56 108 3 100 2106919 2.080981453
97 131 3 100 3664970 2.081044691
84 115 3 100 6976768 2.081056131
124 23 3 100 112 2.081057816
63 9 3 100 42596 2.081172353
40 61 3 100 142607 2.081250831
77 8 3 100 5587 2.081366682
55 40 3 100 22705 2.081376916
20 4 3 100 7212217 2.081392343
23 126 3 100 145206 2.081392714
103 51 3 100 785096 2.081447554
53 131 3 100 3421078 2.081461367
121 89 3 100 2099828 2.081501199
78 13 3 100 1446820 2.081505758
98 74 3 100 9311499 2.081511529
124 110 3 100 1143900 2.081565034
60 62 3 100 17447 2.081589954
23 16 3 100 28784 2.081593617
66 97 3 100 1534994 2.081617231
5 114 3 100 253840 2.081679902
24 99 3 100 46236 2.081717029
88 129 3 100 5763548 2.081727402
76 53 3 100 29260 2.081748386
0 19 3 100 111402 2.081750061
108 67 3 100 54370 2.081768616
70 121 3 100 8456 2.081772293
112 16 3 100 53015 2.081844184
43 42 3 100 27517 2.081852487
28 79 3 100 9735608 2.081868937
89 82 3 100 4005746 2.081977662
97 45 3 100 68830 2.082024872
27 129 3 100 25754 2.082025481
15 94 3 100 50441 2.082069086
6 106 3 100 72100 2.082070374
93 41 3 100 119314 2.082094058
100 24 3 100 6345286 2.082139691
88 25 3 100 4049219 2.082229434
4 46 3 100 6675718 2.082246153
118 100 3 100 462021 2.082359966
59 95 3 100 2618 2.082405256
39 125 3 100 6523 2.082418296
1 128 3 100 29092856 2.082471544
101 117 3 100 51990 2.082485233
115 27 3 100 49427 2.082522252
19 24 3 100 96293 2.082543435
94 32 3 100 2926949 2.082558536
17 2 3 100 7741 2.082567121
69 116 3 100 24908 2.082649139
116 7 3 100 4981371 2.082684722
98 37 3 100 116638 2.082717352
102 2 3 100 974633 2.082720010
95 129 3 100 77314 2.082740422
49 95 3 100 782953 2.082842288
119 113 3 100 1266 2.082894783
33 121 3 100 38993 2.082894893
30 36 3 100 10688 2.082904367
55 27 3 100 1088426 2.082905972
94 61 3 100 17432 2.083021234
48 47 3 100 130181 2.083102304
54 17 3 100 17950 2.083121264
116 37 3 100 622388 2.083122259
28 131 3 100 46551 2.083137128
6 12 3 100 11149859 2.083143905
87 88 3 100 4830527 2.083179023
35 76 3 100 43670 2.083187898
99 40 3 100 42975 2.083215878
96 92 3 100 418568 2.083235136
1 14 3 100 8933 2.083296031
92 18 3 100 701 2.083358427
91 59 3 100 162145 2.083377609
57 117 3 100 26028 2.083445792
25 128 3 100 26029 2.083467570
7 70 3 100 43884 2.083522821
38 50 3 100 584560 2.083571490
33 74 3 100 696179 2.083583409
82 101 3 100 3056 2.083601749
105 30 3 100 55481 2.083734051
12 124 3 100 2263668 2.083737045
57 47 3 100 1638613 2.083844987
66 107 3 100 14092 2.083846843
12 36 3 100 963115 2.083862744
16 128 3 100 14361 2.083869801
19 9 3 100 68310 2.083887382
71 34 3 100 54918 2.083962566
45 64 3 100 7248 2.083967577
11 127 3 100 528232 2.084044500
25 71 3 100 49272 2.084052026
98 9 3 100 1369814 2.084065677
111 0 3 100 3528 2.084107008
26 11 3 100 3153 2.084136478
106 110 3 100 1274823 2.084209839
30 131 3 100 53809 2.084246587
77 42 3 100 5487 2.084326038
88 2 3 100 55665 2.084332341
66 90 3 100 1353686 2.084364380
76 60 3 100 669677 2.084412764
98 18 3 100 64733 2.084432796
119 19 3 100 28619 2.084461564
79 7 3 100 7035 2.084461594
107 35 3 100 2409393 2.084485535
116 73 3 100 189499 2.084618068
24 128 3 100 1819628 2.084625240
111 64 3 100 65804 2.084696932
41 10 3 100 707917 2.084698942
18 77 3 100 1500424 2.084737225
44 8 3 100 838390 2.084760806
91 53 3 100 21537 2.084863575
96 40 3 100 134779 2.084864362
37 74 3 100 7150 2.084878152
36 87 3 100 5026 2.084928994
17 2 3 100 4793044 2.085008150
4 130 3 100 74198 2.085023678
7 93 3 100 4391562 2.085125044
74 40 3 100 91615 2.085259318
30 36 3 100 74348 2.085311317
42 12 3 100 9025 2.085379324
110 73 3 100 42198 2.085412855
64 69 3 100 928 2.085430939
5 7 3 100 7020 2.085435535
65 85 3 100 197506 2.085535012
63 3 3 100 1171169 2.085562085
123 131 3 100 55346 2.085576123
8 121 3 100 37715 2.085787148
19 11 3 100 2796 2.085792009
72 70 3 100 3956272 2.085795855
69 95 3 100 22712 2.085798730
110 103 3 100 2913 2.085804918
40 92 3 100 68251 2.085832153
14 45 3 100 1893377 2.085861506
79 118 3 100 699792 2.085864173
23 123 3 100 1272 2.085911430
61 130 3 100 48376 2.086004560
95 90 3 100 7261 2.086007219
123 101 3 100 38106 2.086045409
125 21 3 100 6613 2.086104535
25 81 3 100 59587 2.086134834
98 36 3 100 549472 2.086140016
123 36 3 100 26267569 2.086169585
95 33 3 100 9207507 2.086176508
4 51 3 100 43133 2.086206335
16 131 3 100 5760 2.086283756
55 51 3 100 1985 2.086309963
83 79 3 100 933201 2.086337653
112 93 3 100 17275 2.086444175
87 112 3 100 25459542 2.086459614
121 41 3 100 35035 2.086465192
25 27 3 100 968165 2.086473320
48 109 3 100 22013 2.086489193
34 58 3 100 158680 2.086494357
6 131 3 100 118658 2.086574974
57 119 3 100 2368591 2.086794465
89 7 3 100 63283 2.086820091
14 73 3 100 121087 2.086823395
27 65 3 100 1774136 2.086847687
93 58 3 100 3312186 2.086913987
48 100 3 100 3588 2.086956371
73 113 3 100 3359 2.086982190
25 129 3 100 1776008 2.086989404
64 87 3 100 71007 2.087125920
5 89 3 100 27873 2.087135366
57 88 3 100 47946 2.087192480
33 52 3 100 9680 2.087200331
117 110 3 100 7168 2.087235325
43 52 3 100 169670 2.087274032
17 13 3 100 62307 2.087278773
99 131 3 100 12018397 2.087340692
72 7 3 100 61119 2.087351997
2 31 3 100 53043 2.087393445
126 93 3 100 76436 2.087409467
104 16 3 100 53999 2.087442125
3 39 3 100 287442 2.087448551
31 85 3 100 1948358 2.087459793
50 3 3 100 17351 2.087465678
98 53 3 100 21138 2.087473083
92 33 3 100 6127258 2.087487939
117 129 3 100 54918 2.087545382
126 81 3 100 2934888 2.087584907
61 69 3 100 56839 2.087591779
112 124 3 100 68593 2.087597453
55 108 3 100 69408 2.087615210
87 95 3 100 47500 2.087619416
88 70 3 100 6849706 2.087637338
111 26 3 100 16726 2.087694001
18 7 3 100 58681 2.087696257
17 8 3 100 3072811 2.087742187
102 130 3 100 1108416 2.087745945
2 34 3 100 1697378 2.087746126
66 71 3 100 1318198 2.087774083
2 106 3 100 54721 2.087787841
92 117 3 100 5746 2.087800137
87 35 3 100 377351 2.087863113
84 105 3 100 4684098 2.087904959
89 1 3 100 7021 2.087956399
49 95 3 100 318989 2.087965695
50 127 3 100 228211 2.088021015
123 131 3 100 41358 2.088046346
25 40 3 100 3740 2.088047950
63 123 3 100 5271197 2.088063475
79 112 3 100 25441 2.088077795
0 95 3 100 2495 2.088097868
52 9 3 100 13217 2.088110820
38 114 3 100 1637786 2.088215231
113 16 3 100 4710920 2.088260167
77 16 3 100 6099 2.088325097
55 130 3 100 904390 2.088338466
28 25 3 100 1837054 2.088348890
58 9 3 100 1221581 2.088471616
126 95 3 100 56289 2.088477912
100 71 3 100 108122 2.088660895
8 65 3 100 487 2.088691242
57 25 3 100 1440549 2.088712702
10 57 3 100 27262 2.088752211
53 130 3 100 42803 2.088773165
119 2 3 100 5910825 2.088808387
121 27 3 100 3576052 2.088812038
8 63 3 100 18729 2.088882869
17 109 3 100 16736 2.088946619
59 87 3 100 28803616 2.088975827
117 73 3 100 75412 2.088978919
108 11 3 100 1838 2.088987217
75 123 3 100 407738 2.089039246
35 32 3 100 4124 2.089071792
16 131 3 100 11286640 2.089197378
18 33 3 100 56068 2.089231283
118 65 3 100 950154 2.089267119
9 127 3 100 1560462 2.089335933
64 78 3 100 58620 2.089360165
11 12 3 100 24787 2.089377380
109 94 3 100 69202 2.089402470
98 60 3 100 294046 2.089425336
5 105 3 100 61418 2.089455588
26 130 3 100 3355 2.089482811
111 100 3 100 9199010 2.089522823
10 117 3 100 939971 2.089565724
106 34 3 100 62128 2.089581671
18 117 3 100 4376677 2.089634047
45 2 3 100 4693183 2.089830657
22 26 3 100 1366597 2.089857263
49 120 3 100 4073 2.089969240
6 34 3 100 1606 2.090039499
95 130 3 100 1269682 2.090102100
56 10 3 100 3076444 2.090202357
50 1 3 100 70536 2.090213841
111 0 3 100 1661982 2.090219345
83 39 3 100 6989693 2.090230856
63 54 3 100 45900 2.090258937
88 110 3 100 28194 2.090259516
71 42 3 100 1018641 2.090306616
86 24 3 100 554 2.090327784
12 87 3 100 6478 2.090381282
68 31 3 100 4104802 2.090424930
47 55 3 100 953484 2.090430466
105 5 3 100 148593 2.090449030
107 69 3 100 1412729 2.090562669
11 68 3 100 1946 2.090657369
91 100 3 100 2831028 2.090668977
55 9 3 100 1955 2.090681489
77 89 3 100 324280 2.090710546
23 2 3 100 11029 2.090829982
92 128 3 100 2360384 2.090849912
115 0 3 100 8038 2.090867785
72 58 3 100 50955 2.091035726
33 4 3 100 44168 2.091114708
120 45 3 100 57695 2.091250997
105 46 3 100 28289 2.091307134
53 32 3 100 1121528 2.091318724
81 99 3 100 1878150 2.091356455
33 55 3 100 9373 2.091393077
91 76 3 100 826 2.091416433
35 116 3 100 1402212 2.091440950
29 9 3 100 34855 2.091443567
47 110 3 100 352204 2.091461898
72 107 3 100 187176 2.091500720
116 74 3 100 4229947 2.091506423
56 128 3 100 385858 2.091534917
12 82 3 100 29369368 2.091540951
89 47 3 100 3077786 2.091556856
95 60 3 100 26608 2.091566222
50 6 3 100 17385345 2.091652641
77 61 3 100 47876 2.091725922
28 115 3 100 77124 2.091879068
36 0 3 100 1015456 2.091900687
61 21 3 100 3709910 2.091913623
116 129 3 100 11571 2.091950193
11 42 3 100 1541928 2.092161136
4 91 3 100 49165 2.092184455
7 44 3 100 40986 2.092223133
3 14 3 100 1732211 2.092226786
126 30 3 100 6945089 2.092234896
77 10 3 100 706440 2.092254728
4 64 3 100 625337 2.092287908
57 37 3 100 15858 2.092320077
122 128 3 100 1353987 2.092350430
86 112 3 100 618557 2.092397913
70 117 3 100 76366 2.092406984
92 66 3 100 20736 2.092431460
74 110 3 100 21954 2.092550078
61 86 3 100 143143 2.092588063
111 114 3 100 8068 2.092593243
59 49 3 100 530084 2.092607909
81 65 3 100 50948 2.092618110
73 23 3 100 10138 2.092643417
88 130 3 100 60407 2.092697721
33 67 3 100 174512 2.092840996
0 100 3 100 9916 2.092845775
12 20 3 100 425629 2.092891615
45 103 3 100 17799714 2.092907468
53 93 3 100 34417 2.092916552
27 66 3 100 21678 2.092928047
55 126 3 100 33 2.093007201
22 130 3 100 56521 2.093025222
30 9 3 100 984910 2.093078144
16 57 3 100 1446 2.093120783
12 115 3 100 44008 2.093165376
40 84 3 100 78735 2.093292621
13 79 3 100 55573 2.093344956
34 43 3 100 1852 2.093375898
24 129 3 100 3218036 2.093419701
113 71 3 100 50745 2.093449549
53 13 3 100 4709866 2.093475828
60 20 3 100 5524 2.093512614
10 107 3 100 3995957 2.093594097
20 65 3 100 186028 2.093596134
27 117 3 100 25184 2.093664613
89 123 3 100 56786 2.093710212
114 128 3 100 19359088 2.093765321
124 48 3 100 58757 2.093822351
17 95 3 100 9120 2.093835526
61 32 3 100 23226 2.093895118
127 116 3 100 65117 2.093926302
49 105 3 100 1493 2.093975157
1 79 3 100 1861511 2.093984707
99 120 3 100 7767 2.094013021
99 128 3 100 1616441 2.094030477
18 97 3 100 49389 2.094034202
97 9 3 100 3039127 2.094216357
91 110 3 100 24511 2.094221559
6 61 3 100 5664296 2.094251886
26 90 3 100 724255 2.094276542
57 15 3 100 27475 2.094366771
111 87 3 100 599344 2.094393295
33 131 3 100 1945839 2.094408858
54 72 3 100 193182 2.094567182
93 66 3 100 68464 2.094599456
54 9 3 100 1004159 2.094634388
116 61 3 100 3007673 2.094638327
66 11 3 100 4610 2.094673604
26 73 3 100 2014 2.094722428
97 6 3 100 7270 2.094751823
73 131 3 100 96822 2.094769028
56 78 3 100 1822163 2.094905383
113 94 3 100 8366904 2.094966879
36 106 3 100 40964 2.095049372
12 130 3 100 62635 2.095070628
29 127 3 100 2288 2.095081018
17 58 3 100 78189 2.095156024
57 88 3 100 737224 2.095393752
31 37 3 100 194109 2.095397661
44 58 3 100 48075 2.095448843
118 99 3 100 4168568 2.095517913
116 89 3 100 4846378 2.095531341
69 129 3 100 55916 2.095577421
89 32 3 100 49917 2.095602552
32 63 3 100 30807 2.095642115
5 14 3 100 10397 2.095673370
78 32 3 100 56478 2.095680400
69 65 3 100 27702 2.095718454
79 7 3 100 2828193 2.095726026
66 120 3 100 76440 2.095883911
101 111 3 100 205333 2.095891893
77 73 3 100 828491 2.095904856
32 14 3 100 22436 2.095959401
95 10 3 100 31231 2.095976832
113 2 3 100 12436162 2.095977420
108 63 3 100 2471184 2.096153930
42 101 3 100 27680 2.096175762
82 68 3 100 1463424 2.096184233
79 116 3 100 42621 2.096285338
84 87 3 100 28121 2.096441917
81 7 3 100 323034 2.096454030
104 50 3 100 70428 2.096455551
22 8 3 100 9932 2.096476999
96 52 3 100 60417 2.096563606
58 115 3 100 10095 2.096573695
28 116 3 100 8719 2.096761504
57 120 3 100 49376 2.096792540
98 14 3 100 1645399 2.096844558
32 111 3 100 196425 2.096979659
57 43 3 100 3679 2.097023343
118 14 3 100 912994 2.097075516
59 46 3 100 23150 2.097157583
124 81 3 100 28003 2.097208831
50 110 3 100 188176 2.097331687
28 2 3 100 115 2.097359491
19 54 3 100 31398 2.097359963
59 121 3 100 47123 2.097368251
75 88 3 100 2150 2.097382071
17 62 3 100 73958 2.097466163
81 3 3 100 34209 2.097510018
5 51 3 100 5900452 2.097538484
74 128 3 100 22162 2.097580326
0 121 3 100 19318 2.097628673
48 66 3 100 60049 2.097703636
96 24 3 100 399160 2.097716247
17 101 3 100 58101 2.097842171
18 124 3 100 34788 2.097921810
30 36 3 100 8414982 2.098143380
9 85 3 100 28580 2.098153650
79 48 3 100 1228 2.098246589
14 130 3 100 3879 2.098259879
59 122 3 100 30429 2.098383870
122 28 3 100 71918 2.098624211
6 13 3 100 8916 2.098741946
9 0 3 100 47383 2.098806983
108 42 3 100 25868 2.098947107
