2725 
3 99 3 100 20978490 2.000024883
6 115 3 100 1687 2.000126020
58 105 3 100 3904573 2.000127492
30 131 3 100 37586 2.000254302
32 131 3 100 55962 2.000256938
87 129 3 100 146815 2.000314142
3 130 3 100 40375 2.000314832
87 131 3 100 25793378 2.000344036
40 129 3 100 9930617 2.000373692
22 128 3 100 58422 2.000385609
71 28 3 100 32089 2.000453288
51 0 3 100 18504 2.000465676
67 115 3 100 457914 2.000515416
107 131 3 100 4850 2.000553813
125 128 3 100 9772625 2.000560049
47 129 3 100 53432 2.000610490
9 130 3 100 64308 2.000616660
57 130 3 100 10220 2.000639887
17 128 3 100 4941115 2.000686930
110 130 3 100 9481890 2.000704244
64 96 3 100 58979 2.000758208
101 103 3 100 2530648 2.000817142
25 73 3 100 5089480 2.000829851
105 129 3 100 3214 2.000834202
99 129 3 100 1302117 2.000982780
2 130 3 100 4996400 2.000987238
121 131 3 100 22260059 2.001047594
38 131 3 100 25418 2.001076192
61 129 3 100 27165 2.001253169
107 129 3 100 2341441 2.001259014
74 69 3 100 27657 2.001259336
2 110 3 100 4332 2.001270924
15 13 3 100 7392 2.001282801
61 129 3 100 68846 2.001291311
101 131 3 100 18167 2.001380145
107 130 3 100 46505 2.001380525
16 128 3 100 4215574 2.001381360
77 131 3 100 34194 2.001443961
95 128 3 100 14062 2.001455897
63 128 3 100 29383 2.001524154
86 91 3 100 1413849 2.001669261
98 71 3 100 156726 2.001704784
112 6 3 100 60489 2.001712643
111 128 3 100 25413 2.001736874
79 131 3 100 7053 2.001752333
36 129 3 100 385106 2.001773935
81 128 3 100 4817673 2.001821529
56 129 3 100 14004163 2.001877770
90 129 3 100 1369 2.001955717
20 130 3 100 56682 2.001978998
54 59 3 100 38791 2.002014808
42 125 3 100 29120 2.002025596
82 50 3 100 20633201 2.002069653
90 129 3 100 3497756 2.002146470
30 130 3 100 14408 2.002182667
22 131 3 100 7486 2.002217480
64 130 3 100 20841256 2.002241519
107 129 3 100 4716981 2.002268875
40 128 3 100 4258 2.002274458
23 131 3 100 51647 2.002404698
122 21 3 100 1737849 2.002408830
60 69 3 100 1795611 2.002465986
28 20 3 100 4376558 2.002469549
106 130 3 100 1203716 2.002471199
116 129 3 100 8365 2.002473275
34 128 3 100 36985 2.002537618
100 129 3 100 1519455 2.002557985
25 131 3 100 397744 2.002563145
48 129 3 100 528548 2.002570788
91 129 3 100 49433 2.002589515
102 70 3 100 22175 2.002608441
4 51 3 100 1558689 2.002645867
32 30 3 100 8067697 2.002664065
75 128 3 100 7228529 2.002682219
40 129 3 100 8492 2.002770820
1 129 3 100 6637 2.002864383
82 129 3 100 75601 2.002926232
0 130 3 100 20291 2.002946836
114 129 3 100 46329 2.003073390
76 130 3 100 508277 2.003080504
3 17 3 100 3771531 2.003162021
65 70 3 100 1143 2.003182955
119 85 3 100 8670 2.003189710
9 130 3 100 26236 2.003204360
80 131 3 100 541769 2.003204386
71 129 3 100 422959 2.003223912
10 130 3 100 67662 2.003255760
120 130 3 100 43852 2.003284742
58 130 3 100 3644765 2.003285063
114 130 3 100 3230 2.003362683
117 62 3 100 53570 2.003363601
41 71 3 100 4961690 2.003424303
107 78 3 100 1083485 2.003433558
89 131 3 100 2072 2.003436074
15 129 3 100 42322 2.003439954
82 130 3 100 38267 2.003469225
41 131 3 100 923631 2.003493160
61 128 3 100 57474 2.003509492
41 129 3 100 78113 2.003537346
98 128 3 100 28629 2.003549866
113 108 3 100 29763 2.003557774
30 113 3 100 5357482 2.003703068
7 85 3 100 19459 2.003735902
72 129 3 100 61422 2.003848731
0 128 3 100 1988519 2.003866994
0 130 3 100 36251 2.003910720
57 128 3 100 25849 2.003931771
50 131 3 100 79104 2.003963199
44 131 3 100 21114 2.003966149
98 128 3 100 7059 2.003987417
28 69 3 100 70842 2.004031453
15 60 3 100 20409 2.004045554
11 122 3 100 17300146 2.004061881
27 130 3 100 4303 2.004084328
13 130 3 100 1430995 2.004170179
77 130 3 100 2551 2.004172837
37 129 3 100 143655 2.004192367
105 128 3 100 75331 2.004226707
56 129 3 100 5917 2.004277627
74 128 3 100 1429606 2.004286802
100 120 3 100 3988 2.004354103
104 95 3 100 43165 2.004428053
81 125 3 100 7985861 2.004451058
8 130 3 100 48781 2.004453124
123 129 3 100 2256329 2.004460246
47 131 3 100 2241755 2.004467939
126 128 3 100 46300 2.004469995
61 129 3 100 611459 2.004479336
110 128 3 100 9992945 2.004523840
66 130 3 100 167564 2.004542095
12 108 3 100 316926 2.004664044
25 83 3 100 900587 2.004704397
66 47 3 100 7185 2.004741419
90 131 3 100 58403 2.004756745
5 131 3 100 11312 2.004765051
106 131 3 100 16932428 2.004770849
20 131 3 100 1884562 2.004786515
100 130 3 100 6963262 2.004824902
103 131 3 100 10469 2.004934950
18 130 3 100 1858243 2.004952401
99 10 3 100 198890 2.004982352
119 88 3 100 36440 2.005006586
105 76 3 100 25794 2.005016506
114 129 3 100 4142002 2.005082516
20 130 3 100 8738 2.005106379
37 128 3 100 21514 2.005120276
20 131 3 100 1349497 2.005163746
74 131 3 100 27713382 2.005167739
95 130 3 100 116436 2.005167878
19 130 3 100 778758 2.005174525
56 122 3 100 864604 2.005174985
119 62 3 100 20962 2.005211873
97 11 3 100 3710272 2.005216147
16 128 3 100 7166 2.005265907
13 128 3 100 21634 2.005297234
123 131 3 100 28605 2.005384247
84 131 3 100 57501 2.005401716
89 128 3 100 340487 2.005409509
0 130 3 100 9592 2.005448791
115 131 3 100 33338 2.005487278
66 63 3 100 76721 2.005499679
116 34 3 100 79399 2.005567786
62 59 3 100 316206 2.005569081
115 128 3 100 63707 2.005632837
69 129 3 100 38506 2.005643111
47 129 3 100 35726 2.005659473
87 128 3 100 11649528 2.005683486
108 129 3 100 10885 2.005713990
84 128 3 100 919315 2.005739074
28 128 3 100 50205 2.005774129
0 83 3 100 4484 2.005778587
12 23 3 100 1188072 2.005793574
110 6 3 100 189013 2.005827308
5 129 3 100 7942 2.005835692
82 130 3 100 1280045 2.005837439
103 131 3 100 39744 2.005883713
58 130 3 100 700593 2.005883948
101 131 3 100 2828752 2.005901905
98 130 3 100 9066 2.005911595
86 130 3 100 1025896 2.006003105
41 74 3 100 20589 2.006044614
69 65 3 100 7096241 2.006044822
82 96 3 100 1202786 2.006076682
88 131 3 100 1357965 2.006080060
39 131 3 100 22815 2.006104239
12 128 3 100 73863 2.006127398
36 130 3 100 57391 2.006134087
58 128 3 100 190314 2.006182437
104 128 3 100 1598 2.006185746
13 130 3 100 26660 2.006202103
38 32 3 100 108191 2.006338786
115 16 3 100 3765219 2.006338820
84 80 3 100 36936 2.006353895
15 128 3 100 1653501 2.006402205
66 128 3 100 9812 2.006413863
11 130 3 100 3433592 2.006426175
77 128 3 100 1356 2.006428106
124 128 3 100 306577 2.006431331
26 131 3 100 20880190 2.006441225
29 128 3 100 72096 2.006444911
15 9 3 100 171279 2.006464138
127 61 3 100 71418 2.006496579
6 122 3 100 1180430 2.006579812
7 131 3 100 7871057 2.006581414
10 128 3 100 4152 2.006585425
11 131 3 100 993773 2.006629202
46 130 3 100 22437712 2.006645092
28 128 3 100 4969 2.006653474
67 128 3 100 96877 2.006666266
58 131 3 100 462025 2.006770169
43 2 3 100 43369 2.006808023
11 62 3 100 27651 2.006814028
102 34 3 100 1090460 2.006826839
82 129 3 100 129008 2.006873931
2 128 3 100 25192363 2.006901637
14 131 3 100 25041 2.006906053
43 130 3 100 9728 2.006970777
101 131 3 100 67315 2.007100584
27 128 3 100 8313603 2.007145595
84 128 3 100 6536144 2.007167334
44 54 3 100 42047 2.007179447
50 22 3 100 25140 2.007300361
56 4 3 100 336220 2.007373737
67 130 3 100 35133 2.007398566
114 130 3 100 29570 2.007489678
47 131 3 100 53168 2.007526374
87 128 3 100 1284225 2.007535349
88 130 3 100 2056 2.007613111
95 129 3 100 46655 2.007623045
7 129 3 100 37034 2.007636343
33 119 3 100 8905005 2.007646211
70 25 3 100 163276 2.007657543
3 77 3 100 325344 2.007661244
30 129 3 100 9812 2.007681653
85 131 3 100 6399 2.007733178
47 131 3 100 23158840 2.007745793
14 131 3 100 5680424 2.007747433
37 131 3 100 186661 2.007825913
119 129 3 100 4653905 2.007849692
113 129 3 100 182140 2.007928494
84 57 3 100 8014722 2.008020372
114 17 3 100 6192738 2.008056476
75 76 3 100 4886172 2.008085057
71 129 3 100 3484 2.008140820
67 129 3 100 597616 2.008155183
114 131 3 100 5840 2.008180649
90 130 3 100 2981672 2.008191550
89 131 3 100 192841 2.008226260
116 130 3 100 40723 2.008248794
72 131 3 100 3760 2.008295041
110 32 3 100 66719 2.008380732
7 24 3 100 558579 2.008420190
21 49 3 100 738866 2.008431155
25 131 3 100 130873 2.008444865
73 131 3 100 53315 2.008467958
61 128 3 100 62340 2.008565591
3 128 3 100 2939234 2.008660547
63 131 3 100 20466 2.008738810
0 129 3 100 25309 2.008741885
121 130 3 100 1112137 2.008753467
60 10 3 100 118206 2.008762464
89 51 3 100 16998933 2.008800443
107 67 3 100 4281339 2.008806084
46 131 3 100 8779 2.008843184
124 129 3 100 129109 2.008902737
103 131 3 100 1498 2.008977085
37 130 3 100 4530 2.009087038
39 131 3 100 1219005 2.009093098
10 130 3 100 3371008 2.009126784
29 131 3 100 2083 2.009131985
102 99 3 100 615949 2.009133738
105 21 3 100 24970 2.009170181
32 36 3 100 731252 2.009207027
111 131 3 100 75578 2.009293151
79 131 3 100 44667 2.009342262
57 130 3 100 4810052 2.009346279
114 128 3 100 29181647 2.009405006
73 128 3 100 57833 2.009555467
92 130 3 100 781318 2.009570605
112 129 3 100 3295986 2.009577761
62 57 3 100 51689 2.009659972
69 48 3 100 316485 2.009749132
120 69 3 100 65261 2.009766817
69 129 3 100 72109 2.009784051
15 131 3 100 8032380 2.009834440
80 130 3 100 25839 2.009896324
8 129 3 100 969871 2.009897583
107 129 3 100 29329 2.009994148
22 128 3 100 18291402 2.010008622
119 130 3 100 54762 2.010012587
49 84 3 100 5219072 2.010066074
121 83 3 100 2081565 2.010073001
54 3 3 100 26821031 2.010080190
23 131 3 100 7632754 2.010098078
53 128 3 100 71272 2.010112315
30 130 3 100 165495 2.010148051
69 130 3 100 987 2.010203558
124 128 3 100 3221155 2.010226075
108 129 3 100 752691 2.010288061
74 130 3 100 4262 2.010293008
116 121 3 100 74569 2.010297961
64 27 3 100 1471126 2.010372432
39 117 3 100 8251 2.010414531
38 131 3 100 2446954 2.010424159
65 131 3 100 9289 2.010503575
72 131 3 100 748101 2.010568043
114 128 3 100 5640 2.010584005
32 131 3 100 6386 2.010638000
48 131 3 100 1148509 2.010736560
83 130 3 100 80243 2.010758767
22 72 3 100 9920893 2.010779336
47 36 3 100 14568 2.010782929
64 112 3 100 22034626 2.010801266
51 131 3 100 1169143 2.010900937
22 130 3 100 7283 2.010966890
83 131 3 100 6851497 2.010981574
79 130 3 100 182198 2.011003243
87 129 3 100 20977 2.011128326
119 130 3 100 1934302 2.011159127
21 129 3 100 8291 2.011223630
74 69 3 100 4512 2.011266731
79 69 3 100 32528 2.011301366
27 85 3 100 153341 2.011305429
44 130 3 100 44582 2.011373556
124 130 3 100 949918 2.011404922
119 130 3 100 67159 2.011426997
82 130 3 100 7499 2.011437549
3 128 3 100 4238885 2.011453601
42 129 3 100 42529 2.011459113
69 128 3 100 158962 2.011466302
120 34 3 100 6501752 2.011520767
39 82 3 100 2247 2.011586300
31 65 3 100 2167 2.011603429
74 129 3 100 4291465 2.011625875
40 131 3 100 44491 2.011667061
109 129 3 100 1770996 2.011722925
52 130 3 100 3053611 2.011722995
98 128 3 100 42405 2.011783081
73 130 3 100 60803 2.011819481
127 128 3 100 20548 2.011858511
94 19 3 100 3974 2.011914395
41 103 3 100 68859 2.011986894
20 105 3 100 331111 2.012022233
42 128 3 100 674614 2.012179120
0 129 3 100 72665 2.012210254
55 129 3 100 1348045 2.012223007
7 128 3 100 50910 2.012277460
38 130 3 100 1929371 2.012288675
78 129 3 100 9157 2.012295775
82 131 3 100 52420 2.012312846
27 107 3 100 4666950 2.012313418
19 71 3 100 8450 2.012361465
1 100 3 100 67931 2.012401639
86 131 3 100 684 2.012420865
48 128 3 100 4307 2.012423617
2 130 3 100 1326511 2.012438083
5 128 3 100 68919 2.012448290
104 130 3 100 1894 2.012471286
14 131 3 100 584785 2.012488012
22 130 3 100 66044 2.012497204
87 8 3 100 10666 2.012506380
24 30 3 100 77018 2.012553268
106 80 3 100 70033 2.012582861
13 131 3 100 5045 2.012594002
101 130 3 100 918626 2.012597466
73 130 3 100 4922 2.012672831
111 131 3 100 3085 2.012693823
40 130 3 100 2885722 2.012701652
21 129 3 100 27758 2.012720724
58 130 3 100 28343 2.012728032
6 81 3 100 627 2.012743914
125 115 3 100 52384 2.012744576
99 63 3 100 7107738 2.012762000
24 131 3 100 7894540 2.012846593
72 128 3 100 48911 2.012873492
59 128 3 100 11193588 2.012883630
86 128 3 100 7056 2.012896335
4 128 3 100 15454 2.012898778
95 128 3 100 10378 2.012908422
41 131 3 100 6140 2.012930180
14 85 3 100 770174 2.012942224
61 112 3 100 57014 2.012962167
37 117 3 100 10692 2.012983051
122 131 3 100 572818 2.012999639
59 131 3 100 20766 2.013011641
40 129 3 100 345 2.013050745
38 131 3 100 39598 2.013128025
89 130 3 100 28138 2.013212672
35 128 3 100 6855575 2.013266489
2 130 3 100 24504 2.013314862
127 62 3 100 194885 2.013368479
54 1 3 100 8761 2.013398415
101 25 3 100 472341 2.013402580
84 128 3 100 694082 2.013406835
93 130 3 100 155049 2.013437978
23 130 3 100 74071 2.013448695
96 130 3 100 681 2.013513957
125 131 3 100 68241 2.013554892
35 128 3 100 1127606 2.013564592
46 130 3 100 49164 2.013574568
18 16 3 100 66417 2.013586254
37 61 3 100 2891 2.013678929
118 0 3 100 16725 2.013693580
89 131 3 100 66323 2.013724209
68 129 3 100 56038 2.013726599
35 131 3 100 24528 2.013735417
106 129 3 100 4641041 2.013738754
115 129 3 100 53737 2.013881940
18 130 3 100 7127 2.013890817
92 129 3 100 1528 2.013944360
30 68 3 100 4894508 2.013974040
124 74 3 100 20459 2.014034773
107 56 3 100 2965 2.014069742
69 130 3 100 4737058 2.014071616
58 131 3 100 2677346 2.014095603
50 131 3 100 964930 2.014143696
57 128 3 100 8796 2.014159979
77 128 3 100 4262843 2.014166972
40 130 3 100 331976 2.014178296
37 130 3 100 24145 2.014292705
84 91 3 100 488208 2.014333127
112 90 3 100 28047 2.014341523
21 49 3 100 11176 2.014372337
94 128 3 100 24803 2.014401441
81 130 3 100 59409 2.014403181
69 131 3 100 43318 2.014403689
74 129 3 100 800120 2.014431541
33 128 3 100 1287221 2.014466322
3 129 3 100 7417192 2.014500374
39 128 3 100 4480754 2.014637970
123 112 3 100 7708 2.014720629
69 34 3 100 40980 2.014730653
20 16 3 100 46474 2.014738407
82 131 3 100 25 2.014743458
44 128 3 100 3814627 2.014757424
18 129 3 100 218856 2.014831844
117 130 3 100 4454137 2.014864726
124 131 3 100 8403827 2.014975233
51 131 3 100 35524 2.015009578
38 129 3 100 360 2.015074761
122 82 3 100 697569 2.015095182
28 21 3 100 7866 2.015121262
47 117 3 100 24642 2.015172203
87 131 3 100 6619 2.015250941
84 130 3 100 3578181 2.015261788
15 131 3 100 34113 2.015283253
71 131 3 100 4553287 2.015329706
43 130 3 100 18102832 2.015374734
114 128 3 100 15816 2.015396577
23 130 3 100 1272 2.015410746
56 112 3 100 1000359 2.015423579
13 57 3 100 4756415 2.015425689
52 108 3 100 28223 2.015430068
79 129 3 100 37238 2.015430262
24 128 3 100 7906344 2.015432063
94 131 3 100 2045682 2.015434581
33 130 3 100 37592 2.015438005
102 131 3 100 3394904 2.015484585
9 128 3 100 34119 2.015495860
28 128 3 100 20031 2.015536508
90 102 3 100 72117 2.015537104
90 126 3 100 3745615 2.015551224
47 49 3 100 24377 2.015568779
124 131 3 100 8420425 2.015627878
33 131 3 100 248849 2.015672585
73 130 3 100 145335 2.015684897
76 131 3 100 4613843 2.015687987
44 129 3 100 51948 2.015713273
42 130 3 100 53160 2.015782354
113 129 3 100 37254 2.015786343
16 106 3 100 63 2.015791944
14 29 3 100 20225 2.015801327
17 126 3 100 179601 2.015804759
122 129 3 100 314928 2.015826551
102 128 3 100 7242754 2.015830450
58 131 3 100 817739 2.015933257
32 129 3 100 4120507 2.016029787
68 128 3 100 158393 2.016098746
22 128 3 100 10464 2.016107250
82 128 3 100 894242 2.016111318
93 39 3 100 6475 2.016131824
57 110 3 100 1175020 2.016210995
46 105 3 100 4121 2.016217355
63 130 3 100 33528 2.016256603
25 131 3 100 3287 2.016274338
11 130 3 100 2764791 2.016326160
95 128 3 100 22095 2.016351005
87 129 3 100 1323857 2.016382301
27 130 3 100 61682 2.016432365
47 131 3 100 24678 2.016433764
111 83 3 100 26868 2.016479476
117 51 3 100 15976783 2.016482311
9 56 3 100 2148656 2.016495197
29 131 3 100 38420 2.016503339
125 130 3 100 61848 2.016583934
113 129 3 100 153567 2.016597146
97 130 3 100 11867 2.016691462
106 130 3 100 53058 2.016704843
123 128 3 100 1449299 2.016780770
101 128 3 100 29702 2.016781097
70 33 3 100 1807284 2.016797032
96 87 3 100 23565 2.016973950
4 99 3 100 1647 2.016983454
80 130 3 100 16119 2.016984688
48 131 3 100 1536159 2.016988154
58 128 3 100 133436 2.017006356
79 130 3 100 11466 2.017024670
127 130 3 100 593777 2.017033371
87 128 3 100 25901 2.017089506
79 128 3 100 28930 2.017114096
43 49 3 100 28126 2.017200208
63 113 3 100 189260 2.017204150
19 36 3 100 1687140 2.017229960
116 130 3 100 7136473 2.017312950
34 129 3 100 11323 2.017316610
41 130 3 100 4473 2.017325733
67 131 3 100 2354611 2.017339167
111 128 3 100 1566 2.017404123
5 130 3 100 27215 2.017411382
4 130 3 100 44881 2.017492972
37 38 3 100 4361812 2.017547973
74 5 3 100 66425 2.017577533
23 72 3 100 34982 2.017643595
14 131 3 100 8918887 2.017658095
5 131 3 100 462771 2.017688680
111 128 3 100 26480 2.017707567
10 128 3 100 20668055 2.017738074
44 128 3 100 2146 2.017752749
34 131 3 100 24395 2.017842380
108 131 3 100 2996 2.017846324
127 29 3 100 25565 2.017877724
95 39 3 100 30744 2.017988038
63 49 3 100 40546 2.017994879
56 130 3 100 124696 2.018057421
30 130 3 100 7620 2.018085170
14 131 3 100 815670 2.018140178
98 128 3 100 73806 2.018155099
64 129 3 100 9335483 2.018166074
97 128 3 100 599139 2.018207583
26 131 3 100 7209426 2.018236563
45 83 3 100 31143 2.018270114
72 126 3 100 403883 2.018311484
105 89 3 100 1954874 2.018430738
36 130 3 100 22830 2.018433545
45 130 3 100 137058 2.018434583
36 128 3 100 49835 2.018453433
93 128 3 100 2852099 2.018509813
114 129 3 100 1055 2.018524744
101 130 3 100 412229 2.018539641
42 131 3 100 7378 2.018622866
88 12 3 100 12413043 2.018635959
42 30 3 100 944476 2.018662936
48 78 3 100 1059981 2.018686940
0 130 3 100 7203746 2.018719877
27 128 3 100 28060 2.018736140
34 128 3 100 2155816 2.018897439
78 128 3 100 3023 2.018918746
29 128 3 100 309197 2.018941795
86 130 3 100 1839165 2.018966056
44 130 3 100 132462 2.018987178
11 29 3 100 45854 2.019078753
50 116 3 100 627106 2.019100771
85 34 3 100 60892 2.019104895
112 130 3 100 9811 2.019150911
90 128 3 100 3002017 2.019190016
26 130 3 100 75259 2.019255251
15 128 3 100 6431 2.019328494
46 131 3 100 159321 2.019329547
104 130 3 100 27492 2.019338744
81 128 3 100 73140 2.019361491
62 52 3 100 14090225 2.019403962
52 61 3 100 1895544 2.019443435
11 12 3 100 309877 2.019512284
71 131 3 100 653184 2.019568073
121 131 3 100 77313 2.019631070
4 129 3 100 2025882 2.019645579
69 128 3 100 162807 2.019673897
103 129 3 100 8205960 2.019704281
75 128 3 100 76504 2.019836553
83 129 3 100 1948002 2.019878387
91 117 3 100 20383 2.019892730
115 127 3 100 34769 2.019893428
103 20 3 100 121337 2.019929667
43 130 3 100 311463 2.019931499
65 128 3 100 1806773 2.019980149
110 131 3 100 4139560 2.019987624
16 129 3 100 1295032 2.020017162
17 131 3 100 62317 2.020017179
18 129 3 100 4142 2.020042987
101 129 3 100 3367974 2.020080695
85 111 3 100 26525 2.020179470
109 68 3 100 45676 2.020208476
96 112 3 100 2636143 2.020260333
24 128 3 100 8027 2.020321530
74 131 3 100 77132 2.020333381
124 130 3 100 150977 2.020375932
91 128 3 100 49256 2.020377040
124 131 3 100 93020 2.020423338
86 128 3 100 53005 2.020476736
114 129 3 100 1442893 2.020493102
58 95 3 100 2853 2.020499403
66 41 3 100 54105 2.020501517
63 12 3 100 5722 2.020520506
38 130 3 100 6985978 2.020576358
15 128 3 100 1209232 2.020640009
99 128 3 100 38317 2.020646505
14 128 3 100 22265 2.020654480
25 128 3 100 1763733 2.020712370
7 131 3 100 4315440 2.020730849
33 130 3 100 42289 2.020744586
102 42 3 100 170308 2.020762527
43 113 3 100 2249 2.020767117
20 112 3 100 20642 2.020789677
105 131 3 100 891311 2.020795816
44 128 3 100 47112 2.020838593
93 128 3 100 1963124 2.020844618
13 128 3 100 51210 2.020890284
76 130 3 100 109314 2.020902554
38 128 3 100 701193 2.021072200
127 129 3 100 6934878 2.021083821
99 77 3 100 57326 2.021104768
23 44 3 100 7026 2.021107827
55 43 3 100 1693563 2.021109221
59 128 3 100 15757 2.021110982
117 128 3 100 3581409 2.021121807
19 130 3 100 1974536 2.021128579
34 130 3 100 1751103 2.021134136
78 130 3 100 7990 2.021171258
121 129 3 100 816480 2.021303860
104 129 3 100 38227 2.021357276
126 75 3 100 2749262 2.021403408
86 60 3 100 44356 2.021417887
113 111 3 100 7428 2.021460236
77 130 3 100 28253 2.021490869
125 130 3 100 24686 2.021508182
45 128 3 100 25101 2.021527778
122 130 3 100 37865 2.021533526
90 128 3 100 1654542 2.021544680
41 130 3 100 909955 2.021612628
18 131 3 100 1776022 2.021667561
60 87 3 100 8719 2.021684826
22 61 3 100 435 2.021730804
70 6 3 100 11428 2.021735867
34 130 3 100 34276 2.021744416
100 129 3 100 3113 2.021746524
90 129 3 100 4176683 2.021835478
117 128 3 100 6756 2.021870575
98 130 3 100 16473 2.021874932
123 131 3 100 4662652 2.021912747
24 131 3 100 3697855 2.021930610
57 9 3 100 5352289 2.021964992
81 46 3 100 42094 2.022064133
44 118 3 100 11841 2.022097862
24 129 3 100 15163 2.022156490
43 129 3 100 85461 2.022216175
49 128 3 100 26550 2.022222130
110 130 3 100 70169 2.022325809
83 131 3 100 30867 2.022343797
17 130 3 100 3655718 2.022369455
99 128 3 100 47253 2.022382592
118 34 3 100 76495 2.022455171
49 1 3 100 3610 2.022457807
111 74 3 100 3969 2.022515531
118 128 3 100 1786935 2.022563701
69 129 3 100 1162197 2.022568910
115 129 3 100 119476 2.022624030
0 130 3 100 5157333 2.022643291
36 131 3 100 1151085 2.022652486
114 130 3 100 69965 2.022653792
32 130 3 100 3064 2.022654844
109 62 3 100 58042 2.022667563
67 124 3 100 23390 2.022670396
25 112 3 100 4473 2.022699399
90 130 3 100 55879 2.022754624
74 131 3 100 7358 2.022757480
114 130 3 100 63686 2.022760958
27 131 3 100 6860 2.022814294
20 129 3 100 4774308 2.022864044
19 129 3 100 143018 2.022880065
38 128 3 100 5304239 2.022884452
27 100 3 100 34475 2.022919320
1 24 3 100 9572376 2.022919422
110 108 3 100 2215774 2.022967651
98 129 3 100 40411 2.023019538
49 131 3 100 8321 2.023067066
113 130 3 100 67039 2.023122567
10 128 3 100 1753991 2.023150011
102 130 3 100 7792 2.023224384
29 131 3 100 128864 2.023271180
21 130 3 100 19890 2.023274600
68 115 3 100 2537311 2.023275058
122 50 3 100 24911 2.023280728
91 74 3 100 6411 2.023283763
35 130 3 100 12705 2.023335165
50 129 3 100 365511 2.023338346
57 130 3 100 341405 2.023365652
4 129 3 100 27191 2.023394020
20 130 3 100 22391 2.023446282
60 131 3 100 9225 2.023477773
44 129 3 100 6229 2.023511203
110 83 3 100 407886 2.023518541
60 53 3 100 74217 2.023610141
29 32 3 100 12488 2.023655062
91 129 3 100 60990 2.023675861
12 128 3 100 2908390 2.023694458
108 128 3 100 1503559 2.023742029
3 131 3 100 43371 2.023750011
124 129 3 100 170684 2.023772753
0 128 3 100 16034748 2.023803675
53 128 3 100 8810416 2.023809979
95 102 3 100 8071228 2.023812640
101 109 3 100 4761616 2.023860518
95 51 3 100 35706 2.023877153
64 128 3 100 7094 2.023930356
42 131 3 100 23114 2.023931640
87 129 3 100 1673 2.023957618
25 131 3 100 110119 2.023973764
62 128 3 100 531591 2.024063979
81 131 3 100 55949 2.024111612
125 130 3 100 12188524 2.024121094
4 68 3 100 5375 2.024137471
123 126 3 100 4487 2.024138566
110 117 3 100 157238 2.024139641
35 131 3 100 1906647 2.024227624
58 129 3 100 9244 2.024258910
82 130 3 100 17615 2.024298163
119 129 3 100 33141 2.024416701
76 130 3 100 9189 2.024475994
102 128 3 100 8439 2.024497977
68 131 3 100 22224 2.024504159
109 107 3 100 40585 2.024518518
27 104 3 100 10490546 2.024557587
65 72 3 100 18156 2.024713894
44 131 3 100 62679 2.024779882
11 130 3 100 330634 2.024855408
15 128 3 100 2361820 2.024864821
60 131 3 100 754 2.024872491
102 131 3 100 1395884 2.024936870
106 128 3 100 23507 2.024938533
102 131 3 100 78324 2.024955462
57 45 3 100 20116 2.024985954
58 65 3 100 1041455 2.025005603
49 22 3 100 677015 2.025014959
36 129 3 100 63222 2.025036642
50 130 3 100 26486 2.025054292
105 130 3 100 7837 2.025119384
35 131 3 100 24837 2.025122989
100 129 3 100 2311252 2.025128146
107 130 3 100 54208 2.025146741
9 130 3 100 65118 2.025186596
104 23 3 100 79460 2.025262601
36 34 3 100 240470 2.025321234
85 55 3 100 83541 2.025327668
25 131 3 100 3381110 2.025347882
71 129 3 100 59496 2.025368890
1 128 3 100 369105 2.025448605
31 131 3 100 16633704 2.025465619
43 129 3 100 1361553 2.025477395
104 130 3 100 678100 2.025557344
33 131 3 100 2057 2.025669165
87 10 3 100 13551179 2.025676502
85 10 3 100 1654377 2.025764270
102 37 3 100 20641 2.025766542
44 130 3 100 388107 2.025768816
60 131 3 100 3943 2.025821362
112 130 3 100 1532573 2.025829565
0 131 3 100 38854 2.025887614
109 130 3 100 2628042 2.026039739
4 128 3 100 4137992 2.026048947
86 128 3 100 3885459 2.026108867
103 90 3 100 3995037 2.026127860
121 101 3 100 170815 2.026213774
69 52 3 100 78454 2.026219975
103 128 3 100 2447222 2.026280317
4 131 3 100 11794304 2.026363837
97 129 3 100 4232022 2.026396534
111 130 3 100 8182 2.026398813
39 128 3 100 2331339 2.026426743
77 129 3 100 689750 2.026426978
108 131 3 100 2803222 2.026427085
105 90 3 100 8019 2.026428189
78 106 3 100 127072 2.026432813
52 38 3 100 23625426 2.026493915
10 129 3 100 8580836 2.026566579
39 130 3 100 49696 2.026634021
29 130 3 100 29664 2.026702783
13 128 3 100 13037 2.026710941
41 131 3 100 6841003 2.026831346
118 131 3 100 7185876 2.026913016
119 131 3 100 41046 2.026924093
21 11 3 100 125581 2.026926447
6 49 3 100 3140620 2.027026948
32 3 3 100 24598 2.027110124
42 130 3 100 32031 2.027123661
1 128 3 100 18980 2.027180377
60 130 3 100 9752 2.027234700
62 130 3 100 29098 2.027244523
38 128 3 100 4515612 2.027289382
1 128 3 100 732878 2.027393027
43 128 3 100 73550 2.027439377
117 76 3 100 1312049 2.027495150
85 120 3 100 59501 2.027506062
5 38 3 100 326 2.027525477
107 130 3 100 9841528 2.027531954
51 128 3 100 35733 2.027543400
39 128 3 100 2040522 2.027576478
104 128 3 100 154401 2.027632527
108 129 3 100 181158 2.027696584
74 128 3 100 1431955 2.027743531
55 128 3 100 9367 2.027754104
90 77 3 100 7953090 2.027768266
8 117 3 100 518849 2.027772613
96 60 3 100 631100 2.027783567
87 128 3 100 7662 2.027853119
84 130 3 100 53273 2.027877968
99 129 3 100 14488 2.027889988
56 128 3 100 76609 2.027915155
54 129 3 100 167670 2.027915232
121 130 3 100 57698 2.027944238
70 128 3 100 47317 2.027969659
60 48 3 100 523 2.027980959
56 74 3 100 47294 2.028008330
41 107 3 100 11233 2.028046469
85 129 3 100 59649 2.028053268
8 130 3 100 29180 2.028053677
67 131 3 100 646543 2.028054196
120 130 3 100 74459 2.028088251
75 129 3 100 143250 2.028119438
83 128 3 100 19281013 2.028154349
67 129 3 100 9271 2.028161755
42 127 3 100 22207 2.028252983
95 107 3 100 1671628 2.028255954
28 35 3 100 6934756 2.028264116
51 129 3 100 474997 2.028305108
96 129 3 100 1790341 2.028306622
53 129 3 100 7530044 2.028325252
78 130 3 100 3163247 2.028353542
125 131 3 100 9938884 2.028355715
96 129 3 100 815650 2.028369349
83 129 3 100 463876 2.028396236
3 121 3 100 40782 2.028426162
52 54 3 100 323416 2.028426271
4 87 3 100 721155 2.028437541
31 128 3 100 2776 2.028458259
78 131 3 100 884268 2.028515045
7 130 3 100 5030064 2.028518742
107 128 3 100 913082 2.028547066
83 129 3 100 6625265 2.028590207
5 130 3 100 77815 2.028635074
79 131 3 100 674555 2.028654835
98 54 3 100 31694 2.028661884
24 3 3 100 7776 2.028721463
69 46 3 100 5876398 2.028758401
100 130 3 100 52244 2.028767613
58 130 3 100 102174 2.028854343
37 131 3 100 26493 2.028896039
101 128 3 100 27627 2.028930099
101 131 3 100 29709 2.028948596
126 129 3 100 231745 2.028958725
54 129 3 100 44513 2.028983902
2 11 3 100 296320 2.028989310
67 31 3 100 272279 2.028989554
88 87 3 100 4590226 2.029046946
38 129 3 100 3315574 2.029067172
15 131 3 100 174624 2.029127988
124 131 3 100 37583 2.029148132
42 130 3 100 182569 2.029163324
62 130 3 100 7207872 2.029176077
75 131 3 100 34498 2.029204427
47 130 3 100 8721930 2.029223199
54 92 3 100 196880 2.029257038
76 45 3 100 13164 2.029280694
102 107 3 100 2206 2.029423197
23 128 3 100 1746834 2.029484873
62 131 3 100 33829 2.029487806
104 130 3 100 33165 2.029574770
30 128 3 100 907264 2.029579780
111 130 3 100 6559 2.029625008
27 130 3 100 870175 2.029673256
38 131 3 100 6518199 2.029778781
99 43 3 100 1973214 2.029809196
75 74 3 100 59315 2.029881942
54 105 3 100 9577716 2.029907488
94 130 3 100 4196 2.029932201
18 130 3 100 46597 2.029935464
46 130 3 100 20943775 2.029982403
11 130 3 100 72296 2.029999529
107 129 3 100 24159 2.030047643
106 128 3 100 163835 2.030084972
81 131 3 100 6184523 2.030102127
101 67 3 100 57443 2.030133198
74 14 3 100 5679880 2.030137583
85 65 3 100 518 2.030197195
103 129 3 100 3950006 2.030212123
118 131 3 100 60895 2.030241356
60 131 3 100 876646 2.030285301
11 131 3 100 53957 2.030322159
42 128 3 100 4115446 2.030355372
80 131 3 100 124748 2.030366743
122 131 3 100 750786 2.030370516
23 12 3 100 116461 2.030422041
71 13 3 100 6524 2.030434843
37 101 3 100 9547 2.030474813
21 128 3 100 8044 2.030496342
56 128 3 100 1443170 2.030520650
55 128 3 100 79715 2.030545884
58 131 3 100 25287 2.030787125
27 131 3 100 49443 2.030807132
113 129 3 100 50533 2.030901895
99 129 3 100 7348 2.031030121
107 33 3 100 21867 2.031056571
50 10 3 100 22311 2.031163052
94 112 3 100 2819671 2.031199484
91 128 3 100 79972 2.031203578
42 130 3 100 3053766 2.031208050
27 129 3 100 49028 2.031209568
69 128 3 100 21928 2.031283607
3 129 3 100 132826 2.031336346
26 129 3 100 187351 2.031344754
42 128 3 100 7643170 2.031372664
110 43 3 100 3706088 2.031429189
31 114 3 100 9237 2.031471415
1 8 3 100 4561225 2.031530444
83 130 3 100 61089 2.031576641
67 129 3 100 32921 2.031599126
94 129 3 100 178565 2.031602639
99 130 3 100 77754 2.031607037
120 130 3 100 4489 2.031609678
5 131 3 100 12744 2.031637038
114 130 3 100 3988054 2.031678207
124 26 3 100 64808 2.031733166
15 8 3 100 867317 2.031733560
33 49 3 100 8050 2.031744154
4 131 3 100 60398 2.031784045
125 129 3 100 4637697 2.031811272
60 128 3 100 3542 2.031819932
119 131 3 100 87 2.031829803
105 131 3 100 650704 2.031847700
99 128 3 100 1377873 2.031848332
94 129 3 100 86 2.031866128
22 2 3 100 34431 2.031872703
72 105 3 100 63205 2.031873354
6 75 3 100 5785849 2.031917544
61 129 3 100 5413987 2.031942123
54 128 3 100 66597 2.031946484
62 130 3 100 6050 2.031954997
5 130 3 100 55730 2.032017598
11 131 3 100 59643 2.032020862
87 131 3 100 78530 2.032028791
61 130 3 100 8968 2.032030623
23 64 3 100 33156 2.032075028
77 116 3 100 19892 2.032156256
63 18 3 100 1691420 2.032165398
112 129 3 100 3973748 2.032198207
37 128 3 100 2516680 2.032215384
13 128 3 100 8807580 2.032235229
53 130 3 100 101128 2.032251584
53 128 3 100 23098 2.032288939
88 130 3 100 63672 2.032352922
46 131 3 100 2211308 2.032383564
54 106 3 100 373888 2.032393249
73 47 3 100 156790 2.032446558
27 115 3 100 240 2.032584477
111 129 3 100 137949 2.032599161
111 128 3 100 197740 2.032685395
102 131 3 100 442965 2.032699166
65 128 3 100 14366 2.032858154
39 129 3 100 7997 2.032895605
112 130 3 100 571343 2.032913394
42 128 3 100 219702 2.032913535
16 126 3 100 148378 2.032929522
103 3 3 100 15425 2.032942385
49 122 3 100 110725 2.032956268
99 128 3 100 3500127 2.033048404
84 131 3 100 401672 2.033095869
7 130 3 100 4226956 2.033194734
115 128 3 100 1438 2.033213362
6 131 3 100 452846 2.033281118
78 128 3 100 336 2.033292967
89 129 3 100 4991 2.033336997
31 32 3 100 21050966 2.033358769
18 37 3 100 75474 2.033368856
118 2 3 100 2910762 2.033372612
28 131 3 100 7787 2.033378501
99 130 3 100 460551 2.033387088
92 131 3 100 9270187 2.033500758
32 131 3 100 100409 2.033517226
100 128 3 100 138528 2.033589263
52 128 3 100 5285104 2.033640777
19 129 3 100 3209732 2.033647742
79 58 3 100 1987509 2.033759473
35 23 3 100 3238774 2.033828297
49 40 3 100 5074 2.033828868
72 131 3 100 870034 2.033843282
77 130 3 100 43266 2.033869706
28 128 3 100 23288 2.033871475
2 128 3 100 74624 2.033885901
57 131 3 100 64142 2.033894494
111 128 3 100 23487 2.033943935
50 131 3 100 22500 2.033945243
83 10 3 100 36713 2.033958656
78 64 3 100 7775923 2.033975319
42 31 3 100 4674 2.034004363
103 130 3 100 2067193 2.034048139
125 131 3 100 55067 2.034135804
99 129 3 100 5783816 2.034153434
119 128 3 100 5760 2.034161750
17 131 3 100 23988047 2.034191797
1 129 3 100 27625 2.034201033
121 128 3 100 52979 2.034205260
12 123 3 100 34740 2.034223642
114 20 3 100 55975 2.034270575
11 6 3 100 2503668 2.034292615
68 130 3 100 759080 2.034392329
83 130 3 100 74941 2.034583006
104 128 3 100 59247 2.034590623
7 131 3 100 28117618 2.034607052
70 130 3 100 2974604 2.034657667
76 131 3 100 4076998 2.034669113
49 129 3 100 580 2.034699977
109 21 3 100 7702 2.034830903
24 35 3 100 8031323 2.034935848
82 13 3 100 5961 2.034986850
118 129 3 100 2561 2.034998460
94 128 3 100 882985 2.035029352
52 130 3 100 1048679 2.035046787
53 130 3 100 71931 2.035065032
109 129 3 100 50674 2.035076974
91 131 3 100 65002 2.035190037
42 128 3 100 502036 2.035193876
43 109 3 100 24605 2.035216467
127 73 3 100 3999193 2.035274615
36 69 3 100 2214 2.035334735
14 128 3 100 126127 2.035342074
10 130 3 100 4210 2.035388385
67 128 3 100 1960369 2.035471133
56 130 3 100 3099 2.035474350
0 129 3 100 4450 2.035485940
105 129 3 100 1798 2.035562529
60 130 3 100 24831 2.035590188
84 23 3 100 28985 2.035611697
53 27 3 100 1898848 2.035684289
71 11 3 100 75956 2.035691019
49 130 3 100 16478 2.035699879
99 131 3 100 265058 2.035753209
22 131 3 100 9107657 2.035809999
94 128 3 100 16309 2.035831728
110 128 3 100 3954603 2.035834103
106 129 3 100 1747 2.035898497
101 130 3 100 20979 2.035945584
93 36 3 100 50467 2.036050147
37 111 3 100 3742431 2.036051677
18 115 3 100 4995980 2.036073954
91 131 3 100 18271 2.036107900
0 130 3 100 22779 2.036231060
18 131 3 100 5186039 2.036306086
123 130 3 100 32492 2.036311853
113 131 3 100 20358 2.036351054
69 129 3 100 112162 2.036434410
9 129 3 100 1287169 2.036486776
111 1 3 100 21665 2.036490842
71 110 3 100 30738 2.036495017
111 1 3 100 2150 2.036504300
4 131 3 100 1032342 2.036505627
122 130 3 100 9545848 2.036514496
30 128 3 100 3984612 2.036549769
91 131 3 100 193348 2.036604360
80 130 3 100 3745995 2.036620306
53 128 3 100 2009681 2.036659068
58 128 3 100 313 2.036737922
114 56 3 100 2988781 2.036767620
79 91 3 100 344101 2.036782682
15 47 3 100 112956 2.036798586
106 130 3 100 2392896 2.036818742
60 129 3 100 872207 2.036819577
61 130 3 100 28176 2.036873362
80 131 3 100 1670122 2.036976130
75 129 3 100 23180038 2.036990275
101 131 3 100 69112 2.037020513
39 131 3 100 295058 2.037044671
102 33 3 100 5860 2.037055714
64 72 3 100 1404 2.037100392
43 7 3 100 179305 2.037106096
106 128 3 100 37989 2.037107469
126 130 3 100 3790504 2.037110036
76 131 3 100 6722592 2.037139242
84 129 3 100 987 2.037195414
47 129 3 100 4192269 2.037214987
86 131 3 100 6331 2.037218377
26 130 3 100 1309297 2.037244373
27 8 3 100 2753159 2.037267564
105 115 3 100 903898 2.037287417
18 12 3 100 74462 2.037326924
65 129 3 100 7188050 2.037336131
87 130 3 100 720149 2.037401224
45 128 3 100 23065 2.037412384
11 128 3 100 4209168 2.037421101
58 128 3 100 18985 2.037436560
56 131 3 100 7984 2.037512469
111 129 3 100 33245 2.037537896
49 90 3 100 2129318 2.037640728
16 105 3 100 35079 2.037693723
69 114 3 100 30404 2.037695521
65 128 3 100 41385 2.037721873
42 129 3 100 45740 2.037741873
69 128 3 100 7089221 2.037806361
111 130 3 100 604905 2.037854152
24 130 3 100 27229 2.037883440
7 129 3 100 86436 2.037888833
17 131 3 100 4974 2.037910406
114 35 3 100 14626 2.038003756
27 109 3 100 1771573 2.038030758
98 77 3 100 20211 2.038085958
22 130 3 100 686856 2.038113390
103 131 3 100 3817 2.038127295
55 129 3 100 110978 2.038130408
65 131 3 100 26060 2.038134479
109 128 3 100 60510 2.038148641
69 130 3 100 6177 2.038151713
31 128 3 100 3519462 2.038172533
6 106 3 100 114161 2.038193774
33 124 3 100 5736560 2.038216597
56 68 3 100 3825 2.038220660
107 130 3 100 38668 2.038223813
23 129 3 100 20244 2.038285862
39 129 3 100 1129461 2.038292111
37 128 3 100 22314 2.038300557
100 128 3 100 3834328 2.038303195
14 129 3 100 182980 2.038335146
87 130 3 100 1328817 2.038353157
79 38 3 100 39376 2.038360866
24 85 3 100 23257 2.038361644
51 61 3 100 196175 2.038367778
61 131 3 100 8446 2.038400119
11 129 3 100 7743309 2.038411927
30 128 3 100 4770 2.038415407
104 128 3 100 667907 2.038499371
70 129 3 100 72638 2.038507964
36 130 3 100 41004 2.038568897
79 131 3 100 6838956 2.038642544
53 110 3 100 18059 2.038696659
97 23 3 100 5639888 2.038711676
62 7 3 100 457246 2.038712135
45 128 3 100 724979 2.038735647
65 131 3 100 2996 2.038753480
126 129 3 100 992881 2.038767871
13 129 3 100 7518 2.038830506
51 131 3 100 21355 2.038862645
84 129 3 100 2893822 2.038887888
5 131 3 100 1912478 2.038947660
124 39 3 100 7039 2.038951662
11 37 3 100 27294 2.038995280
49 88 3 100 7276 2.039048868
62 128 3 100 73325 2.039080521
19 128 3 100 1795640 2.039139332
31 131 3 100 4741 2.039216595
51 128 3 100 185077 2.039262905
13 130 3 100 83576 2.039301234
45 130 3 100 25474 2.039339432
89 129 3 100 106156 2.039413044
83 124 3 100 4507 2.039417540
57 114 3 100 5542 2.039421393
99 7 3 100 47964 2.039494739
11 130 3 100 51847 2.039693107
70 129 3 100 1512765 2.039754285
32 129 3 100 29100 2.039812736
46 131 3 100 32390 2.039861854
37 129 3 100 14338 2.039985330
5 128 3 100 2220 2.039987540
124 130 3 100 7973 2.040004600
105 68 3 100 335052 2.040017961
88 71 3 100 4649151 2.040027912
117 124 3 100 1509528 2.040044075
110 129 3 100 5595 2.040107248
44 130 3 100 21899 2.040184199
60 130 3 100 54855 2.040237528
65 129 3 100 1823014 2.040278266
58 131 3 100 8488 2.040308348
83 128 3 100 1944649 2.040313905
77 128 3 100 38031 2.040315829
78 97 3 100 70481 2.040322656
118 107 3 100 3179 2.040355438
92 39 3 100 23077 2.040416841
18 129 3 100 74246 2.040437134
10 129 3 100 74467 2.040442114
69 130 3 100 114617 2.040443617
39 130 3 100 42975 2.040444491
12 131 3 100 34988 2.040480641
100 128 3 100 592481 2.040483600
107 131 3 100 163121 2.040502819
34 92 3 100 524986 2.040559459
13 19 3 100 17374 2.040634770
124 107 3 100 1063193 2.040646480
127 131 3 100 1850103 2.040669559
8 129 3 100 77296 2.040701775
34 128 3 100 3870435 2.040728811
115 129 3 100 439269 2.040828263
101 131 3 100 655655 2.040835451
92 129 3 100 2747441 2.040839068
37 130 3 100 27508 2.040862943
60 113 3 100 17404 2.040867386
35 72 3 100 590710 2.040888149
69 23 3 100 4340040 2.040890055
5 131 3 100 164276 2.040954391
96 130 3 100 63789 2.040997323
121 129 3 100 7757 2.040998529
66 130 3 100 50075 2.041005528
80 131 3 100 948684 2.041030011
57 131 3 100 2410171 2.041066674
77 131 3 100 15080 2.041157635
44 57 3 100 60367 2.041161006
108 122 3 100 44375 2.041167245
108 106 3 100 56790 2.041181692
29 128 3 100 58489 2.041204095
57 130 3 100 12664268 2.041213755
112 128 3 100 70926 2.041223009
102 128 3 100 49142 2.041293768
69 128 3 100 53901 2.041313727
76 131 3 100 23013 2.041334667
52 129 3 100 9367 2.041339815
25 10 3 100 2928 2.041415808
105 86 3 100 1578 2.041425674
39 110 3 100 64261 2.041481155
34 130 3 100 52432 2.041523241
76 130 3 100 23130832 2.041550327
5 128 3 100 2244 2.041554534
1 130 3 100 20881 2.041564837
85 131 3 100 4459 2.041593348
90 128 3 100 1229 2.041612151
63 129 3 100 927789 2.041623531
116 32 3 100 21642 2.041633251
56 100 3 100 40716 2.041636211
127 60 3 100 68517 2.041693981
5 131 3 100 2749 2.041750081
21 128 3 100 44490 2.041781178
123 131 3 100 947786 2.041785792
9 128 3 100 1197974 2.041835440
108 131 3 100 271937 2.041842621
7 128 3 100 12844 2.041887268
3 130 3 100 17747 2.041901068
17 75 3 100 341889 2.041920683
3 41 3 100 75727 2.041946419
111 105 3 100 4437536 2.042016840
20 131 3 100 153559 2.042034072
90 128 3 100 8309549 2.042039159
14 129 3 100 153180 2.042048546
117 128 3 100 19856146 2.042103214
45 129 3 100 656646 2.042122369
122 130 3 100 8778701 2.042133219
56 129 3 100 1415783 2.042153955
38 45 3 100 194069 2.042160765
74 116 3 100 34620 2.042195028
80 96 3 100 1177190 2.042200412
20 129 3 100 24772 2.042252154
59 128 3 100 28505 2.042314120
57 128 3 100 3944128 2.042396064
52 128 3 100 1230983 2.042409577
116 131 3 100 183366 2.042413908
120 131 3 100 82083 2.042471278
90 130 3 100 34900 2.042479667
51 102 3 100 165496 2.042518136
76 8 3 100 1714939 2.042523072
17 68 3 100 63883 2.042527897
107 130 3 100 432360 2.042579999
112 131 3 100 3283335 2.042596738
104 129 3 100 2412738 2.042609801
14 129 3 100 48388 2.042626850
25 131 3 100 23624 2.042631890
112 129 3 100 14545 2.042812248
62 129 3 100 1458735 2.042982146
42 77 3 100 21270 2.043005225
46 105 3 100 1282196 2.043010466
107 87 3 100 28142 2.043122751
82 129 3 100 5502 2.043183243
70 130 3 100 262120 2.043285127
36 129 3 100 1521013 2.043304923
67 130 3 100 2968688 2.043327465
94 131 3 100 28747 2.043373954
93 131 3 100 50089 2.043374377
113 128 3 100 139364 2.043395203
81 46 3 100 54193 2.043469209
81 100 3 100 5531 2.043472108
86 15 3 100 9853 2.043472319
68 128 3 100 895866 2.043513378
92 131 3 100 27531 2.043539043
109 130 3 100 62732 2.043733498
14 129 3 100 523539 2.043785113
0 128 3 100 1686913 2.043833419
70 128 3 100 1248491 2.043988459
80 128 3 100 2209 2.044021463
75 115 3 100 31912 2.044048834
106 64 3 100 28048 2.044074263
26 81 3 100 172233 2.044089202
47 129 3 100 5723617 2.044169825
2 131 3 100 3783484 2.044187441
65 131 3 100 35965 2.044224811
28 130 3 100 1740829 2.044237266
19 131 3 100 171520 2.044243703
8 130 3 100 341429 2.044245797
120 131 3 100 13454518 2.044265650
29 37 3 100 54012 2.044304613
79 13 3 100 79624 2.044353113
126 118 3 100 9188699 2.044396718
79 131 3 100 19535376 2.044402615
65 131 3 100 26369 2.044418363
36 130 3 100 78876 2.044477681
36 131 3 100 77146 2.044480692
36 128 3 100 1948427 2.044522632
4 128 3 100 100371 2.044574815
0 129 3 100 10859 2.044591802
46 0 3 100 21522 2.044617441
76 89 3 100 7550 2.044646455
118 28 3 100 22172 2.044796641
120 130 3 100 3966535 2.044823576
33 128 3 100 1682718 2.044825066
105 129 3 100 477142 2.044879210
72 129 3 100 539 2.045063574
73 128 3 100 8892 2.045118703
120 131 3 100 53130 2.045191992
102 131 3 100 6928284 2.045201439
76 3 3 100 55575 2.045228307
83 86 3 100 1664295 2.045234224
6 113 3 100 767204 2.045296649
31 128 3 100 18617219 2.045326716
29 129 3 100 41022 2.045328852
75 129 3 100 9102 2.045387679
13 129 3 100 1044119 2.045424681
75 129 3 100 30655 2.045479418
24 131 3 100 2506944 2.045483202
45 130 3 100 15399892 2.045567926
114 47 3 100 1405495 2.045586376
88 91 3 100 27217823 2.045657768
47 56 3 100 32418 2.045701477
19 131 3 100 29122 2.045711967
125 130 3 100 117783 2.045775275
41 129 3 100 38007 2.045795268
115 129 3 100 54736 2.045805404
102 131 3 100 1707487 2.045864607
90 131 3 100 12879 2.045873957
26 128 3 100 427239 2.045897348
72 75 3 100 6215 2.045899187
70 11 3 100 558650 2.045915276
116 1 3 100 28662950 2.045938397
42 131 3 100 20169 2.046024214
58 130 3 100 3692981 2.046034887
103 128 3 100 43328 2.046107990
106 129 3 100 8114 2.046117534
22 130 3 100 41314 2.046134371
113 131 3 100 26601 2.046137564
49 131 3 100 2251 2.046208655
80 55 3 100 70939 2.046231771
105 23 3 100 48666 2.046245079
58 50 3 100 28532 2.046286979
42 128 3 100 21924978 2.046299121
121 128 3 100 7672 2.046349227
114 131 3 100 26465555 2.046379694
61 131 3 100 285128 2.046425736
118 128 3 100 12437 2.046488643
0 128 3 100 200572 2.046537815
95 128 3 100 9531907 2.046545648
127 111 3 100 8837974 2.046597958
16 11 3 100 89733 2.046622926
20 54 3 100 173637 2.046650544
17 131 3 100 6999 2.046681923
6 129 3 100 465 2.046702516
28 131 3 100 1214599 2.046717366
63 131 3 100 53664 2.046737503
75 131 3 100 5139 2.046777866
95 128 3 100 18698 2.046815659
34 128 3 100 60600 2.046816118
3 70 3 100 751635 2.046834762
64 83 3 100 13941563 2.046870594
9 55 3 100 72068 2.046963486
38 130 3 100 39366 2.046990493
45 130 3 100 21580 2.047027489
107 129 3 100 2032 2.047047701
62 130 3 100 1122059 2.047054379
70 130 3 100 6190 2.047065923
65 128 3 100 2593287 2.047066618
117 131 3 100 453046 2.047089544
54 86 3 100 42500 2.047133675
27 52 3 100 4888 2.047224987
100 76 3 100 30847 2.047265714
65 128 3 100 686564 2.047283335
106 129 3 100 1907917 2.047328490
92 130 3 100 995120 2.047337203
54 128 3 100 33311 2.047394544
2 129 3 100 90884 2.047408215
74 130 3 100 9113 2.047432053
68 128 3 100 3479672 2.047504078
97 8 3 100 1199422 2.047552578
102 46 3 100 1841917 2.047623663
93 25 3 100 217948 2.047689056
68 129 3 100 54154 2.047731460
60 130 3 100 674 2.047744341
45 131 3 100 7872376 2.047849967
102 130 3 100 28606 2.047964963
40 131 3 100 76480 2.047973800
105 130 3 100 9488 2.047974134
94 130 3 100 178034 2.047983369
65 64 3 100 175281 2.047988286
77 123 3 100 7175409 2.048011571
59 118 3 100 823 2.048053612
35 131 3 100 64101 2.048082576
18 130 3 100 4486173 2.048137680
57 129 3 100 1746844 2.048252465
108 130 3 100 8830 2.048258456
42 130 3 100 840351 2.048282553
109 131 3 100 26287 2.048282723
19 128 3 100 3440240 2.048300845
11 28 3 100 47053 2.048382562
120 0 3 100 17316 2.048391481
27 85 3 100 17234 2.048404973
68 129 3 100 26835 2.048461230
78 129 3 100 1640339 2.048478348
80 131 3 100 469475 2.048554869
3 128 3 100 2693832 2.048569927
7 129 3 100 9118 2.048703385
29 129 3 100 38698 2.048735853
40 130 3 100 58302 2.048781555
9 78 3 100 36919 2.048783884
16 51 3 100 6967328 2.048840894
30 127 3 100 3642924 2.049059765
112 128 3 100 4078 2.049074568
52 128 3 100 7847278 2.049092423
44 131 3 100 230934 2.049201343
29 131 3 100 401468 2.049213395
74 130 3 100 31184 2.049218302
91 128 3 100 1372860 2.049231538
100 130 3 100 16457 2.049319807
3 11 3 100 28696 2.049326744
100 114 3 100 3842162 2.049344611
83 26 3 100 3125 2.049377078
107 130 3 100 1034988 2.049397727
121 130 3 100 1226975 2.049451739
127 128 3 100 26407 2.049457507
77 129 3 100 162147 2.049494145
116 129 3 100 48356 2.049563938
116 128 3 100 27136 2.049694314
20 128 3 100 62751 2.049849222
37 23 3 100 43461 2.049909184
53 99 3 100 1513163 2.049909479
5 69 3 100 7785 2.050001739
54 128 3 100 115414 2.050027200
99 130 3 100 3541685 2.050056586
25 131 3 100 1201 2.050075914
50 129 3 100 17181 2.050084418
108 129 3 100 52510 2.050149392
78 128 3 100 6934 2.050177031
126 130 3 100 14857 2.050239003
39 107 3 100 66940 2.050255649
12 102 3 100 236 2.050300821
111 121 3 100 2506303 2.050366010
113 131 3 100 62330 2.050394607
20 128 3 100 1836809 2.050429610
46 128 3 100 100932 2.050432095
9 129 3 100 7326 2.050502435
53 131 3 100 130354 2.050505529
30 131 3 100 2315 2.050508271
3 131 3 100 61390 2.050596260
91 18 3 100 3496471 2.050639684
87 91 3 100 23436 2.050648833
33 108 3 100 6696032 2.050655313
79 128 3 100 27401 2.050665612
70 128 3 100 25848 2.050732807
4 129 3 100 3735844 2.050789096
82 130 3 100 2720352 2.050790317
68 128 3 100 5915 2.050821442
44 129 3 100 673536 2.050852632
112 131 3 100 11909 2.050864355
114 81 3 100 75985 2.050879344
43 71 3 100 74887 2.050883251
115 78 3 100 7794667 2.050908530
60 130 3 100 59677 2.050913509
11 130 3 100 4875741 2.050962221
28 129 3 100 12126 2.050963048
88 129 3 100 20567 2.051033497
46 131 3 100 67494 2.051091266
36 130 3 100 1581655 2.051110054
91 128 3 100 69238 2.051165457
67 10 3 100 4579 2.051169078
71 99 3 100 616001 2.051172301
80 20 3 100 64053 2.051217388
44 130 3 100 18005 2.051291252
41 130 3 100 21989822 2.051310024
98 129 3 100 1563030 2.051329755
95 131 3 100 82823 2.051416885
11 131 3 100 222563 2.051418345
124 130 3 100 107944 2.051432451
15 131 3 100 1990610 2.051435213
7 78 3 100 789140 2.051523613
118 25 3 100 22768 2.051542165
80 20 3 100 43050 2.051548538
55 131 3 100 990286 2.051556350
98 129 3 100 1414959 2.051618717
73 128 3 100 6044131 2.051624437
103 128 3 100 55442 2.051641336
10 129 3 100 278307 2.051721511
42 129 3 100 46179 2.051761881
43 131 3 100 6826497 2.051769923
119 77 3 100 2785 2.051775009
65 59 3 100 38300 2.051862405
0 67 3 100 25004887 2.051898766
67 129 3 100 1618580 2.051942018
42 128 3 100 17376 2.052033712
59 128 3 100 7741846 2.052057056
22 128 3 100 42004 2.052097646
97 129 3 100 121239 2.052186016
45 128 3 100 101433 2.052193339
80 131 3 100 36708 2.052199531
9 41 3 100 486443 2.052218921
4 50 3 100 9614326 2.052292278
8 106 3 100 6122484 2.052338171
95 131 3 100 992352 2.052345319
66 128 3 100 3147 2.052395946
54 128 3 100 24331 2.052446895
57 128 3 100 4733908 2.052447098
61 130 3 100 174709 2.052482701
42 130 3 100 466692 2.052493235
47 130 3 100 5779187 2.052518090
81 40 3 100 71234 2.052536910
126 38 3 100 51140 2.052546796
89 107 3 100 57777 2.052575791
15 129 3 100 54405 2.052584164
69 130 3 100 8920249 2.052599893
18 130 3 100 20887 2.052607548
77 129 3 100 59600 2.052620567
28 129 3 100 29014 2.052637792
45 128 3 100 20115 2.052660993
18 129 3 100 43765 2.052689189
107 56 3 100 642876 2.052713064
78 93 3 100 4631624 2.052734004
31 9 3 100 24020 2.052747964
58 131 3 100 12455 2.052763240
32 131 3 100 1118426 2.052769587
43 129 3 100 50377 2.052784496
35 128 3 100 55560 2.052788288
127 129 3 100 27522678 2.052795497
121 129 3 100 2754265 2.052795915
70 130 3 100 174541 2.052826769
55 82 3 100 7022 2.052838070
70 19 3 100 553595 2.052854376
44 114 3 100 52148 2.052910229
68 129 3 100 13160 2.052967216
119 131 3 100 68202 2.052970847
13 131 3 100 1561167 2.052990205
94 131 3 100 23147 2.053009818
96 128 3 100 8495133 2.053020274
0 131 3 100 33894 2.053025388
92 131 3 100 155003 2.053040105
45 30 3 100 3809 2.053045019
16 35 3 100 4161896 2.053049704
1 96 3 100 26396 2.053183919
54 129 3 100 76047 2.053198844
43 131 3 100 412287 2.053262623
101 130 3 100 29432 2.053354290
125 131 3 100 15915 2.053361382
11 130 3 100 58968 2.053391079
83 128 3 100 1090296 2.053405256
104 129 3 100 94258 2.053467017
23 107 3 100 305688 2.053480302
10 35 3 100 49792 2.053496057
118 35 3 100 74400 2.053513091
2 131 3 100 648765 2.053537322
17 128 3 100 2418065 2.053555938
114 129 3 100 76260 2.053561555
82 131 3 100 29263 2.053636020
47 128 3 100 4498473 2.053787359
86 130 3 100 29205 2.053912457
44 128 3 100 161744 2.053972492
66 53 3 100 17883 2.054094849
102 116 3 100 54042 2.054098563
65 0 3 100 418100 2.054104149
122 128 3 100 5382 2.054151055
50 129 3 100 445833 2.054351520
48 129 3 100 15918540 2.054354726
89 128 3 100 23452 2.054420806
70 128 3 100 124176 2.054499866
116 131 3 100 6650956 2.054544774
83 130 3 100 38876 2.054633584
39 82 3 100 3819 2.054650738
0 43 3 100 97632 2.054650742
61 17 3 100 71282 2.054688216
122 129 3 100 7416 2.054780446
49 130 3 100 9756 2.054790860
109 131 3 100 1926 2.054794011
38 129 3 100 4319722 2.054836805
18 128 3 100 62738 2.054851559
83 131 3 100 13999 2.054907684
123 128 3 100 3666 2.055042594
106 98 3 100 923360 2.055063965
105 60 3 100 7181760 2.055118104
35 102 3 100 115461 2.055140821
52 131 3 100 3787405 2.055173180
112 130 3 100 60949 2.055192968
10 129 3 100 58613 2.055236176
100 131 3 100 1922475 2.055257569
83 128 3 100 5193 2.055271788
109 130 3 100 7560618 2.055332280
82 130 3 100 2540180 2.055366820
60 43 3 100 725832 2.055371612
83 7 3 100 157053 2.055371873
1 53 3 100 783034 2.055380921
58 131 3 100 62587 2.055473137
92 129 3 100 5064141 2.055501162
65 129 3 100 1287 2.055507548
7 128 3 100 797906 2.055577018
0 131 3 100 1496287 2.055616808
4 131 3 100 69911 2.055698295
70 131 3 100 213 2.055700549
34 91 3 100 19659081 2.055720289
64 122 3 100 38795 2.055727036
28 90 3 100 185800 2.055758601
8 128 3 100 192378 2.055759802
23 128 3 100 3443 2.055927842
108 130 3 100 53269 2.056030043
46 128 3 100 1928 2.056113978
120 131 3 100 2742 2.056133522
91 128 3 100 3926 2.056139524
47 131 3 100 4554 2.056141974
21 77 3 100 24072048 2.056162362
120 17 3 100 913 2.056236381
25 98 3 100 72409 2.056277302
33 131 3 100 876 2.056281327
93 131 3 100 85068 2.056333044
26 131 3 100 4497742 2.056343474
78 130 3 100 24587 2.056376342
74 131 3 100 20358 2.056393871
9 130 3 100 5853757 2.056410381
85 130 3 100 67027 2.056468404
35 51 3 100 16070029 2.056594287
21 1 3 100 52894 2.056651580
59 3 3 100 30611 2.056656866
1 128 3 100 908754 2.056745248
89 130 3 100 148104 2.056772707
59 129 3 100 890581 2.056838696
40 131 3 100 43758 2.056865937
73 128 3 100 856325 2.056871238
49 131 3 100 49537 2.056884158
55 128 3 100 7360 2.056902321
113 35 3 100 39569 2.056907540
21 19 3 100 7408374 2.056938466
97 111 3 100 5358428 2.056950149
64 130 3 100 5768 2.056961122
42 131 3 100 135228 2.056966434
57 130 3 100 733401 2.056967107
98 128 3 100 402612 2.057021279
92 130 3 100 22097 2.057149187
48 128 3 100 13324 2.057174142
110 131 3 100 61581 2.057195469
105 45 3 100 51910 2.057204917
3 77 3 100 34075 2.057240506
57 38 3 100 77334 2.057245676
37 131 3 100 836649 2.057269937
57 129 3 100 5707287 2.057287746
77 131 3 100 3681119 2.057323326
0 129 3 100 116282 2.057390734
68 130 3 100 47448 2.057395445
92 130 3 100 226765 2.057405101
79 129 3 100 779915 2.057425720
86 123 3 100 20566 2.057453493
50 44 3 100 163 2.057454751
98 97 3 100 78427 2.057501290
73 130 3 100 75133 2.057526298
10 129 3 100 51438 2.057534121
20 130 3 100 1561489 2.057574151
66 129 3 100 156236 2.057612257
103 131 3 100 164762 2.057614672
106 131 3 100 1790726 2.057654735
29 131 3 100 2265869 2.057662492
16 23 3 100 23356 2.057678678
100 23 3 100 38154 2.057687714
43 116 3 100 113164 2.057697820
38 130 3 100 19350 2.057712619
103 130 3 100 17351 2.057740473
116 130 3 100 72606 2.057750006
31 130 3 100 18810 2.057894913
66 129 3 100 779182 2.057932197
99 128 3 100 2495347 2.057955882
79 131 3 100 65894 2.057956344
94 63 3 100 87724 2.057961098
31 30 3 100 37972 2.058019353
57 106 3 100 20687 2.058056919
106 128 3 100 2076 2.058108307
66 129 3 100 41225 2.058146854
112 130 3 100 157573 2.058177521
63 129 3 100 53838 2.058203464
112 129 3 100 9439 2.058222601
67 131 3 100 2802 2.058229314
96 131 3 100 39574 2.058235471
120 13 3 100 191498 2.058291119
60 92 3 100 8984 2.058308562
54 85 3 100 7545341 2.058317555
24 131 3 100 41667 2.058338589
65 129 3 100 4998012 2.058340077
21 128 3 100 20324 2.058356396
112 131 3 100 42159 2.058440834
58 131 3 100 49074 2.058479119
13 129 3 100 656983 2.058479748
78 130 3 100 44245 2.058527133
25 35 3 100 9199760 2.058564822
102 98 3 100 8366 2.058575916
119 86 3 100 1859782 2.058606250
116 129 3 100 8424 2.058642016
17 130 3 100 66576 2.058651150
72 129 3 100 9220783 2.058683814
98 128 3 100 348 2.058697755
49 131 3 100 1061 2.058700654
124 131 3 100 28397124 2.058727324
32 131 3 100 433030 2.058736033
9 1 3 100 1060035 2.058748467
60 64 3 100 35915 2.058756353
87 98 3 100 197621 2.058898694
29 131 3 100 1302460 2.059012158
39 128 3 100 7449608 2.059039941
2 130 3 100 4387649 2.059060838
40 129 3 100 56011 2.059077491
56 130 3 100 76713 2.059082056
21 130 3 100 71639 2.059178015
38 128 3 100 1425277 2.059227308
105 30 3 100 20268 2.059402513
42 7 3 100 1395452 2.059522041
20 68 3 100 197799 2.059529459
63 130 3 100 23405843 2.059608584
116 128 3 100 25110 2.059615865
33 130 3 100 8989748 2.059627542
51 128 3 100 947064 2.059698289
94 129 3 100 28599 2.059709301
106 130 3 100 1202 2.059753354
96 129 3 100 1983 2.059758859
100 50 3 100 6115402 2.059858118
82 64 3 100 57205 2.059860947
117 32 3 100 78857 2.059937029
87 131 3 100 53247 2.059954551
91 131 3 100 75140 2.060026087
58 131 3 100 962266 2.060053809
117 128 3 100 47441 2.060075575
113 131 3 100 28452 2.060091130
15 128 3 100 55292 2.060126416
107 128 3 100 8536915 2.060204007
28 124 3 100 3723237 2.060229979
57 75 3 100 1015973 2.060259036
108 57 3 100 1489185 2.060305640
118 131 3 100 7490534 2.060341386
112 131 3 100 326816 2.060359864
2 128 3 100 4826 2.060414199
65 128 3 100 3941256 2.060521766
67 130 3 100 521288 2.060551691
81 130 3 100 7212 2.060631531
2 130 3 100 61636 2.060715562
86 66 3 100 1378126 2.060724758
84 91 3 100 3722 2.060745578
11 124 3 100 4076958 2.060745639
101 130 3 100 10918914 2.060821626
112 129 3 100 6766933 2.060822930
21 129 3 100 328 2.060853964
29 131 3 100 8681 2.060858765
65 128 3 100 8020 2.060885342
89 129 3 100 848275 2.060912118
110 129 3 100 1954593 2.060940526
17 81 3 100 16168415 2.061055487
63 73 3 100 23894104 2.061081197
85 82 3 100 2938119 2.061103877
52 131 3 100 788317 2.061117560
27 131 3 100 33603 2.061179828
83 130 3 100 6557 2.061198371
96 129 3 100 41123 2.061198720
29 129 3 100 4840 2.061239153
95 128 3 100 514369 2.061247128
28 131 3 100 23108 2.061250414
64 61 3 100 61138 2.061253078
98 14 3 100 58621 2.061303754
50 45 3 100 1702314 2.061308050
86 130 3 100 1056 2.061327387
62 129 3 100 26148 2.061336766
61 128 3 100 1508589 2.061401891
50 128 3 100 3718975 2.061443133
116 131 3 100 17406 2.061564207
102 131 3 100 22149 2.061576956
74 130 3 100 5265284 2.061604113
42 59 3 100 3474 2.061607797
1 15 3 100 3734 2.061621375
57 92 3 100 26464 2.061668755
120 130 3 100 2452638 2.061672335
34 128 3 100 172165 2.061680519
27 131 3 100 3496 2.061751944
112 129 3 100 391819 2.061780082
63 130 3 100 261652 2.061781126
88 129 3 100 1128799 2.061905662
62 129 3 100 5181 2.061936727
44 91 3 100 160794 2.061941075
1 68 3 100 5408166 2.061971457
107 66 3 100 121798 2.061998052
92 131 3 100 104250 2.062014748
84 131 3 100 157929 2.062044538
63 129 3 100 3379 2.062071213
112 130 3 100 69482 2.062076995
87 131 3 100 16567 2.062081952
111 128 3 100 5320 2.062101689
77 128 3 100 4441 2.062114727
95 107 3 100 2872900 2.062127455
94 5 3 100 28104 2.062140594
54 61 3 100 4888042 2.062154099
60 131 3 100 16211052 2.062216379
40 129 3 100 420925 2.062226967
50 131 3 100 17391 2.062246067
113 129 3 100 183514 2.062283804
67 130 3 100 37930 2.062411934
15 131 3 100 187 2.062435276
52 130 3 100 29638 2.062487661
66 65 3 100 57049 2.062536477
80 119 3 100 2360 2.062540175
22 123 3 100 1864517 2.062640341
38 131 3 100 62238 2.062648739
47 128 3 100 778808 2.062649059
55 129 3 100 26692 2.062693728
32 131 3 100 2167849 2.062737915
67 129 3 100 55347 2.062760820
11 129 3 100 1598527 2.062774849
19 128 3 100 59222 2.062788848
39 49 3 100 9882 2.062798099
72 9 3 100 864 2.062858340
1 14 3 100 8726 2.062858554
6 129 3 100 536304 2.062909992
91 130 3 100 22016 2.062910418
73 131 3 100 504677 2.062915647
45 129 3 100 1592725 2.062916369
23 128 3 100 1803778 2.062925173
113 128 3 100 2032 2.062942992
105 129 3 100 9898 2.063001759
85 82 3 100 3719 2.063021684
40 108 3 100 57985 2.063083376
57 30 3 100 20242 2.063108898
29 129 3 100 160436 2.063123228
73 131 3 100 77151 2.063193570
39 129 3 100 8028534 2.063196202
107 130 3 100 8476 2.063220046
111 129 3 100 559455 2.063239184
64 131 3 100 9151 2.063257752
63 131 3 100 21004 2.063258085
18 65 3 100 4898470 2.063266327
7 36 3 100 13962098 2.063372825
104 27 3 100 986017 2.063399196
84 128 3 100 1752178 2.063459875
97 129 3 100 22324 2.063489749
127 128 3 100 65169 2.063499532
33 130 3 100 4648884 2.063502344
123 128 3 100 50976 2.063507925
38 130 3 100 1298130 2.063671054
52 131 3 100 2421370 2.063774801
16 84 3 100 4181513 2.063781599
33 116 3 100 1315641 2.063790459
127 52 3 100 4805944 2.063819134
64 128 3 100 21451 2.063869835
103 130 3 100 20286 2.063906128
124 128 3 100 24281 2.063908757
106 128 3 100 64136 2.063952254
24 129 3 100 2035389 2.064200347
21 129 3 100 37788 2.064211000
6 130 3 100 3100943 2.064219443
2 23 3 100 42641 2.064288623
23 35 3 100 38065 2.064359175
27 104 3 100 4851842 2.064384246
90 128 3 100 1802858 2.064436447
14 130 3 100 8665 2.064437560
24 131 3 100 24918 2.064441047
7 131 3 100 784187 2.064489524
61 129 3 100 1019795 2.064507466
80 131 3 100 3115 2.064545418
36 129 3 100 31061 2.064567558
42 112 3 100 5117795 2.064602977
56 120 3 100 3572271 2.064645059
34 86 3 100 37883 2.064673277
82 128 3 100 46173 2.064729090
66 131 3 100 14138 2.064776045
107 128 3 100 28129 2.064817833
60 129 3 100 59031 2.064851097
72 128 3 100 32670 2.064873808
55 130 3 100 96978 2.064896676
118 131 3 100 7154 2.064919959
58 69 3 100 392502 2.064968764
95 104 3 100 22788 2.064969209
66 102 3 100 106867 2.065004138
24 128 3 100 8882064 2.065082591
62 130 3 100 4727686 2.065089669
40 128 3 100 28227 2.065098176
23 128 3 100 4743551 2.065160544
1 128 3 100 80282 2.065200997
29 128 3 100 2508277 2.065322070
113 128 3 100 1159568 2.065351314
90 27 3 100 41267 2.065378741
40 4 3 100 576968 2.065447205
26 51 3 100 9250357 2.065466913
106 131 3 100 13552 2.065486020
10 129 3 100 75803 2.065541156
2 129 3 100 13658729 2.065543853
19 131 3 100 46637 2.065551219
5 130 3 100 1101273 2.065563567
104 130 3 100 67347 2.065590917
116 128 3 100 408800 2.065609994
87 6 3 100 678 2.065675944
56 64 3 100 40243 2.065676972
95 126 3 100 76835 2.065806483
57 129 3 100 30208 2.065823991
92 130 3 100 45025 2.065884923
4 128 3 100 1446161 2.065894332
121 130 3 100 9700 2.065955674
127 129 3 100 22712 2.066004106
27 128 3 100 3582 2.066027403
28 129 3 100 540526 2.066033658
60 17 3 100 14191 2.066065360
74 81 3 100 61588 2.066120521
27 125 3 100 16508 2.066151511
81 131 3 100 1139040 2.066256624
33 130 3 100 8991 2.066262520
15 131 3 100 250372 2.066273014
94 130 3 100 3495 2.066278640
100 131 3 100 24591 2.066279213
125 128 3 100 5512 2.066307783
118 130 3 100 606719 2.066319458
106 53 3 100 15473 2.066368075
2 82 3 100 21476 2.066443254
67 57 3 100 1876967 2.066450224
1 128 3 100 3417 2.066498216
14 130 3 100 144341 2.066594460
120 131 3 100 437 2.066615624
48 129 3 100 62057 2.066649258
49 131 3 100 14598 2.066660547
23 130 3 100 19826 2.066768092
90 129 3 100 529783 2.066785319
89 31 3 100 4785558 2.066861500
115 22 3 100 6174 2.066871315
106 63 3 100 1641057 2.066976265
57 128 3 100 189647 2.066987126
101 131 3 100 8668069 2.066987303
16 129 3 100 3758623 2.067016506
82 129 3 100 59877 2.067048069
44 131 3 100 2440048 2.067094684
82 128 3 100 3490166 2.067107981
29 128 3 100 3880433 2.067166570
18 126 3 100 6461 2.067343604
53 68 3 100 7034 2.067344280
91 68 3 100 1567 2.067350518
60 130 3 100 2842047 2.067370079
97 130 3 100 21453 2.067417124
38 129 3 100 12612 2.067470338
0 131 3 100 1139755 2.067505677
31 130 3 100 1283187 2.067509357
96 128 3 100 2086223 2.067518621
16 130 3 100 38797 2.067561257
45 59 3 100 909145 2.067568750
87 35 3 100 57108 2.067695744
91 41 3 100 68284 2.067729049
67 128 3 100 9425783 2.067738641
105 128 3 100 1320403 2.067761363
110 129 3 100 4907480 2.067777684
80 131 3 100 52901 2.067833953
41 131 3 100 515837 2.067936799
124 129 3 100 443531 2.067985108
58 131 3 100 499 2.068012589
26 1 3 100 58478 2.068012981
61 10 3 100 27029 2.068082676
67 5 3 100 3079597 2.068133521
98 129 3 100 1337683 2.068157270
98 130 3 100 707 2.068160804
125 129 3 100 6326 2.068183623
23 128 3 100 59476 2.068221879
67 130 3 100 133537 2.068238537
5 131 3 100 119684 2.068252757
69 129 3 100 926631 2.068282360
113 86 3 100 2191127 2.068287439
27 7 3 100 4509494 2.068329992
116 99 3 100 42529 2.068343349
44 129 3 100 1246145 2.068357248
115 131 3 100 36198 2.068400433
105 130 3 100 132194 2.068438868
29 128 3 100 141445 2.068449307
78 130 3 100 68168 2.068455233
115 131 3 100 2786066 2.068455967
5 130 3 100 64452 2.068468730
58 3 3 100 5825739 2.068471714
77 61 3 100 27182 2.068505003
69 120 3 100 25822 2.068518684
48 129 3 100 7870 2.068543139
114 131 3 100 59393 2.068555101
25 129 3 100 4138820 2.068557678
61 128 3 100 7051 2.068592203
113 128 3 100 35427 2.068595892
117 128 3 100 2854836 2.068620836
98 128 3 100 26241 2.068663345
38 105 3 100 61563 2.068693477
73 105 3 100 36901 2.068694179
99 54 3 100 20058834 2.068700941
44 130 3 100 2102 2.068787029
19 131 3 100 29266 2.068807518
88 130 3 100 7725 2.068844237
66 130 3 100 9751 2.068851895
100 131 3 100 27226 2.068873909
18 128 3 100 1204 2.068890867
12 131 3 100 26112 2.068920782
9 73 3 100 8083 2.068957179
0 48 3 100 3069 2.068959465
105 122 3 100 65896 2.068983396
92 130 3 100 42916 2.069088883
43 129 3 100 72933 2.069106491
106 130 3 100 46116 2.069141925
0 131 3 100 3723651 2.069157245
64 130 3 100 7122389 2.069159562
86 129 3 100 71394 2.069283676
74 128 3 100 41857 2.069356780
59 98 3 100 2537 2.069357297
34 115 3 100 62218 2.069380071
15 20 3 100 56812 2.069383764
70 128 3 100 7814206 2.069407912
11 131 3 100 10570 2.069436875
18 128 3 100 22494423 2.069466795
80 130 3 100 1780546 2.069542262
101 130 3 100 72185 2.069542760
41 131 3 100 36096 2.069546185
43 130 3 100 1320687 2.069547249
21 11 3 100 10726 2.069548438
74 113 3 100 174633 2.069559739
83 87 3 100 49977 2.069570681
5 129 3 100 160988 2.069703522
60 131 3 100 8208902 2.069741130
104 129 3 100 12253 2.069745337
122 130 3 100 1928455 2.069751465
47 131 3 100 4582850 2.069796333
83 130 3 100 26348 2.069888074
78 130 3 100 6218396 2.069937617
5 61 3 100 97127 2.069996059
88 37 3 100 23182 2.070100761
54 78 3 100 122358 2.070156741
18 128 3 100 70957 2.070296614
33 130 3 100 114182 2.070370688
119 131 3 100 2379552 2.070386400
108 129 3 100 11590 2.070397529
14 129 3 100 724005 2.070416130
116 129 3 100 3798745 2.070431275
68 131 3 100 129561 2.070442683
65 83 3 100 38109 2.070474235
105 107 3 100 450845 2.070489152
72 57 3 100 1136 2.070553348
12 128 3 100 6410 2.070643289
118 131 3 100 34793 2.070721291
106 131 3 100 1385440 2.070772508
43 128 3 100 171277 2.070827207
123 129 3 100 76344 2.071060706
120 128 3 100 1291687 2.071096465
50 130 3 100 36542 2.071113025
108 106 3 100 6780 2.071117901
64 47 3 100 7939 2.071187565
25 78 3 100 7371 2.071213617
54 128 3 100 4592772 2.071235348
76 131 3 100 63361 2.071261257
119 131 3 100 377074 2.071332250
121 131 3 100 38928 2.071344636
117 131 3 100 117329 2.071359342
117 128 3 100 4569088 2.071426579
102 128 3 100 51769 2.071429438
34 11 3 100 1835 2.071544501
29 77 3 100 9042388 2.071572538
90 44 3 100 115823 2.071587024
14 131 3 100 1107921 2.071614906
111 129 3 100 6257422 2.071616816
76 129 3 100 52594 2.071658775
54 131 3 100 37107 2.071677899
87 129 3 100 1975992 2.071686049
104 131 3 100 43325 2.071699613
42 130 3 100 6653135 2.071746821
94 104 3 100 9331 2.071771269
41 112 3 100 195145 2.071788966
126 128 3 100 65473 2.071790624
112 129 3 100 19214 2.071821889
122 129 3 100 8405858 2.071848200
31 131 3 100 75418 2.071919058
101 131 3 100 46351 2.071928347
88 128 3 100 890466 2.071934718
108 129 3 100 632932 2.071942941
8 7 3 100 764369 2.071958730
109 59 3 100 21555 2.071974656
56 95 3 100 1408775 2.071984924
73 130 3 100 64901 2.072005211
55 130 3 100 2761718 2.072017877
28 129 3 100 991468 2.072047375
24 128 3 100 69646 2.072050681
24 129 3 100 7490375 2.072059835
20 128 3 100 21721 2.072075891
124 128 3 100 208600 2.072083658
15 74 3 100 3584107 2.072164711
81 127 3 100 563790 2.072210582
49 75 3 100 72246 2.072268016
31 129 3 100 17587 2.072316209
87 130 3 100 18704 2.072336751
45 129 3 100 39244 2.072339196
76 128 3 100 9010314 2.072350711
77 129 3 100 70466 2.072383249
82 130 3 100 21532 2.072386486
85 131 3 100 3217471 2.072413681
10 83 3 100 73634 2.072460005
40 37 3 100 747918 2.072485869
83 51 3 100 1393678 2.072571983
12 130 3 100 1394321 2.072605729
114 130 3 100 882535 2.072690002
21 131 3 100 16452 2.072733486
94 131 3 100 23204 2.072741783
88 130 3 100 8832358 2.072842942
90 130 3 100 67218 2.072862626
76 43 3 100 528555 2.072897601
19 53 3 100 1325484 2.072907739
98 86 3 100 803815 2.072917500
1 129 3 100 14488683 2.072935782
122 129 3 100 12933331 2.073080502
27 128 3 100 8100756 2.073094816
69 131 3 100 7724625 2.073113168
77 128 3 100 2668348 2.073116112
90 131 3 100 23889 2.073149118
0 129 3 100 65607 2.073153136
45 32 3 100 4958282 2.073154144
98 61 3 100 9024169 2.073197316
40 32 3 100 2802919 2.073197870
42 129 3 100 4725815 2.073272017
123 131 3 100 77128 2.073297018
39 131 3 100 2050 2.073307723
104 129 3 100 89410 2.073323531
0 129 3 100 4460392 2.073335611
97 129 3 100 397635 2.073366995
28 129 3 100 1019062 2.073377997
58 61 3 100 4700 2.073426839
107 58 3 100 44769 2.073443362
77 17 3 100 52406 2.073458188
29 128 3 100 37280 2.073461865
125 129 3 100 20285567 2.073472628
83 131 3 100 4681 2.073490935
90 130 3 100 1664704 2.073526938
16 128 3 100 1835432 2.073545165
112 129 3 100 1058749 2.073562293
45 128 3 100 2036400 2.073585401
121 32 3 100 924150 2.073585537
48 16 3 100 821423 2.073589147
21 22 3 100 1697 2.073594326
84 131 3 100 1349255 2.073600873
77 130 3 100 7747036 2.073617371
47 131 3 100 3716 2.073649838
112 129 3 100 12142 2.073653440
79 131 3 100 1670382 2.073671658
95 128 3 100 7720034 2.073732861
20 131 3 100 66826 2.073823922
9 90 3 100 4237804 2.073831453
55 116 3 100 65079 2.073946898
105 49 3 100 10625 2.073953500
63 130 3 100 4364 2.073974944
12 131 3 100 841660 2.073995398
72 128 3 100 49545 2.073996909
72 129 3 100 754328 2.074014944
29 128 3 100 1265865 2.074039056
12 130 3 100 72358 2.074089924
111 128 3 100 27907 2.074202024
69 3 3 100 38236 2.074206651
73 56 3 100 46246 2.074233611
40 54 3 100 3485038 2.074234721
82 128 3 100 4107814 2.074258655
61 130 3 100 4511949 2.074296627
91 130 3 100 4516 2.074297077
6 131 3 100 32482 2.074319471
101 128 3 100 602740 2.074351052
63 129 3 100 3313766 2.074372843
120 129 3 100 6030100 2.074403897
42 84 3 100 1569547 2.074425238
121 54 3 100 5496 2.074459038
71 24 3 100 3772 2.074476733
36 131 3 100 1173677 2.074488809
105 130 3 100 7573 2.074517659
33 130 3 100 1899713 2.074547105
15 129 3 100 1781419 2.074574994
65 128 3 100 23914 2.074581362
1 128 3 100 15602 2.074606340
15 129 3 100 1255 2.074627722
71 99 3 100 21171 2.074630793
9 74 3 100 39682 2.074634005
71 20 3 100 680109 2.074701329
13 130 3 100 64060 2.074790018
69 128 3 100 997732 2.074837083
127 130 3 100 118760 2.074901005
17 130 3 100 22529 2.074929047
116 129 3 100 3711 2.075052338
0 131 3 100 72934 2.075053632
20 128 3 100 1156 2.075054258
58 110 3 100 49305 2.075070155
51 71 3 100 3422 2.075108248
105 115 3 100 71674 2.075138240
102 128 3 100 50258 2.075177451
38 131 3 100 9233 2.075268675
101 131 3 100 27519 2.075354155
90 131 3 100 2949021 2.075399558
64 128 3 100 23315 2.075413231
2 129 3 100 1280567 2.075503171
83 129 3 100 104615 2.075508129
13 52 3 100 171160 2.075568435
18 77 3 100 2518921 2.075607922
28 48 3 100 46518 2.075611520
23 129 3 100 27965 2.075742241
88 130 3 100 137194 2.075779575
116 131 3 100 1250422 2.075811256
17 128 3 100 8557 2.075818827
44 129 3 100 6743695 2.075849947
75 131 3 100 776543 2.075869404
105 131 3 100 29223 2.075964650
11 17 3 100 53908 2.075972359
72 43 3 100 8363533 2.075994667
125 85 3 100 139492 2.076063582
113 129 3 100 168961 2.076080561
24 128 3 100 6913043 2.076093949
66 131 3 100 22344 2.076102547
94 129 3 100 8677964 2.076129675
76 129 3 100 502780 2.076231238
11 129 3 100 23856 2.076248052
102 128 3 100 136886 2.076251834
87 105 3 100 20762 2.076384470
99 45 3 100 40944 2.076404833
31 116 3 100 45749 2.076414003
53 129 3 100 83706 2.076477740
46 128 3 100 5416 2.076509622
20 129 3 100 990085 2.076534285
97 128 3 100 9494 2.076539513
87 130 3 100 541209 2.076579444
90 130 3 100 520305 2.076640359
100 130 3 100 550 2.076669677
1 30 3 100 4627481 2.076699157
93 19 3 100 4231900 2.076702538
78 7 3 100 26105 2.076788355
102 130 3 100 27391 2.076794687
75 129 3 100 1846966 2.076829202
51 131 3 100 30067 2.076877747
51 130 3 100 1061978 2.076904448
84 128 3 100 6033718 2.076908831
28 128 3 100 140423 2.076992194
15 130 3 100 52499 2.077000758
7 60 3 100 27282 2.077043436
79 103 3 100 3798 2.077119888
20 58 3 100 956285 2.077184929
46 130 3 100 3956799 2.077186101
86 131 3 100 66918 2.077249236
64 128 3 100 8629 2.077264179
110 128 3 100 6816293 2.077281122
24 129 3 100 35369 2.077290858
49 130 3 100 25029 2.077325283
42 131 3 100 3856 2.077435228
59 0 3 100 28208 2.077454535
102 75 3 100 546 2.077463210
5 55 3 100 33387 2.077477702
32 131 3 100 34775 2.077547672
104 129 3 100 63293 2.077601097
106 131 3 100 8858 2.077662031
100 129 3 100 8042 2.077672580
54 128 3 100 417160 2.077703088
88 131 3 100 15837394 2.077720893
63 129 3 100 23014 2.077784384
45 18 3 100 28281927 2.077814746
48 102 3 100 1098422 2.077911660
100 50 3 100 1287754 2.077914940
104 130 3 100 445014 2.077944276
23 129 3 100 275 2.078002334
5 128 3 100 1324165 2.078057379
3 128 3 100 36119 2.078104021
22 129 3 100 21746 2.078138817
55 129 3 100 9009263 2.078203105
1 11 3 100 32766 2.078234928
124 25 3 100 60731 2.078238312
74 55 3 100 11167 2.078244723
84 129 3 100 163260 2.078268698
48 129 3 100 3987382 2.078273274
106 128 3 100 7473 2.078305962
5 129 3 100 24986 2.078342728
58 131 3 100 59666 2.078362847
69 129 3 100 28290 2.078368419
25 128 3 100 8594665 2.078408564
65 4 3 100 38325 2.078412270
104 0 3 100 48564 2.078509603
113 95 3 100 8099 2.078557217
2 128 3 100 1158960 2.078660543
80 131 3 100 1432009 2.078661312
105 131 3 100 3493837 2.078758435
61 129 3 100 21629 2.078765353
48 128 3 100 34174 2.078800534
114 129 3 100 754747 2.078845499
72 131 3 100 31510 2.078861216
117 1 3 100 101322 2.078905291
84 46 3 100 45938 2.079122770
86 76 3 100 24720 2.079125357
102 131 3 100 1132590 2.079170466
86 130 3 100 138705 2.079224655
80 131 3 100 4541302 2.079247604
37 131 3 100 14486 2.079251718
125 129 3 100 50391 2.079284855
19 129 3 100 30301 2.079398849
69 130 3 100 12759836 2.079447145
72 125 3 100 903551 2.079473191
85 68 3 100 4687064 2.079518649
15 114 3 100 50543 2.079548589
26 130 3 100 253545 2.079599005
31 129 3 100 9644961 2.079637982
76 131 3 100 25119 2.079639804
27 129 3 100 17179 2.079666274
70 131 3 100 61403 2.079793633
76 131 3 100 59859 2.079829161
74 131 3 100 33426 2.079834330
6 12 3 100 20134 2.079874057
28 120 3 100 72048 2.079887536
2 111 3 100 898 2.079890643
64 128 3 100 836 2.080035602
121 131 3 100 49899 2.080057653
0 130 3 100 6204123 2.080074166
89 130 3 100 239979 2.080083706
36 130 3 100 4267567 2.080097699
38 129 3 100 23822 2.080114026
103 131 3 100 56140 2.080226423
1 16 3 100 61470 2.080238073
69 67 3 100 4492804 2.080268736
98 4 3 100 381 2.080281511
127 131 3 100 3131049 2.080290719
21 129 3 100 447 2.080313659
82 129 3 100 346165 2.080353546
51 128 3 100 2864804 2.080388838
0 131 3 100 997047 2.080465617
101 128 3 100 188755 2.080466346
23 131 3 100 3788472 2.080533266
109 19 3 100 6838 2.080534858
21 15 3 100 1240309 2.080556896
107 79 3 100 2309 2.080566664
63 131 3 100 4431063 2.080662690
93 129 3 100 33901 2.080696529
112 129 3 100 20807 2.080802837
24 128 3 100 719404 2.080846624
121 130 3 100 17790443 2.080930347
85 128 3 100 1214421 2.080940625
30 64 3 100 29612 2.080960633
79 76 3 100 18140 2.080978952
28 46 3 100 24544731 2.080995717
113 130 3 100 166 2.081075990
111 130 3 100 36331 2.081076631
47 130 3 100 4398176 2.081080257
33 130 3 100 677298 2.081171817
112 129 3 100 194280 2.081192658
56 128 3 100 12845 2.081280841
47 130 3 100 57523 2.081331359
27 64 3 100 8887 2.081344063
43 58 3 100 171 2.081374986
62 77 3 100 704580 2.081381081
106 130 3 100 33309 2.081459374
36 129 3 100 31112 2.081507771
80 129 3 100 52156 2.081515936
98 130 3 100 3784027 2.081524312
8 131 3 100 79587 2.081563956
27 129 3 100 76760 2.081574332
24 128 3 100 41593 2.081654999
96 14 3 100 65347 2.081895395
22 12 3 100 4977894 2.081928013
115 33 3 100 49903 2.081936503
117 130 3 100 68746 2.081951408
67 129 3 100 18725243 2.081999369
86 129 3 100 7514024 2.082031726
52 128 3 100 42429 2.082082682
120 130 3 100 11742 2.082107814
89 131 3 100 26107 2.082111602
100 129 3 100 1086243 2.082118675
71 77 3 100 90890 2.082183736
116 39 3 100 29703 2.082208579
99 129 3 100 4712925 2.082212711
84 131 3 100 69284 2.082230023
0 131 3 100 6842355 2.082245176
116 128 3 100 35753 2.082290222
100 128 3 100 71625 2.082370675
57 128 3 100 1204131 2.082370850
107 130 3 100 23388 2.082412491
28 95 3 100 8084 2.082429638
123 101 3 100 21571 2.082458245
123 39 3 100 1321891 2.082475767
44 129 3 100 284049 2.082479357
50 128 3 100 8446 2.082513831
21 128 3 100 27441 2.082522750
85 130 3 100 38436 2.082559715
24 131 3 100 6743 2.082582528
40 128 3 100 3451039 2.082600796
84 130 3 100 752011 2.082611326
123 41 3 100 375 2.082615612
49 96 3 100 15435223 2.082617233
98 102 3 100 1836226 2.082653764
22 128 3 100 7827978 2.082663231
80 129 3 100 2438711 2.082694300
0 129 3 100 24283 2.082742053
112 131 3 100 245038 2.082779453
68 129 3 100 41785 2.082833924
68 131 3 100 1698857 2.082865329
3 26 3 100 478027 2.082930227
9 119 3 100 351593 2.082951297
11 36 3 100 83013 2.082953048
38 129 3 100 512 2.083010783
88 128 3 100 1453378 2.083014278
107 128 3 100 1606243 2.083147226
120 129 3 100 1954227 2.083192863
55 131 3 100 555676 2.083208537
79 131 3 100 10 2.083254729
94 131 3 100 10232282 2.083313189
52 4 3 100 13151 2.083356326
122 120 3 100 2148494 2.083358204
93 113 3 100 3097977 2.083368028
45 130 3 100 8003 2.083381063
48 130 3 100 21058 2.083414480
115 131 3 100 74094 2.083464426
91 128 3 100 170258 2.083477680
72 128 3 100 1677 2.083532928
124 130 3 100 37264 2.083536617
25 131 3 100 1903 2.083538986
72 14 3 100 8991676 2.083553390
13 87 3 100 5530 2.083567062
72 125 3 100 73446 2.083647114
31 128 3 100 4963298 2.083653135
113 128 3 100 705810 2.083708895
20 130 3 100 21512 2.083710276
17 128 3 100 3504 2.083769730
40 129 3 100 3541661 2.083782150
64 129 3 100 6653 2.083785370
38 86 3 100 116935 2.083821257
44 78 3 100 5279 2.083880821
41 129 3 100 20822 2.083940698
107 131 3 100 3688312 2.084097692
112 129 3 100 219993 2.084113005
66 130 3 100 6980488 2.084113698
31 129 3 100 31155 2.084127828
38 130 3 100 41542 2.084136903
122 131 3 100 68093 2.084161455
12 45 3 100 40081 2.084172476
45 124 3 100 46004 2.084225308
60 81 3 100 9387 2.084244926
68 130 3 100 9832 2.084286133
45 131 3 100 1670416 2.084381407
39 129 3 100 39966 2.084397641
55 130 3 100 22879 2.084413615
93 128 3 100 64936 2.084428607
30 128 3 100 19929299 2.084457240
9 131 3 100 139806 2.084483892
52 36 3 100 2080197 2.084493614
124 118 3 100 6575 2.084545498
104 27 3 100 26405 2.084711143
68 130 3 100 1135046 2.084748381
30 128 3 100 24704 2.084749100
94 128 3 100 783410 2.084875431
88 131 3 100 54086 2.084954404
52 129 3 100 7697458 2.084958920
51 128 3 100 10976 2.084961519
57 121 3 100 1486491 2.084973544
68 58 3 100 923821 2.084995189
77 12 3 100 43280 2.085013864
74 131 3 100 34738 2.085032238
50 128 3 100 3454617 2.085052741
45 128 3 100 23219 2.085143707
25 129 3 100 3725390 2.085267723
64 129 3 100 1656838 2.085379078
17 129 3 100 1996642 2.085386094
116 128 3 100 110850 2.085397561
37 87 3 100 3207374 2.085417687
32 88 3 100 68614 2.085471835
48 16 3 100 81876 2.085481451
104 129 3 100 1493689 2.085515566
30 131 3 100 1289684 2.085578866
68 128 3 100 264206 2.085615885
111 130 3 100 128865 2.085633391
68 128 3 100 104097 2.085772126
64 128 3 100 57281 2.085817147
16 129 3 100 65594 2.085859087
17 63 3 100 336079 2.085901310
35 44 3 100 175339 2.085904474
113 62 3 100 52443 2.085911494
23 128 3 100 8787168 2.085963091
17 130 3 100 51053 2.085969344
33 130 3 100 484 2.085994179
75 129 3 100 6914 2.086117894
32 129 3 100 23018 2.086128695
104 129 3 100 24216 2.086137539
45 129 3 100 8864865 2.086144839
11 120 3 100 2985892 2.086155628
56 127 3 100 11926 2.086179350
116 47 3 100 1543925 2.086202132
49 131 3 100 18212 2.086206077
103 131 3 100 29133 2.086211969
105 131 3 100 21336 2.086220387
76 131 3 100 5084 2.086299538
46 128 3 100 1044 2.086308688
26 128 3 100 12764 2.086312466
70 129 3 100 3950316 2.086320420
109 119 3 100 10867 2.086387162
21 84 3 100 29721017 2.086430928
86 100 3 100 1791030 2.086466543
12 131 3 100 6875 2.086494184
60 128 3 100 3902731 2.086543828
97 130 3 100 15789 2.086586424
74 131 3 100 499081 2.086606900
112 131 3 100 7999 2.086624623
44 131 3 100 24754 2.086626905
81 128 3 100 9614548 2.086629460
109 5 3 100 3906101 2.086641289
101 87 3 100 66873 2.086757355
59 53 3 100 6840673 2.087016420
116 129 3 100 28235 2.087058520
48 130 3 100 34623 2.087079186
38 129 3 100 19998 2.087081868
11 129 3 100 180520 2.087094667
85 128 3 100 5959627 2.087194419
127 129 3 100 6866589 2.087196470
73 18 3 100 324479 2.087338248
83 45 3 100 9724 2.087340819
76 39 3 100 15994 2.087352159
77 130 3 100 455086 2.087489723
75 131 3 100 6146197 2.087493474
28 129 3 100 2797983 2.087545181
84 129 3 100 320333 2.087583463
80 130 3 100 7526 2.087741351
0 131 3 100 74046 2.087853698
46 70 3 100 9488413 2.087861773
126 26 3 100 974131 2.087878256
16 15 3 100 75728 2.087892328
61 128 3 100 124414 2.087986967
69 129 3 100 22998 2.088033089
83 131 3 100 356612 2.088111927
94 131 3 100 31571 2.088155520
115 128 3 100 24336 2.088193834
108 101 3 100 24567 2.088229844
13 36 3 100 32006 2.088243879
64 128 3 100 13895 2.088289367
79 129 3 100 26452 2.088343872
81 128 3 100 1232284 2.088384393
10 130 3 100 31824 2.088403730
13 128 3 100 1840208 2.088438001
22 128 3 100 449639 2.088481374
14 131 3 100 4177056 2.088520597
119 78 3 100 1898419 2.088581242
57 131 3 100 7285 2.088652853
112 130 3 100 3482514 2.088691942
45 129 3 100 2341148 2.088709416
98 130 3 100 27005 2.088749899
43 129 3 100 167640 2.088825754
78 130 3 100 75328 2.088832747
77 52 3 100 377495 2.088956421
66 63 3 100 84246 2.088995651
48 129 3 100 1516770 2.089014411
126 130 3 100 69504 2.089029165
112 129 3 100 4199 2.089036346
97 128 3 100 2311665 2.089077290
111 131 3 100 12429 2.089117700
85 128 3 100 48047 2.089129208
14 3 3 100 147129 2.089135075
116 97 3 100 3092 2.089196529
51 128 3 100 120224 2.089199380
88 130 3 100 29713 2.089343579
28 130 3 100 31618 2.089366143
80 128 3 100 28105 2.089376973
100 131 3 100 18338890 2.089408416
30 129 3 100 1980847 2.089417244
104 10 3 100 52108 2.089426204
68 105 3 100 37990 2.089450276
37 129 3 100 4664820 2.089467312
33 131 3 100 23157 2.089480111
99 128 3 100 1942268 2.089514689
85 129 3 100 5695 2.089520324
109 130 3 100 1340099 2.089532594
122 128 3 100 1037203 2.089583552
31 128 3 100 5683 2.089607783
113 33 3 100 12749 2.089609066
121 67 3 100 3689231 2.089731300
75 37 3 100 900808 2.089733557
71 129 3 100 21301 2.089750238
8 128 3 100 68516 2.089798158
102 129 3 100 143820 2.089826767
25 131 3 100 56997 2.089917186
31 128 3 100 5857845 2.089937570
53 129 3 100 848834 2.089951239
1 30 3 100 3996394 2.089976431
19 41 3 100 13002 2.089998069
11 14 3 100 79295 2.090111830
107 129 3 100 2197 2.090145312
57 129 3 100 62923 2.090176285
48 129 3 100 4564273 2.090266436
73 128 3 100 1997828 2.090296311
13 128 3 100 4620 2.090324343
93 78 3 100 3204 2.090447968
16 102 3 100 50060 2.090526549
98 66 3 100 22833 2.090571543
73 129 3 100 4616272 2.090611844
44 129 3 100 12723859 2.090621967
81 130 3 100 573155 2.090643307
12 128 3 100 1353363 2.090671821
95 131 3 100 5598093 2.090679793
97 128 3 100 27313 2.090706083
20 131 3 100 7942606 2.090710349
0 98 3 100 7806 2.090759089
71 72 3 100 69473 2.090770718
69 128 3 100 9048555 2.090772667
0 130 3 100 9915506 2.090786925
53 129 3 100 4554251 2.090787848
41 131 3 100 21203827 2.090880086
12 128 3 100 53918 2.090935580
16 131 3 100 8397 2.090959806
30 2 3 100 6541284 2.091007002
107 61 3 100 982251 2.091039870
64 25 3 100 4634 2.091116745
3 128 3 100 22560 2.091226338
33 130 3 100 6214624 2.091344577
111 131 3 100 15681 2.091357037
57 128 3 100 3406 2.091401525
99 131 3 100 7130 2.091506882
103 38 3 100 876 2.091578485
71 101 3 100 768710 2.091588409
31 87 3 100 800696 2.091603504
45 129 3 100 554730 2.091702132
25 130 3 100 116528 2.091778336
88 130 3 100 360772 2.091811129
101 131 3 100 341420 2.091847340
119 131 3 100 11995 2.091852939
90 30 3 100 4452 2.091933315
120 69 3 100 59155 2.091933920
10 64 3 100 5697 2.091945014
66 128 3 100 2504 2.091971221
56 131 3 100 7686 2.091977567
10 131 3 100 127 2.092012450
121 128 3 100 66855 2.092150111
19 129 3 100 995556 2.092161682
15 34 3 100 481319 2.092318619
33 67 3 100 45973 2.092364129
35 131 3 100 50149 2.092435964
47 128 3 100 70602 2.092478628
101 130 3 100 538844 2.092514370
87 129 3 100 57790 2.092532239
29 131 3 100 3795039 2.092584834
70 128 3 100 869423 2.092698063
111 92 3 100 8129 2.092735993
90 53 3 100 28904 2.092793003
9 11 3 100 2301001 2.092807305
33 131 3 100 68978 2.092831826
71 130 3 100 10238 2.092858609
49 130 3 100 1414 2.092961889
31 128 3 100 6932980 2.092976029
96 131 3 100 11531 2.092995890
93 128 3 100 8122764 2.093001245
111 131 3 100 31650 2.093011555
5 46 3 100 1025053 2.093084317
111 103 3 100 2110128 2.093114682
41 128 3 100 9976 2.093137384
6 128 3 100 74295 2.093246347
100 128 3 100 4746281 2.093401981
23 130 3 100 1393464 2.093405219
105 38 3 100 17273 2.093432982
105 127 3 100 732 2.093466270
86 131 3 100 2725001 2.093524589
55 128 3 100 1268776 2.093542486
96 131 3 100 7872110 2.093625753
77 130 3 100 5171965 2.093691266
92 130 3 100 3488995 2.093727694
99 129 3 100 73878 2.093850683
66 12 3 100 1512708 2.093852836
40 81 3 100 3681083 2.093985585
59 128 3 100 4360 2.094111060
90 128 3 100 146740 2.094167709
109 129 3 100 2655536 2.094215706
100 128 3 100 26532640 2.094269448
45 130 3 100 28363 2.094274863
6 131 3 100 3587905 2.094517677
10 17 3 100 51741 2.094551493
6 92 3 100 2345 2.094554400
103 129 3 100 1983857 2.094556190
56 129 3 100 3670602 2.094615614
90 128 3 100 1535122 2.094645839
85 130 3 100 797 2.094662682
13 128 3 100 327097 2.094701592
19 131 3 100 25559 2.094755773
75 114 3 100 6240815 2.094846034
29 130 3 100 1602 2.094846037
15 129 3 100 3019085 2.094925739
112 130 3 100 831 2.095007755
10 130 3 100 1995039 2.095014958
48 14 3 100 5809103 2.095143591
69 124 3 100 64132 2.095222080
44 77 3 100 873426 2.095229934
121 129 3 100 1248745 2.095305465
44 128 3 100 12039 2.095595512
120 128 3 100 22634 2.095597973
47 108 3 100 96018 2.095598667
86 106 3 100 2748014 2.095628246
9 131 3 100 22650906 2.095689030
109 131 3 100 1150455 2.095724462
59 128 3 100 22546 2.095841871
10 131 3 100 4731787 2.095852450
101 131 3 100 1279 2.095873055
120 94 3 100 58022 2.096385083
5 73 3 100 2032 2.096404420
57 102 3 100 1232141 2.096448633
123 128 3 100 11104108 2.096673460
66 45 3 100 1240915 2.096782853
40 102 3 100 3082978 2.096801119
115 131 3 100 4003558 2.097001901
111 130 3 100 133299 2.097069180
83 131 3 100 9230424 2.097102358
28 66 3 100 63694 2.097131375
94 128 3 100 1028417 2.097198136
3 131 3 100 1009620 2.097201491
3 130 3 100 60830 2.097287847
57 128 3 100 66534 2.097591093
77 129 3 100 82262 2.097643916
105 69 3 100 1269163 2.097745568
112 64 3 100 167052 2.097759390
107 130 3 100 145891 2.097779513
9 130 3 100 4200 2.097888777
55 131 3 100 12130 2.098013503
6 128 3 100 288851 2.098297558
120 130 3 100 47080 2.098309978
55 48 3 100 12000474 2.098325291
69 0 3 100 1097 2.098328608
9 130 3 100 36344 2.098435790
40 128 3 100 75774 2.098612801
9 131 3 100 37381 2.098616789
112 128 3 100 6815654 2.098801086
29 131 3 100 1045 2.099030083
57 129 3 100 43166 2.099135711
9 130 3 100 237582 2.099388152
44 130 3 100 534805 2.099543627
