2616 
84 24 3 100 11801 2.000022138
42 141 3 100 6783 2.000050110
32 53 3 100 22430 2.000062191
55 230 3 100 29980 2.000067961
50 77 3 100 14390 2.000147087
96 205 3 100 23103 2.000255188
16 122 3 100 77572 2.000299783
6 224 3 100 1503798 2.000326828
87 99 3 100 4982736 2.000349521
38 139 3 100 7469 2.000473811
99 68 3 100 24070 2.000525863
76 187 3 100 330547 2.000571984
66 109 3 100 232795 2.000620654
57 236 3 100 1120719 2.000645588
98 123 3 100 6294857 2.000694951
88 247 3 100 91920 2.000937105
49 60 3 100 3813860 2.000938125
71 237 3 100 11 2.000952855
61 36 3 100 9435290 2.001035105
127 252 3 100 47335 2.001053231
18 17 3 100 65238 2.001058119
110 243 3 100 57387 2.001068259
16 84 3 100 71143 2.001090991
103 236 3 100 2646 2.001095231
38 18 3 100 23851 2.001096301
85 132 3 100 190704 2.001126475
65 30 3 100 3947 2.001207144
108 253 3 100 3133765 2.001214835
78 57 3 100 42235 2.001232894
49 255 3 100 9677187 2.001358709
96 98 3 100 124190 2.001384331
80 168 3 100 23142255 2.001395317
51 127 3 100 1650927 2.001430520
70 245 3 100 59949 2.001517389
13 122 3 100 4290083 2.001563971
115 149 3 100 53067 2.001604960
86 44 3 100 72584 2.001621711
1 174 3 100 1038509 2.001670121
103 35 3 100 5577390 2.001679870
87 168 3 100 4696942 2.001755862
5 56 3 100 10941 2.001771567
25 179 3 100 4892922 2.001777988
85 51 3 100 23214 2.001785877
126 145 3 100 6127 2.001786655
14 87 3 100 4856631 2.001851428
42 193 3 100 4764 2.001908807
68 29 3 100 87815 2.001914260
67 133 3 100 14771 2.001919825
112 98 3 100 65383 2.001960215
3 184 3 100 18536398 2.002014473
103 102 3 100 3041467 2.002136150
74 243 3 100 18262 2.002144730
15 60 3 100 23204 2.002189468
7 194 3 100 41677 2.002200385
45 36 3 100 55465 2.002278885
66 240 3 100 39810 2.002280144
9 61 3 100 5214064 2.002295753
102 167 3 100 46124 2.002395049
16 78 3 100 2661000 2.002470823
86 200 3 100 47979 2.002475617
60 14 3 100 6702214 2.002480901
77 187 3 100 8858 2.002624740
87 61 3 100 3388881 2.002672527
126 150 3 100 21555 2.002699838
99 117 3 100 1674590 2.002715116
126 148 3 100 16990 2.002784128
57 27 3 100 1690549 2.002817286
119 167 3 100 1537123 2.002913586
119 39 3 100 96999 2.002929795
100 147 3 100 3155466 2.002955364
118 24 3 100 1255719 2.002956347
20 193 3 100 2838 2.002960580
113 18 3 100 23911 2.002998724
119 198 3 100 25941 2.003054759
90 21 3 100 87488 2.003058946
26 236 3 100 5650586 2.003070822
22 63 3 100 34064 2.003119117
15 166 3 100 6702 2.003175233
82 66 3 100 4642 2.003238313
102 255 3 100 10095225 2.003361698
112 96 3 100 1890109 2.003385569
93 175 3 100 4401 2.003428952
81 114 3 100 1511172 2.003493353
47 245 3 100 21341 2.003513222
22 80 3 100 772893 2.003523129
94 166 3 100 1156 2.003526505
50 121 3 100 26082 2.003533242
34 239 3 100 3023023 2.003594034
122 36 3 100 3415267 2.003613292
20 247 3 100 1699468 2.003629680
12 33 3 100 4546612 2.003643446
121 208 3 100 78278 2.003664127
3 82 3 100 8791 2.003687261
5 197 3 100 193584 2.003694728
126 10 3 100 42343 2.003732705
126 225 3 100 35792 2.003777302
112 21 3 100 138538 2.003953627
118 191 3 100 3627307 2.004010355
116 110 3 100 18868 2.004035176
47 139 3 100 41856 2.004070135
35 116 3 100 59179 2.004077128
60 240 3 100 6784 2.004112893
114 27 3 100 1858413 2.004247644
127 199 3 100 153789 2.004330345
46 55 3 100 45234 2.004375608
93 236 3 100 8441 2.004506235
123 122 3 100 46704 2.004627367
0 247 3 100 9509677 2.004637766
91 55 3 100 197257 2.004654972
53 176 3 100 4741 2.004693464
6 95 3 100 65657 2.004695441
98 157 3 100 48531 2.004735053
108 41 3 100 228255 2.004769780
108 146 3 100 3047 2.004801866
105 96 3 100 65947 2.004819010
105 205 3 100 1904446 2.004927261
37 123 3 100 454895 2.004928734
44 136 3 100 11975 2.004928771
72 94 3 100 2722 2.004941942
110 237 3 100 1932808 2.005020719
57 121 3 100 4736682 2.005027875
41 140 3 100 31347 2.005139601
16 91 3 100 60714 2.005181366
102 195 3 100 947782 2.005204863
32 12 3 100 1173885 2.005225133
69 130 3 100 27282 2.005389853
120 66 3 100 4775514 2.005407799
100 130 3 100 66792 2.005458254
96 66 3 100 331326 2.005497875
10 207 3 100 1264902 2.005507321
116 69 3 100 15261 2.005541423
40 159 3 100 1130483 2.005565109
107 91 3 100 70801 2.005573783
71 145 3 100 150875 2.005579224
75 51 3 100 607112 2.005628668
16 226 3 100 919 2.005636971
56 79 3 100 65127 2.005638906
95 143 3 100 56215 2.005656209
100 98 3 100 6798906 2.005675664
60 173 3 100 26897 2.005687145
64 4 3 100 513894 2.005740427
39 168 3 100 22750088 2.005762775
111 18 3 100 53493 2.005763460
112 214 3 100 42015 2.005772334
8 0 3 100 1099806 2.005804538
0 194 3 100 34915 2.005813297
23 101 3 100 4999748 2.005835513
90 223 3 100 21513 2.005837346
71 103 3 100 7573 2.005878576
126 252 3 100 31287 2.005902890
109 112 3 100 1865097 2.005959196
13 240 3 100 18311 2.005987864
0 70 3 100 895704 2.006010202
122 191 3 100 46058 2.006020583
100 124 3 100 71466 2.006030853
29 229 3 100 22705729 2.006074285
4 89 3 100 9519525 2.006075704
78 234 3 100 3247 2.006137571
126 9 3 100 39220 2.006209410
118 152 3 100 9071 2.006282632
45 39 3 100 136726 2.006289193
67 192 3 100 1160073 2.006334361
35 42 3 100 1878914 2.006336641
60 217 3 100 469527 2.006424394
57 65 3 100 969649 2.006431211
6 131 3 100 452994 2.006475635
31 10 3 100 24280 2.006536025
89 250 3 100 59041 2.006542870
90 118 3 100 1440206 2.006551230
15 138 3 100 9553482 2.006663197
16 75 3 100 40577 2.006692552
80 211 3 100 476316 2.006721022
120 74 3 100 22039 2.006789351
90 165 3 100 417112 2.006828099
122 22 3 100 21645 2.007038140
80 201 3 100 5626851 2.007134905
87 94 3 100 56949 2.007174868
16 172 3 100 3973423 2.007188685
76 10 3 100 1017706 2.007224021
69 135 3 100 1577 2.007246083
109 2 3 100 44905 2.007267548
59 171 3 100 33693 2.007274684
59 35 3 100 49726 2.007296987
88 161 3 100 4061849 2.007336109
64 53 3 100 3107498 2.007379800
87 148 3 100 102633 2.007393422
75 103 3 100 48699 2.007471778
17 145 3 100 25407006 2.007514736
70 79 3 100 24771 2.007553211
67 250 3 100 971572 2.007714353
45 88 3 100 8144021 2.007723522
81 223 3 100 70950 2.007732914
101 80 3 100 24300 2.007788750
41 241 3 100 4400338 2.007796744
40 46 3 100 27249 2.007823699
7 137 3 100 148309 2.007840343
37 0 3 100 38176 2.007844960
121 241 3 100 3716 2.007848543
92 39 3 100 6648425 2.007927975
13 172 3 100 3236575 2.007934697
121 99 3 100 2671 2.007940132
30 223 3 100 2536766 2.007946410
56 87 3 100 4897954 2.007955126
123 203 3 100 1334740 2.008081382
35 36 3 100 20892 2.008125188
23 160 3 100 51080 2.008144344
13 90 3 100 333762 2.008198479
115 230 3 100 71806 2.008207463
24 53 3 100 7603037 2.008256352
69 141 3 100 17491395 2.008279966
64 57 3 100 22157 2.008295032
14 130 3 100 9297801 2.008298663
113 28 3 100 6523748 2.008309444
1 130 3 100 6558 2.008321236
108 49 3 100 2185350 2.008363064
114 142 3 100 12258 2.008382646
13 3 3 100 4559 2.008406724
114 214 3 100 522254 2.008465457
84 88 3 100 76706 2.008479197
96 221 3 100 6089 2.008490936
91 9 3 100 9609 2.008521720
123 216 3 100 29979 2.008560703
40 84 3 100 1404058 2.008584716
6 204 3 100 21205 2.008670697
69 3 3 100 9962217 2.008712221
62 181 3 100 851100 2.008716004
17 39 3 100 9752 2.008725738
23 171 3 100 2046836 2.008747773
120 60 3 100 7083 2.008781525
112 178 3 100 54877 2.008814969
99 3 3 100 57226 2.008882068
116 183 3 100 100124 2.008907443
81 82 3 100 7173 2.008969480
125 134 3 100 993313 2.008991786
47 85 3 100 4364947 2.009034727
78 177 3 100 6774371 2.009120862
24 103 3 100 4269 2.009147780
42 187 3 100 19090 2.009253500
19 106 3 100 182072 2.009280798
81 195 3 100 12419 2.009303679
36 56 3 100 14787 2.009313968
109 196 3 100 274 2.009322658
94 110 3 100 60643 2.009333034
48 219 3 100 78912 2.009396640
17 59 3 100 16307 2.009481656
95 193 3 100 47875 2.009504627
107 3 3 100 22682378 2.009525343
92 233 3 100 98053 2.009537870
24 75 3 100 163495 2.009548306
57 174 3 100 38454 2.009582509
99 71 3 100 49449 2.009634108
16 171 3 100 5608146 2.009636697
39 24 3 100 3719 2.009637481
71 242 3 100 7381 2.009673547
46 64 3 100 1096738 2.009767244
55 168 3 100 44193 2.009870652
41 48 3 100 58235 2.009915910
49 223 3 100 47500 2.009920869
80 25 3 100 20927 2.009931582
42 183 3 100 226708 2.010016009
37 46 3 100 8893488 2.010055094
48 186 3 100 1342542 2.010085981
24 116 3 100 3849828 2.010109472
124 203 3 100 508178 2.010113163
44 5 3 100 19476 2.010125975
40 195 3 100 9973027 2.010170690
86 94 3 100 5489 2.010214160
124 210 3 100 24237396 2.010261029
74 112 3 100 4020074 2.010264467
10 224 3 100 176218 2.010292574
84 62 3 100 29541 2.010293171
67 243 3 100 1993438 2.010309252
86 37 3 100 3467457 2.010325623
3 185 3 100 28385 2.010392932
81 89 3 100 1256676 2.010422372
78 201 3 100 47672 2.010422867
74 76 3 100 8768728 2.010513086
39 147 3 100 14423 2.010560193
73 2 3 100 4012926 2.010613061
75 234 3 100 178961 2.010629328
24 96 3 100 34596 2.010654131
67 145 3 100 4974331 2.010663718
75 107 3 100 49502 2.010727312
49 221 3 100 3222465 2.010758683
6 43 3 100 53768 2.010774560
56 196 3 100 3539773 2.010796810
92 113 3 100 1470460 2.010813007
94 236 3 100 847816 2.010816173
75 13 3 100 2069 2.010834971
125 160 3 100 102794 2.010868550
104 61 3 100 16459 2.010873865
65 147 3 100 3108381 2.010878498
55 41 3 100 3261967 2.010884559
32 139 3 100 78923 2.010912652
12 0 3 100 1569798 2.010916567
44 191 3 100 23176 2.010966512
13 95 3 100 2514572 2.010994465
104 177 3 100 1939773 2.011035773
30 72 3 100 4775 2.011066965
117 228 3 100 2060640 2.011068453
79 55 3 100 372 2.011081745
46 218 3 100 3552003 2.011085060
85 21 3 100 4082149 2.011086854
26 163 3 100 102981 2.011105898
31 67 3 100 8269612 2.011108236
78 178 3 100 895176 2.011111271
81 121 3 100 1644638 2.011133411
116 205 3 100 145800 2.011139235
29 57 3 100 9926 2.011147909
55 233 3 100 93155 2.011206374
114 88 3 100 40841 2.011211663
87 226 3 100 36468 2.011248301
111 14 3 100 41713 2.011265454
118 141 3 100 39608 2.011362369
118 113 3 100 170542 2.011390792
19 243 3 100 120196 2.011427130
126 92 3 100 3505116 2.011438011
112 199 3 100 905675 2.011446320
107 55 3 100 1604906 2.011483416
119 159 3 100 33666 2.011485459
6 69 3 100 10950 2.011507852
123 192 3 100 17066 2.011531407
115 76 3 100 723 2.011543091
73 131 3 100 5913 2.011586495
92 83 3 100 60341 2.011628740
124 196 3 100 914758 2.011651076
114 36 3 100 4435728 2.011652509
104 222 3 100 6962 2.011659911
82 7 3 100 1186868 2.011695160
74 132 3 100 5807943 2.011709985
62 93 3 100 35288 2.011759257
125 203 3 100 74384 2.011766638
34 109 3 100 28208 2.011793903
110 208 3 100 1055435 2.011806698
24 31 3 100 1285134 2.011824935
61 155 3 100 131630 2.011874127
1 91 3 100 3624802 2.011923076
23 221 3 100 84089 2.011935039
21 56 3 100 1628726 2.012048261
85 168 3 100 421253 2.012088581
3 121 3 100 72337 2.012291051
29 132 3 100 14174 2.012335879
85 105 3 100 8628 2.012466264
37 183 3 100 20013 2.012494278
50 53 3 100 39168 2.012546766
69 150 3 100 10695 2.012640485
44 16 3 100 4105211 2.012641582
58 141 3 100 1523 2.012658008
51 95 3 100 38044 2.012672507
54 188 3 100 18176 2.012699945
40 36 3 100 12769 2.012702269
56 167 3 100 7067172 2.012759152
30 93 3 100 468726 2.012761418
99 168 3 100 67722 2.012764117
78 13 3 100 4208 2.012770052
23 147 3 100 8080582 2.012771834
50 9 3 100 52101 2.012780426
6 237 3 100 1387604 2.012803068
101 30 3 100 53056 2.012828701
31 191 3 100 497124 2.012838492
8 43 3 100 9617828 2.012895402
99 197 3 100 55294 2.012929178
50 111 3 100 711230 2.012987786
47 197 3 100 588264 2.013008099
5 0 3 100 23985 2.013033495
51 230 3 100 8869 2.013036724
127 97 3 100 1872128 2.013097357
103 154 3 100 12611 2.013098939
126 61 3 100 7029 2.013121327
79 153 3 100 8523 2.013128830
12 55 3 100 24254942 2.013158125
106 210 3 100 144655 2.013171528
104 110 3 100 87964 2.013237033
106 209 3 100 1255662 2.013251744
60 123 3 100 57731 2.013296078
89 140 3 100 28973 2.013353172
96 127 3 100 67545 2.013388824
120 255 3 100 1161355 2.013398123
126 8 3 100 1514253 2.013441740
77 153 3 100 3674 2.013504394
80 20 3 100 114428 2.013544181
103 156 3 100 120445 2.013660425
98 61 3 100 1631489 2.013717098
36 137 3 100 32428 2.013801106
79 114 3 100 18997 2.013826782
109 242 3 100 29045 2.013842761
106 24 3 100 6988 2.013852775
101 238 3 100 4153620 2.013888600
114 112 3 100 62576 2.013894879
34 175 3 100 809591 2.014037720
91 115 3 100 1696150 2.014077650
78 235 3 100 72868 2.014097010
12 117 3 100 9908911 2.014142462
64 202 3 100 7174802 2.014184603
103 26 3 100 957781 2.014194272
37 169 3 100 3792901 2.014241255
8 124 3 100 281443 2.014247756
119 185 3 100 75100 2.014253674
68 48 3 100 2314 2.014310995
35 243 3 100 3876792 2.014328117
127 3 3 100 5630915 2.014387653
2 167 3 100 183038 2.014392036
119 82 3 100 33995 2.014408365
8 230 3 100 1817426 2.014450249
103 119 3 100 1025864 2.014513736
50 213 3 100 6108 2.014523609
104 98 3 100 20059 2.014537445
84 193 3 100 2620609 2.014541429
54 17 3 100 715530 2.014569596
5 242 3 100 949788 2.014581304
103 97 3 100 1317519 2.014611273
57 251 3 100 54791 2.014619709
45 24 3 100 1543002 2.014627494
101 143 3 100 6596868 2.014631042
104 28 3 100 1640460 2.014633526
55 155 3 100 14526 2.014653185
71 54 3 100 36229 2.014820061
100 150 3 100 2478925 2.014831999
29 78 3 100 2178 2.014881187
108 137 3 100 2720 2.014911317
111 40 3 100 5910 2.015030022
9 238 3 100 12051783 2.015052864
85 45 3 100 40146 2.015065628
33 215 3 100 8087956 2.015123636
116 64 3 100 60101 2.015158153
54 148 3 100 1430433 2.015158395
6 109 3 100 477528 2.015221752
62 222 3 100 7193 2.015251644
15 57 3 100 6911 2.015275390
6 193 3 100 4048140 2.015429309
87 116 3 100 11414 2.015523229
50 218 3 100 1351648 2.015541900
6 19 3 100 3510167 2.015547280
19 236 3 100 1882367 2.015561190
103 89 3 100 1513 2.015568784
22 162 3 100 17126 2.015617744
109 5 3 100 76706 2.015623817
47 217 3 100 5510 2.015664208
107 127 3 100 1878512 2.015677772
48 165 3 100 38949 2.015681269
2 117 3 100 3133001 2.015691160
115 212 3 100 857097 2.015710417
110 63 3 100 35470 2.015723414
57 253 3 100 83366 2.015723442
73 74 3 100 3771965 2.015750468
45 135 3 100 4495403 2.015811753
118 32 3 100 6920 2.015813641
33 132 3 100 38148 2.015842933
54 15 3 100 70602 2.015901328
81 225 3 100 1273044 2.015902771
51 95 3 100 52741 2.015979859
65 198 3 100 3869472 2.016148533
124 42 3 100 4974041 2.016156699
82 131 3 100 169819 2.016197510
5 113 3 100 3124 2.016222608
21 251 3 100 4335 2.016273758
91 25 3 100 43491 2.016292579
100 141 3 100 1091197 2.016327371
24 85 3 100 5377 2.016343196
46 152 3 100 333559 2.016402521
30 39 3 100 133182 2.016499581
53 194 3 100 68346 2.016501773
27 28 3 100 3572667 2.016538659
19 134 3 100 75349 2.016583111
105 53 3 100 63085 2.016623379
38 239 3 100 14869 2.016624164
114 16 3 100 25126 2.016704806
3 186 3 100 7815 2.016740002
22 6 3 100 3458397 2.016741791
92 167 3 100 77925 2.016755047
33 27 3 100 1586626 2.016769196
5 135 3 100 10622 2.016790477
13 114 3 100 3895504 2.016796573
17 141 3 100 29526 2.016802522
20 58 3 100 2078257 2.016829976
51 149 3 100 31883 2.016853669
19 123 3 100 6506222 2.016908201
101 228 3 100 4450373 2.016946369
28 97 3 100 24070 2.016972368
65 134 3 100 2672 2.017070089
38 66 3 100 24969 2.017101513
102 149 3 100 1642399 2.017166243
30 68 3 100 4494 2.017187694
40 172 3 100 10365 2.017227561
18 70 3 100 791001 2.017240415
101 220 3 100 730316 2.017267789
50 119 3 100 6083938 2.017303986
81 191 3 100 20752 2.017345527
14 122 3 100 26556 2.017345924
77 154 3 100 50442 2.017383607
49 41 3 100 32175 2.017482888
20 133 3 100 6494538 2.017517149
3 124 3 100 5995093 2.017538294
92 209 3 100 32353 2.017584090
40 108 3 100 6096 2.017586460
85 169 3 100 58244 2.017648955
60 34 3 100 656478 2.017682651
92 222 3 100 61571 2.017719734
29 53 3 100 33482 2.017729236
117 174 3 100 51397 2.017741596
109 50 3 100 3847504 2.017742751
85 192 3 100 1044 2.017750818
31 3 3 100 3712637 2.017760511
19 165 3 100 5609425 2.017871929
67 85 3 100 84977 2.017902154
65 146 3 100 1617333 2.017910266
9 18 3 100 23523 2.017968763
15 146 3 100 185355 2.018003935
21 123 3 100 16119 2.018060769
22 228 3 100 20296 2.018119101
88 116 3 100 3358688 2.018173829
105 148 3 100 3570300 2.018249364
48 70 3 100 8797 2.018259336
112 137 3 100 4342873 2.018477133
84 35 3 100 5318 2.018531693
69 235 3 100 61619 2.018550767
8 6 3 100 1927487 2.018565334
43 142 3 100 247215 2.018674472
2 8 3 100 526761 2.018684359
1 247 3 100 403428 2.018787314
101 121 3 100 7717 2.018793321
34 139 3 100 4548040 2.018819781
10 13 3 100 167112 2.018852015
91 233 3 100 25381 2.018874422
42 126 3 100 74125 2.018886029
99 198 3 100 5711721 2.018887424
83 37 3 100 7782 2.018890888
42 169 3 100 470096 2.018965134
111 103 3 100 22436 2.019019229
15 255 3 100 4210 2.019102257
124 72 3 100 74069 2.019144169
80 207 3 100 3165 2.019200331
50 62 3 100 8077468 2.019285057
70 155 3 100 769 2.019384072
127 18 3 100 1402407 2.019411028
117 184 3 100 62745 2.019427180
102 69 3 100 2623658 2.019485694
109 234 3 100 1948394 2.019516485
25 124 3 100 260512 2.019550253
45 245 3 100 822087 2.019565466
15 117 3 100 5950018 2.019569981
109 195 3 100 70228 2.019571041
52 12 3 100 2288852 2.019618905
125 221 3 100 114270 2.019633918
17 118 3 100 47649 2.019680533
33 129 3 100 16127 2.019730592
121 0 3 100 259315 2.019738918
108 138 3 100 54012 2.019757517
16 26 3 100 69799 2.019775862
17 220 3 100 1712741 2.019783591
18 15 3 100 22426 2.019871558
42 221 3 100 558574 2.019895292
51 114 3 100 11226241 2.019902727
60 252 3 100 22490 2.019911830
0 2 3 100 2871 2.019957824
62 244 3 100 295606 2.019989508
122 62 3 100 2049787 2.020133225
89 194 3 100 44391 2.020135547
79 121 3 100 1498463 2.020240719
75 201 3 100 695046 2.020243831
50 9 3 100 9549 2.020245064
59 229 3 100 3488 2.020254285
53 60 3 100 28177 2.020301810
87 210 3 100 2035171 2.020319772
44 2 3 100 1173877 2.020367760
16 205 3 100 2724065 2.020371702
119 49 3 100 10196069 2.020408949
63 179 3 100 20273 2.020447255
12 16 3 100 5499783 2.020526652
20 206 3 100 1362594 2.020612803
59 31 3 100 1272327 2.020684021
39 179 3 100 113865 2.020733009
24 80 3 100 24806423 2.020753580
76 196 3 100 4967 2.020762720
82 68 3 100 169651 2.020783916
97 191 3 100 3536595 2.020850800
127 96 3 100 7801642 2.020869705
125 176 3 100 22287497 2.020965978
90 111 3 100 3636 2.021021363
40 188 3 100 864794 2.021094534
39 9 3 100 8593 2.021125405
71 194 3 100 20971877 2.021144735
107 94 3 100 133040 2.021209611
42 243 3 100 2859779 2.021257149
33 121 3 100 50112 2.021327769
29 168 3 100 584193 2.021340437
58 23 3 100 502332 2.021348645
120 227 3 100 24497 2.021351815
85 2 3 100 4822770 2.021355925
46 196 3 100 29847 2.021402290
15 107 3 100 1989747 2.021438973
80 186 3 100 117460 2.021497863
44 87 3 100 6192 2.021518484
82 155 3 100 2067728 2.021571394
57 115 3 100 60905 2.021581500
53 236 3 100 1159150 2.021692780
113 43 3 100 33918 2.021708349
116 237 3 100 1703305 2.021721281
81 35 3 100 22860 2.021726100
34 245 3 100 32622 2.021727012
54 78 3 100 256427 2.021749378
6 221 3 100 101485 2.021783981
50 60 3 100 3548 2.021808096
50 145 3 100 35660 2.021876166
120 33 3 100 65284 2.021881799
3 218 3 100 21239 2.021934919
28 60 3 100 374 2.021988020
77 199 3 100 1782713 2.022114524
24 19 3 100 47237 2.022115890
27 181 3 100 273498 2.022226267
47 25 3 100 643938 2.022237604
25 182 3 100 312504 2.022288228
12 54 3 100 2482 2.022300321
78 243 3 100 1173696 2.022344973
2 42 3 100 9440 2.022382888
120 193 3 100 25880366 2.022453544
44 90 3 100 846221 2.022525687
86 220 3 100 2033 2.022706911
28 111 3 100 1245958 2.022766911
70 155 3 100 9458 2.022777384
44 122 3 100 66180 2.022856462
10 217 3 100 17073 2.022866291
48 10 3 100 7036 2.022879542
10 224 3 100 1939059 2.022885375
36 111 3 100 36319 2.022903927
70 197 3 100 3406974 2.023042433
98 102 3 100 39661 2.023054794
100 252 3 100 3160 2.023060295
33 8 3 100 2431 2.023076282
1 131 3 100 78991 2.023082668
78 13 3 100 24998 2.023097764
60 217 3 100 67900 2.023120384
123 7 3 100 6233 2.023144805
118 193 3 100 75953 2.023148173
115 68 3 100 934596 2.023158093
45 192 3 100 300234 2.023212864
65 102 3 100 14982 2.023285313
55 169 3 100 3911167 2.023365915
43 37 3 100 15436 2.023475508
118 173 3 100 1857751 2.023483028
125 100 3 100 1685 2.023542279
126 198 3 100 3246312 2.023597143
98 115 3 100 61600 2.023599648
29 176 3 100 2223 2.023641444
87 34 3 100 3439190 2.023659753
66 190 3 100 64423 2.023695569
108 70 3 100 3867 2.023742123
0 206 3 100 116385 2.023754942
6 11 3 100 9727 2.023841613
121 226 3 100 1926394 2.023846070
27 59 3 100 2746 2.023881364
82 243 3 100 9885531 2.023883822
100 58 3 100 118228 2.023910451
73 183 3 100 819 2.023943776
77 116 3 100 9932 2.023972463
43 199 3 100 15097 2.023978583
117 29 3 100 7652 2.023990073
90 156 3 100 171903 2.024037872
33 46 3 100 47586 2.024083741
25 204 3 100 729898 2.024113575
26 108 3 100 44658 2.024166859
75 251 3 100 2504 2.024219465
38 53 3 100 1218449 2.024431390
30 141 3 100 49752 2.024520989
54 3 3 100 66048 2.024581319
9 195 3 100 21424 2.024692338
67 117 3 100 9897215 2.024696859
51 209 3 100 61994 2.024758614
96 79 3 100 5245 2.024773891
73 215 3 100 1373182 2.024841908
28 54 3 100 22962 2.024871513
122 161 3 100 57881 2.024885047
118 20 3 100 100783 2.024933574
106 169 3 100 2165987 2.024934979
83 36 3 100 16440 2.024938488
47 221 3 100 3167 2.024995658
46 32 3 100 21725 2.025003433
21 131 3 100 36387 2.025023990
94 85 3 100 47010 2.025061995
6 192 3 100 4963 2.025107998
106 61 3 100 7708 2.025130453
17 190 3 100 2512173 2.025237215
24 70 3 100 31768 2.025240090
21 171 3 100 459016 2.025252017
21 42 3 100 2751068 2.025312718
3 249 3 100 8524 2.025405560
17 13 3 100 2894 2.025412726
126 185 3 100 60233 2.025433965
39 58 3 100 66247 2.025485545
22 184 3 100 2453898 2.025514044
14 6 3 100 32773 2.025572146
4 223 3 100 1726956 2.025660000
24 20 3 100 4477033 2.025704958
41 196 3 100 22724 2.025918355
40 93 3 100 7205480 2.025937707
100 224 3 100 6978 2.025939129
12 50 3 100 66279 2.025955949
25 142 3 100 79852 2.025978329
88 40 3 100 33359 2.025992100
36 215 3 100 6208 2.025995578
107 80 3 100 36548 2.026010289
110 245 3 100 16428 2.026034372
62 99 3 100 415533 2.026118784
61 250 3 100 23594 2.026197332
11 25 3 100 26379313 2.026231143
61 222 3 100 20323 2.026280477
30 119 3 100 37708 2.026294352
32 183 3 100 78766 2.026327479
6 57 3 100 1087738 2.026340023
109 156 3 100 4148497 2.026341045
83 74 3 100 17873649 2.026361624
112 243 3 100 68284 2.026372547
88 31 3 100 39042 2.026401293
113 188 3 100 429938 2.026416880
120 73 3 100 3383692 2.026523270
9 206 3 100 5290 2.026622027
66 86 3 100 3928455 2.026626620
91 173 3 100 10074059 2.026628705
79 10 3 100 427 2.026643160
4 172 3 100 77133 2.026656112
73 79 3 100 1032421 2.026695374
44 177 3 100 196917 2.026716702
38 7 3 100 2421412 2.026745289
101 222 3 100 22763 2.026830731
122 121 3 100 891448 2.026859185
104 231 3 100 771371 2.026894871
26 71 3 100 1007775 2.026915381
20 246 3 100 26425 2.026935996
35 3 3 100 622812 2.026970644
75 221 3 100 1173112 2.027077182
39 94 3 100 18458328 2.027092069
34 133 3 100 9360638 2.027124071
118 112 3 100 56277 2.027241874
21 197 3 100 1256589 2.027243406
35 54 3 100 76219 2.027341672
84 166 3 100 33336 2.027351053
61 81 3 100 56752 2.027369266
118 254 3 100 34125 2.027409163
7 73 3 100 54251 2.027451058
75 150 3 100 9541209 2.027471758
38 108 3 100 26571 2.027481906
27 186 3 100 1043967 2.027490101
81 11 3 100 145724 2.027517170
54 138 3 100 17064999 2.027609994
43 122 3 100 3886893 2.027633575
107 220 3 100 30493 2.027634269
122 70 3 100 33306 2.027671306
28 163 3 100 57560 2.027845799
125 41 3 100 25993 2.027853616
90 144 3 100 3484 2.027862785
74 13 3 100 3062309 2.027898784
69 172 3 100 67780 2.027913405
8 41 3 100 746731 2.027925926
111 200 3 100 4425535 2.027959828
50 84 3 100 8973344 2.027960278
90 205 3 100 4556765 2.027988472
73 100 3 100 56686 2.028021951
83 150 3 100 61678 2.028077401
11 114 3 100 1528671 2.028155848
44 131 3 100 18666 2.028160680
59 62 3 100 45183 2.028195463
61 226 3 100 1150698 2.028197184
10 20 3 100 578 2.028313225
33 238 3 100 18408754 2.028363605
64 88 3 100 25983 2.028431054
38 160 3 100 87682 2.028495415
0 65 3 100 590300 2.028520886
101 190 3 100 3421 2.028535301
15 64 3 100 64533 2.028546786
38 155 3 100 18665 2.028551933
14 105 3 100 22427791 2.028583927
126 177 3 100 9108 2.028586802
72 32 3 100 1406833 2.028721589
114 184 3 100 548482 2.028728977
15 23 3 100 9945 2.028730636
61 131 3 100 1 2.028753126
14 115 3 100 43012 2.028814033
85 207 3 100 3413921 2.028840305
100 69 3 100 76842 2.028843007
95 189 3 100 21581 2.028847709
9 115 3 100 1471344 2.028865180
86 199 3 100 4130022 2.028879190
52 119 3 100 1724725 2.028915205
119 209 3 100 2997 2.028942320
89 63 3 100 4894034 2.028946297
112 246 3 100 48566 2.028961657
76 65 3 100 61580 2.028999255
96 241 3 100 1780599 2.029141065
112 96 3 100 74432 2.029169811
21 252 3 100 110984 2.029176986
62 80 3 100 50148 2.029268923
93 248 3 100 543928 2.029334355
94 38 3 100 7495824 2.029352124
120 244 3 100 4016055 2.029416747
31 123 3 100 44911 2.029422398
117 174 3 100 9557123 2.029427509
41 109 3 100 4347 2.029471723
99 253 3 100 33205 2.029508722
36 69 3 100 1529323 2.029538498
49 178 3 100 36306 2.029559064
112 0 3 100 30698 2.029635631
48 207 3 100 9553561 2.029639913
51 1 3 100 5534859 2.029662159
74 194 3 100 77741 2.029687343
93 28 3 100 223132 2.029704110
52 208 3 100 5509 2.029710582
63 100 3 100 22189 2.029802463
90 134 3 100 5325 2.029907460
72 89 3 100 672 2.029927286
82 172 3 100 19724553 2.029978274
15 110 3 100 66258 2.030078845
85 221 3 100 48141 2.030096933
5 69 3 100 3228599 2.030226819
126 155 3 100 40720 2.030265113
111 114 3 100 13443 2.030310718
16 153 3 100 39122 2.030345690
14 5 3 100 24529846 2.030403794
122 252 3 100 2311613 2.030411849
87 53 3 100 19312 2.030528887
62 160 3 100 1008379 2.030539445
98 72 3 100 94263 2.030546087
7 196 3 100 4738982 2.030568574
1 13 3 100 49074 2.030604918
40 130 3 100 416934 2.030639417
28 73 3 100 5674 2.030692718
22 184 3 100 162551 2.030734411
86 59 3 100 9908 2.030826897
72 238 3 100 103439 2.030889342
100 27 3 100 91633 2.030924051
52 175 3 100 23756 2.030925208
30 70 3 100 173899 2.030964851
8 215 3 100 11095 2.030970863
98 37 3 100 35660 2.031003178
89 243 3 100 7207704 2.031031434
111 45 3 100 26038 2.031041140
16 157 3 100 5762359 2.031051463
109 48 3 100 30523 2.031105305
90 150 3 100 1565715 2.031131487
9 39 3 100 77451 2.031148027
77 212 3 100 7712 2.031230356
10 18 3 100 28990 2.031230892
127 160 3 100 133037 2.031248784
126 53 3 100 1918865 2.031249356
1 190 3 100 4001793 2.031254909
100 18 3 100 1170658 2.031283745
90 213 3 100 9929228 2.031286154
120 73 3 100 8257652 2.031372646
37 241 3 100 3395738 2.031381511
3 30 3 100 9658 2.031384367
22 227 3 100 3224 2.031443103
16 40 3 100 5981 2.031488515
1 179 3 100 43549 2.031496510
49 53 3 100 70978 2.031536552
35 133 3 100 20010837 2.031554240
90 63 3 100 15089 2.031591522
39 244 3 100 83848 2.031655223
19 11 3 100 28615 2.031665786
46 202 3 100 66148 2.031696710
68 100 3 100 25781 2.031699202
123 134 3 100 75412 2.031717565
24 64 3 100 9428820 2.031766545
19 141 3 100 1071793 2.031821792
88 20 3 100 96052 2.032019420
43 205 3 100 2913122 2.032020463
70 21 3 100 2862725 2.032030144
119 148 3 100 509482 2.032034994
120 9 3 100 54700 2.032037664
0 176 3 100 8874 2.032037865
93 111 3 100 4644079 2.032134008
100 154 3 100 20057 2.032159410
114 92 3 100 8358187 2.032246235
67 235 3 100 5453546 2.032251460
114 86 3 100 2556983 2.032253982
95 169 3 100 1420564 2.032319538
13 34 3 100 1501990 2.032361630
13 188 3 100 17438 2.032396570
8 86 3 100 6532 2.032444393
59 147 3 100 384878 2.032465801
10 119 3 100 738118 2.032494436
37 136 3 100 34626 2.032518970
52 42 3 100 2687929 2.032566069
120 160 3 100 60798 2.032566156
72 124 3 100 277887 2.032602985
124 236 3 100 1525295 2.032672063
104 23 3 100 31030 2.032672501
98 130 3 100 5836 2.032685258
29 56 3 100 9146 2.032793762
113 139 3 100 3980 2.032847760
42 12 3 100 404266 2.032883411
78 167 3 100 1940069 2.032899059
42 100 3 100 526645 2.032907786
125 165 3 100 48176 2.032957247
75 50 3 100 46417 2.032958887
5 146 3 100 5937755 2.032962170
119 0 3 100 162508 2.033001260
8 220 3 100 2348106 2.033062645
17 73 3 100 44608 2.033067797
41 167 3 100 143551 2.033082834
124 108 3 100 73430 2.033103759
120 243 3 100 617968 2.033209314
59 107 3 100 56545 2.033231641
35 168 3 100 9817026 2.033260352
47 13 3 100 1927031 2.033288414
34 213 3 100 52149 2.033307362
74 45 3 100 1112670 2.033308325
79 229 3 100 143828 2.033350249
10 93 3 100 60688 2.033359711
13 212 3 100 1426 2.033381002
20 29 3 100 17622 2.033388591
22 134 3 100 6176 2.033418666
45 20 3 100 49313 2.033439178
63 199 3 100 2764362 2.033453382
112 12 3 100 78061 2.033541640
18 137 3 100 6721790 2.033559606
90 18 3 100 72670 2.033561740
4 129 3 100 1842462 2.033577612
103 98 3 100 5420 2.033598512
8 245 3 100 2775 2.033605544
42 83 3 100 7542887 2.033623642
73 224 3 100 2314 2.033661938
126 93 3 100 3032 2.033669792
31 199 3 100 1750491 2.033683154
62 16 3 100 127549 2.033800621
118 169 3 100 4082068 2.033834397
0 74 3 100 4496734 2.033845960
94 153 3 100 40601 2.033864082
87 79 3 100 42137 2.033896920
40 224 3 100 143817 2.033909629
69 30 3 100 24756174 2.033919641
13 189 3 100 26878 2.033984693
39 116 3 100 509324 2.034223478
127 187 3 100 53293 2.034261779
99 4 3 100 844650 2.034300985
95 162 3 100 158518 2.034415181
101 39 3 100 3012 2.034437794
45 222 3 100 170752 2.034516923
72 127 3 100 190755 2.034517516
9 145 3 100 74193 2.034567167
87 15 3 100 3915472 2.034599820
115 136 3 100 56091 2.034603255
6 57 3 100 2543594 2.034642624
121 155 3 100 49365 2.034660449
42 80 3 100 2755 2.034719741
22 235 3 100 76533 2.034731120
73 50 3 100 7964 2.034735574
9 131 3 100 44187 2.034746877
9 121 3 100 5155678 2.034793595
113 191 3 100 2714619 2.034819346
83 124 3 100 14362925 2.034837479
86 177 3 100 61451 2.034882532
22 21 3 100 667776 2.034886084
21 159 3 100 57463 2.034921228
15 18 3 100 4319 2.034927645
118 137 3 100 5659 2.035036338
41 9 3 100 682 2.035044153
114 142 3 100 133201 2.035056280
67 106 3 100 961578 2.035069828
52 178 3 100 14340 2.035188970
73 78 3 100 3120974 2.035233980
126 140 3 100 24844 2.035235245
20 105 3 100 49383 2.035372900
68 198 3 100 1761537 2.035508485
86 20 3 100 22404 2.035555893
4 168 3 100 69892 2.035582408
44 3 3 100 29085 2.035627745
104 181 3 100 72122 2.035638293
15 2 3 100 172317 2.035728263
33 222 3 100 4444407 2.035736461
18 36 3 100 10846835 2.035782073
58 170 3 100 777182 2.035800676
26 90 3 100 3854561 2.035813787
122 216 3 100 11569980 2.035815205
62 63 3 100 4706582 2.035820168
38 165 3 100 3297683 2.035825474
20 62 3 100 17572 2.035827954
121 191 3 100 120134 2.035854240
125 113 3 100 4809815 2.035854998
43 184 3 100 74623 2.035869543
46 112 3 100 7938 2.035892511
97 252 3 100 399205 2.035897381
70 13 3 100 8904 2.035912809
126 227 3 100 21133763 2.035931488
24 10 3 100 4992 2.035996403
105 255 3 100 66329 2.036009859
29 112 3 100 1666637 2.036034678
115 177 3 100 76968 2.036122135
94 43 3 100 3831411 2.036128305
54 198 3 100 9298052 2.036128894
20 28 3 100 1747778 2.036157716
71 128 3 100 4270687 2.036161812
8 51 3 100 4817389 2.036181388
56 169 3 100 85969 2.036195402
66 4 3 100 1077733 2.036221219
74 131 3 100 629088 2.036287865
121 28 3 100 9402 2.036433874
36 174 3 100 4630682 2.036444731
47 87 3 100 13915179 2.036455160
71 231 3 100 4898784 2.036492859
104 16 3 100 22131 2.036498674
58 194 3 100 32117 2.036568316
101 67 3 100 6298734 2.036570572
14 176 3 100 4622332 2.036633689
81 22 3 100 39929 2.036684540
119 250 3 100 9126 2.036707841
107 82 3 100 1545488 2.036710677
8 176 3 100 746 2.036748761
4 79 3 100 40607 2.036812379
124 153 3 100 4403110 2.036885476
49 90 3 100 1228403 2.036936701
56 150 3 100 60322 2.036948798
11 5 3 100 889074 2.036953858
120 161 3 100 49404 2.036985391
84 82 3 100 44799 2.036992540
84 241 3 100 1843339 2.037095680
120 76 3 100 4342240 2.037127659
126 158 3 100 28759 2.037155122
113 19 3 100 3494 2.037238493
104 165 3 100 2367909 2.037289793
52 68 3 100 584950 2.037290641
4 249 3 100 20166 2.037351890
65 25 3 100 176098 2.037357807
83 156 3 100 41764 2.037364033
55 121 3 100 4207437 2.037369988
8 152 3 100 22149 2.037414727
92 79 3 100 7515 2.037420461
81 129 3 100 21570 2.037420525
125 93 3 100 7394896 2.037423874
98 193 3 100 3243614 2.037498101
114 111 3 100 3971839 2.037547481
0 142 3 100 89464 2.037563255
30 106 3 100 4255463 2.037573034
32 206 3 100 1018138 2.037588041
5 66 3 100 578 2.037638450
61 172 3 100 4584523 2.037675723
91 71 3 100 5460 2.037702385
28 241 3 100 76013 2.037727951
1 26 3 100 16628 2.037834791
64 233 3 100 5428195 2.037843359
8 81 3 100 4106476 2.037849600
17 145 3 100 7958 2.037895756
46 83 3 100 724364 2.037948757
11 195 3 100 44185 2.037983091
97 40 3 100 267530 2.037984841
89 147 3 100 2193 2.038022895
18 20 3 100 5597 2.038027841
75 242 3 100 17293 2.038033211
6 29 3 100 69490 2.038084207
62 177 3 100 566265 2.038169852
58 75 3 100 3689383 2.038221553
68 244 3 100 75344 2.038233047
32 97 3 100 1144618 2.038304314
30 151 3 100 626343 2.038326655
121 81 3 100 3114384 2.038339109
51 200 3 100 8665 2.038350329
125 21 3 100 51667 2.038365993
86 192 3 100 842 2.038384085
122 19 3 100 4635 2.038385272
28 242 3 100 21803 2.038395664
66 22 3 100 19174 2.038427070
89 231 3 100 7338008 2.038435645
30 73 3 100 60334 2.038435928
47 179 3 100 2633436 2.038602926
27 123 3 100 5421 2.038615811
53 185 3 100 4759094 2.038645351
34 62 3 100 1938578 2.038683767
22 142 3 100 946520 2.038716140
82 44 3 100 19093826 2.038726863
60 212 3 100 420537 2.038738167
67 33 3 100 9550 2.038784963
126 143 3 100 7267584 2.038866070
85 107 3 100 361730 2.038885323
35 245 3 100 95231 2.038889501
45 101 3 100 1379237 2.038900482
63 196 3 100 1603311 2.038915396
106 122 3 100 1087 2.038929117
123 210 3 100 1245234 2.038978720
114 116 3 100 4015 2.039033840
33 131 3 100 9072622 2.039235243
99 1 3 100 54700 2.039281244
43 142 3 100 23690 2.039283012
76 102 3 100 2408141 2.039291584
30 255 3 100 1852867 2.039334002
97 58 3 100 36447 2.039336428
103 236 3 100 3295 2.039378478
72 103 3 100 261478 2.039388859
34 165 3 100 2897 2.039435194
89 80 3 100 24513 2.039442772
18 250 3 100 114194 2.039446657
77 108 3 100 140482 2.039481315
55 186 3 100 4623 2.039490770
91 9 3 100 2305 2.039509939
82 237 3 100 39512 2.039667616
99 97 3 100 8557 2.039699534
110 158 3 100 50816 2.039723240
62 125 3 100 73346 2.039753902
108 236 3 100 7733 2.039777342
118 82 3 100 1385146 2.039855884
124 233 3 100 1537317 2.040010235
31 22 3 100 38378 2.040020041
0 167 3 100 195883 2.040024743
62 51 3 100 76685 2.040088601
42 253 3 100 5012 2.040121816
57 126 3 100 20661 2.040142064
59 190 3 100 58505 2.040183087
31 74 3 100 1826924 2.040183681
17 149 3 100 34343 2.040202742
90 5 3 100 1341497 2.040305103
101 200 3 100 4132694 2.040306546
81 78 3 100 6397124 2.040342671
53 148 3 100 4643307 2.040366695
69 14 3 100 108593 2.040376459
46 239 3 100 3111808 2.040426740
77 111 3 100 727432 2.040468974
8 165 3 100 22977 2.040482941
1 17 3 100 855884 2.040496917
85 199 3 100 68519 2.040538443
19 108 3 100 1103763 2.040590775
49 245 3 100 27732 2.040627900
85 47 3 100 12346504 2.040661144
7 149 3 100 23874 2.040699564
96 117 3 100 38886 2.040708009
16 189 3 100 386234 2.040728703
21 56 3 100 959650 2.040779959
126 219 3 100 807552 2.040817483
71 5 3 100 61518 2.040872189
54 139 3 100 10465 2.040895382
50 73 3 100 25013 2.040955329
7 228 3 100 2157947 2.040961392
69 75 3 100 25099 2.040981537
110 132 3 100 181634 2.041000323
5 18 3 100 5561 2.041036404
127 172 3 100 66676 2.041089394
116 73 3 100 4045 2.041182675
80 160 3 100 2004259 2.041185356
120 11 3 100 21277 2.041204062
106 187 3 100 1911357 2.041212437
122 66 3 100 4477555 2.041225380
19 150 3 100 72135 2.041296996
121 80 3 100 7787875 2.041318309
16 205 3 100 72309 2.041396062
99 91 3 100 73288 2.041404380
85 171 3 100 20332 2.041496561
120 45 3 100 7344 2.041563903
56 145 3 100 6560 2.041567054
11 88 3 100 66867 2.041592548
90 192 3 100 443853 2.041606328
103 117 3 100 19385 2.041607635
102 143 3 100 49780 2.041612891
43 103 3 100 35434 2.041637956
41 135 3 100 6883479 2.041640736
50 80 3 100 90638 2.041652957
35 209 3 100 4844 2.041837994
92 90 3 100 213 2.041845647
70 185 3 100 211774 2.041917628
115 24 3 100 1239568 2.041934839
111 158 3 100 5472872 2.041985902
13 31 3 100 65668 2.042048782
84 171 3 100 24345 2.042095771
54 125 3 100 110710 2.042107075
58 170 3 100 52741 2.042123009
106 27 3 100 27500186 2.042153912
92 204 3 100 29141 2.042155803
64 102 3 100 453933 2.042205524
36 244 3 100 4655119 2.042244242
90 76 3 100 23857 2.042289630
110 190 3 100 1766662 2.042305988
7 117 3 100 8224631 2.042322650
1 180 3 100 388622 2.042327118
55 2 3 100 5289 2.042352404
25 182 3 100 190579 2.042372532
53 68 3 100 1649585 2.042481231
28 255 3 100 14143 2.042532068
22 19 3 100 67196 2.042669391
27 175 3 100 4655084 2.042671361
125 43 3 100 112991 2.042671422
126 196 3 100 1281058 2.042672557
85 65 3 100 54826 2.042743958
26 213 3 100 2166506 2.042785456
6 8 3 100 22489 2.042793455
15 147 3 100 12738 2.042793773
78 87 3 100 38664 2.042892373
22 181 3 100 2155 2.042989118
32 34 3 100 37381 2.043027211
76 248 3 100 1863241 2.043079071
44 75 3 100 33449 2.043105184
24 232 3 100 823349 2.043113560
63 80 3 100 1325224 2.043188926
79 170 3 100 63136 2.043194601
9 82 3 100 40469 2.043264720
57 237 3 100 25074 2.043264845
43 73 3 100 694402 2.043298452
114 132 3 100 7715 2.043349134
34 52 3 100 21075921 2.043406684
74 223 3 100 6970 2.043427576
110 17 3 100 21353 2.043465881
102 198 3 100 1347 2.043483052
51 84 3 100 55550 2.043592952
19 180 3 100 34962 2.043607717
38 71 3 100 147910 2.043675095
64 197 3 100 28314 2.043700255
97 0 3 100 2925 2.043810616
31 157 3 100 7972 2.043858725
29 112 3 100 10664 2.043860153
92 193 3 100 981011 2.043941382
14 88 3 100 76617 2.043993502
107 211 3 100 16576 2.044027774
75 92 3 100 1761356 2.044069121
102 172 3 100 607551 2.044167813
34 70 3 100 6115 2.044168710
122 135 3 100 199953 2.044219932
106 74 3 100 9963 2.044261155
40 216 3 100 69534 2.044305178
27 7 3 100 43341 2.044313530
125 158 3 100 2260436 2.044332291
96 20 3 100 191844 2.044350637
58 171 3 100 25064 2.044355010
74 92 3 100 1545215 2.044369168
45 201 3 100 1911029 2.044381870
80 112 3 100 104238 2.044390450
60 132 3 100 3757984 2.044455361
49 68 3 100 5641 2.044481214
55 180 3 100 4684440 2.044522677
47 83 3 100 5037574 2.044540583
78 184 3 100 47966 2.044678593
121 105 3 100 1781 2.044704434
79 251 3 100 1841527 2.044734923
112 17 3 100 77890 2.044786953
79 195 3 100 26719 2.044833148
12 100 3 100 49442 2.044842867
115 188 3 100 400309 2.044873525
97 45 3 100 4206 2.044911264
114 138 3 100 18043 2.044967646
47 13 3 100 2527523 2.044993393
119 130 3 100 890413 2.045027388
104 35 3 100 62487 2.045032370
70 161 3 100 1589358 2.045040530
120 29 3 100 60509 2.045040917
126 214 3 100 854096 2.045076344
96 32 3 100 23492 2.045084689
106 212 3 100 196496 2.045157609
111 34 3 100 8777365 2.045190896
124 136 3 100 2307 2.045269607
80 71 3 100 3352910 2.045336480
110 226 3 100 4906 2.045390895
113 22 3 100 33412 2.045401768
114 157 3 100 596910 2.045432005
14 36 3 100 991446 2.045441207
103 141 3 100 98664 2.045496223
62 104 3 100 45392 2.045498617
124 192 3 100 28261 2.045504759
48 114 3 100 61403 2.045505196
95 211 3 100 43296 2.045507335
104 42 3 100 23410 2.045553320
78 236 3 100 8091409 2.045563983
65 88 3 100 1411535 2.045651523
94 176 3 100 99026 2.045656509
104 49 3 100 3052 2.045672603
88 228 3 100 43454 2.045680194
1 52 3 100 3524270 2.045685871
114 158 3 100 10462 2.045693417
15 0 3 100 27732 2.045711873
21 201 3 100 877351 2.045722854
75 2 3 100 26078 2.045734530
94 144 3 100 65530 2.045740510
12 37 3 100 883321 2.045757709
75 153 3 100 2517008 2.045763651
117 43 3 100 181144 2.045769997
54 232 3 100 1626418 2.045784166
16 18 3 100 29308 2.045803812
65 175 3 100 45494 2.045815782
113 104 3 100 1408438 2.045820285
85 169 3 100 4091430 2.045824311
77 102 3 100 5955 2.045895899
121 214 3 100 8433 2.045898541
39 51 3 100 130726 2.045909459
5 241 3 100 7511240 2.045911145
85 94 3 100 13045 2.045912911
93 135 3 100 65176 2.045922116
17 112 3 100 7697 2.045984432
57 196 3 100 20748 2.046062100
7 46 3 100 67391 2.046122784
96 226 3 100 54946 2.046138082
25 77 3 100 4198 2.046198074
35 254 3 100 3200680 2.046201712
90 109 3 100 1190198 2.046237223
12 142 3 100 23064 2.046241049
89 113 3 100 3984116 2.046287626
73 218 3 100 695540 2.046355683
19 119 3 100 2187861 2.046361995
57 190 3 100 3089 2.046432060
106 119 3 100 24113 2.046439458
1 228 3 100 26652 2.046443475
23 126 3 100 8239339 2.046445262
8 212 3 100 3135835 2.046500557
40 109 3 100 40873 2.046670449
68 212 3 100 19088 2.046722525
68 75 3 100 3858360 2.046765082
124 146 3 100 5062 2.046809781
69 113 3 100 8291 2.046838980
20 196 3 100 8144063 2.046840680
4 69 3 100 151140 2.046884135
77 212 3 100 18962250 2.046910700
36 71 3 100 58336 2.046969139
31 161 3 100 52406 2.046973617
125 81 3 100 2985219 2.047054791
35 202 3 100 8823 2.047078562
87 96 3 100 97300 2.047117093
127 252 3 100 35973 2.047148683
109 65 3 100 46402 2.047163421
3 143 3 100 130585 2.047182303
123 83 3 100 20956 2.047199307
79 188 3 100 38745 2.047241144
3 62 3 100 70395 2.047276754
5 198 3 100 56876 2.047357851
109 23 3 100 13513 2.047442369
57 222 3 100 391903 2.047456229
35 60 3 100 6947 2.047493685
16 186 3 100 2987 2.047625051
64 10 3 100 43549 2.047650540
4 239 3 100 1177494 2.047714218
35 97 3 100 24708 2.047725494
108 174 3 100 3955 2.047775347
59 127 3 100 4747176 2.047780351
97 158 3 100 4977 2.047781357
46 68 3 100 56713 2.047816454
79 159 3 100 3898985 2.047831716
81 107 3 100 2759615 2.047841721
30 160 3 100 285950 2.047891681
35 32 3 100 5112 2.047900949
121 207 3 100 4354 2.047904103
14 49 3 100 690286 2.047968832
111 223 3 100 71189 2.047979779
19 91 3 100 12891082 2.048037396
87 130 3 100 39841 2.048077694
87 47 3 100 12291 2.048147672
122 246 3 100 4789151 2.048156707
74 95 3 100 1924829 2.048193884
34 220 3 100 1287 2.048196943
77 55 3 100 9228535 2.048238427
53 190 3 100 3621498 2.048258764
7 22 3 100 20524263 2.048310970
64 150 3 100 796574 2.048368148
89 54 3 100 7680 2.048383197
76 171 3 100 153488 2.048473205
77 62 3 100 5809786 2.048548820
55 249 3 100 22226 2.048557141
65 123 3 100 1194640 2.048567735
34 166 3 100 160912 2.048639096
34 21 3 100 959000 2.048697188
13 206 3 100 1287395 2.048714740
122 8 3 100 64978 2.048782408
117 204 3 100 69890 2.048805073
47 2 3 100 14772 2.048819429
87 189 3 100 9362 2.048866769
31 54 3 100 14194 2.048871652
46 149 3 100 1603606 2.048915132
66 59 3 100 2998457 2.049067908
72 219 3 100 25089 2.049089568
19 120 3 100 73608 2.049123688
94 208 3 100 5758690 2.049126914
80 91 3 100 2199 2.049169904
86 243 3 100 195132 2.049195326
70 23 3 100 138119 2.049238729
111 154 3 100 20314 2.049241158
44 55 3 100 153556 2.049258096
34 179 3 100 6236170 2.049286962
51 120 3 100 74574 2.049293259
37 254 3 100 5890 2.049299583
74 15 3 100 1162 2.049324795
123 133 3 100 1170587 2.049449325
25 22 3 100 8873 2.049449843
12 182 3 100 3117 2.049517803
25 114 3 100 33489 2.049528145
10 235 3 100 58612 2.049598595
73 72 3 100 21794 2.049610408
20 203 3 100 6056 2.049730795
4 122 3 100 49329 2.049734614
15 163 3 100 27972 2.049821822
46 103 3 100 4837787 2.049838691
58 214 3 100 20572 2.049891335
7 25 3 100 353305 2.049910893
28 147 3 100 31246 2.050073443
48 111 3 100 76888 2.050078396
0 218 3 100 1829655 2.050091253
60 66 3 100 5219846 2.050208900
52 161 3 100 36397 2.050226188
105 12 3 100 783850 2.050305525
27 176 3 100 9918687 2.050333366
93 43 3 100 93546 2.050365544
59 136 3 100 1377095 2.050467484
75 119 3 100 3942214 2.050642729
29 140 3 100 148 2.050790482
35 21 3 100 23641 2.050846203
49 180 3 100 4544 2.050871027
5 51 3 100 1704512 2.050911062
108 244 3 100 26587 2.050923722
55 28 3 100 32718 2.050931859
27 130 3 100 562373 2.050935761
120 7 3 100 52351 2.050953030
106 198 3 100 9686 2.050984123
107 121 3 100 1536798 2.051054850
22 189 3 100 28291 2.051133484
22 41 3 100 7215870 2.051167220
66 153 3 100 62340 2.051184286
70 22 3 100 24655461 2.051204698
58 245 3 100 35764 2.051279178
107 90 3 100 4824702 2.051340155
69 158 3 100 675178 2.051439983
33 65 3 100 1149914 2.051458255
87 202 3 100 1529891 2.051480775
23 21 3 100 58352 2.051481842
106 131 3 100 20784596 2.051526743
3 2 3 100 19230 2.051573808
0 221 3 100 878205 2.051592801
98 78 3 100 61281 2.051594915
73 138 3 100 266379 2.051614797
99 74 3 100 17663 2.051632274
27 218 3 100 33871 2.051635846
30 127 3 100 1975513 2.051638536
116 166 3 100 35916 2.051644699
126 33 3 100 1391070 2.051653940
27 203 3 100 250 2.051690365
21 44 3 100 2068643 2.051703298
97 230 3 100 5712896 2.051718105
107 13 3 100 318952 2.051779025
6 175 3 100 27448 2.051783002
99 119 3 100 2830955 2.051822404
114 146 3 100 8500170 2.051887646
109 23 3 100 162816 2.051892768
78 138 3 100 339478 2.051896459
79 2 3 100 3272312 2.051919747
122 203 3 100 32346 2.051924382
45 39 3 100 3986967 2.051962428
82 170 3 100 1417 2.051968301
14 47 3 100 17890 2.051976487
106 241 3 100 60254 2.051991892
97 86 3 100 21283 2.052004892
43 178 3 100 13387144 2.052009023
46 57 3 100 7242 2.052062928
8 193 3 100 25411 2.052079497
43 59 3 100 33272 2.052091928
36 243 3 100 42857 2.052096197
59 112 3 100 36256 2.052107618
75 218 3 100 76589 2.052132752
59 41 3 100 32980 2.052154064
56 180 3 100 23785 2.052309542
70 91 3 100 6738847 2.052331504
121 224 3 100 14557555 2.052381431
74 99 3 100 60995 2.052392790
40 186 3 100 42794 2.052407148
72 17 3 100 70974 2.052422390
10 181 3 100 8011 2.052459567
19 51 3 100 2158091 2.052510838
41 197 3 100 51134 2.052565146
9 12 3 100 898443 2.052626817
113 227 3 100 791 2.052669275
66 15 3 100 23313 2.052730188
63 189 3 100 60222 2.052743428
52 49 3 100 9035389 2.052754189
55 187 3 100 4333027 2.052754516
69 88 3 100 24518453 2.052796323
8 196 3 100 6466100 2.052850558
22 114 3 100 88733 2.052882895
71 133 3 100 139254 2.052931590
26 52 3 100 1935337 2.052960458
31 240 3 100 55241 2.053005296
123 45 3 100 909114 2.053026034
71 254 3 100 1936 2.053028524
77 85 3 100 50997 2.053047978
70 212 3 100 1800688 2.053062820
67 64 3 100 67933 2.053114519
107 243 3 100 1231290 2.053141510
80 53 3 100 18247 2.053194193
92 136 3 100 52461 2.053242848
2 122 3 100 489199 2.053247134
23 138 3 100 1837807 2.053248593
65 7 3 100 146436 2.053277677
111 185 3 100 34629 2.053340493
22 15 3 100 83364 2.053369036
86 129 3 100 65924 2.053399871
46 83 3 100 442 2.053437457
89 212 3 100 3466477 2.053515809
98 30 3 100 1124 2.053519383
76 169 3 100 2124 2.053562387
32 90 3 100 22793 2.053567366
33 183 3 100 21812 2.053653343
124 58 3 100 18830 2.053694758
95 188 3 100 4625045 2.053736724
11 81 3 100 79081 2.053762479
48 212 3 100 2286060 2.053830365
26 47 3 100 4551507 2.053838931
101 240 3 100 6436683 2.054037087
103 94 3 100 36141 2.054037367
5 219 3 100 65763 2.054048142
46 121 3 100 29001 2.054064291
121 153 3 100 4929537 2.054075029
15 107 3 100 1273091 2.054149150
125 143 3 100 1914587 2.054150775
10 106 3 100 675933 2.054196075
65 216 3 100 482840 2.054294917
60 13 3 100 12818054 2.054375187
92 163 3 100 6609496 2.054455004
123 61 3 100 13545 2.054512226
126 232 3 100 65049 2.054559418
68 100 3 100 43282 2.054580412
52 194 3 100 1295 2.054659451
34 100 3 100 7923 2.054700465
112 166 3 100 9561364 2.054733991
31 53 3 100 6624 2.054770315
24 129 3 100 26113 2.054770324
87 100 3 100 5127927 2.054799229
66 218 3 100 93790 2.054803206
35 18 3 100 1817686 2.054822900
66 242 3 100 7796770 2.054919535
1 101 3 100 1641341 2.054931123
48 196 3 100 1243634 2.054937077
30 115 3 100 9453 2.054951432
100 241 3 100 66488 2.055096845
118 90 3 100 67212 2.055138800
52 200 3 100 25236 2.055144718
111 105 3 100 525181 2.055155524
119 224 3 100 6924953 2.055160910
86 100 3 100 76808 2.055251000
107 160 3 100 1098699 2.055376154
54 90 3 100 31344 2.055420001
95 208 3 100 9462 2.055423561
120 71 3 100 4794 2.055430484
100 205 3 100 1459927 2.055473024
106 20 3 100 45723 2.055493585
124 188 3 100 1581523 2.055495637
37 78 3 100 22589 2.055500351
6 252 3 100 3721031 2.055655123
22 44 3 100 4771783 2.055655204
116 211 3 100 67933 2.055696102
20 19 3 100 12779 2.055697203
77 193 3 100 3941 2.055705005
126 47 3 100 77214 2.055735171
15 148 3 100 78747 2.055801889
24 58 3 100 100686 2.055980363
85 144 3 100 6729973 2.056025724
71 60 3 100 30257 2.056048441
67 243 3 100 99131 2.056073025
104 72 3 100 3271075 2.056115269
104 144 3 100 164867 2.056117486
105 96 3 100 12880 2.056117552
26 171 3 100 16777 2.056141057
71 33 3 100 6507 2.056175207
106 201 3 100 30929 2.056195675
5 14 3 100 34517 2.056202724
70 155 3 100 55557 2.056221312
119 118 3 100 29550 2.056231168
8 187 3 100 1140202 2.056254024
29 96 3 100 38784 2.056315139
101 164 3 100 3720015 2.056394208
22 14 3 100 1920252 2.056409534
36 242 3 100 10830 2.056413252
48 86 3 100 37435 2.056454088
0 157 3 100 5800 2.056499305
94 24 3 100 60052 2.056568827
120 133 3 100 20639 2.056661491
118 125 3 100 7385 2.056686728
72 178 3 100 2908565 2.056717734
109 11 3 100 23761 2.056738589
76 251 3 100 35290 2.056812830
38 65 3 100 25518 2.056818562
61 248 3 100 50276 2.056850161
14 97 3 100 195242 2.056866357
48 223 3 100 38321 2.056929864
51 13 3 100 180475 2.056955421
26 157 3 100 39412 2.056977565
113 124 3 100 71763 2.056983154
80 135 3 100 567859 2.056987130
24 100 3 100 4244340 2.056990392
125 245 3 100 2972037 2.056998951
49 96 3 100 2014799 2.057003057
88 252 3 100 588974 2.057041538
2 34 3 100 502241 2.057075874
92 132 3 100 3238710 2.057090790
38 7 3 100 67470 2.057120828
108 164 3 100 208745 2.057140957
11 72 3 100 104451 2.057178929
93 167 3 100 2977631 2.057207174
69 74 3 100 2879835 2.057221994
37 177 3 100 7255142 2.057242069
58 114 3 100 59369 2.057357391
95 192 3 100 5134593 2.057404562
109 114 3 100 91054 2.057407383
42 167 3 100 7485 2.057423818
110 99 3 100 186347 2.057445057
5 214 3 100 4105903 2.057476906
65 47 3 100 4301414 2.057530808
94 252 3 100 947192 2.057580240
41 122 3 100 3946468 2.057616244
5 154 3 100 4391017 2.057632947
66 18 3 100 1156387 2.057709600
41 215 3 100 246997 2.057751412
77 99 3 100 4216716 2.057751413
46 221 3 100 47134 2.057774467
100 9 3 100 3503 2.057778094
75 253 3 100 26977 2.057784080
10 48 3 100 78937 2.057805385
93 251 3 100 32835 2.057812769
72 30 3 100 44231 2.057858408
86 226 3 100 2715 2.057901622
0 127 3 100 761529 2.057953892
71 198 3 100 25713 2.057955178
3 73 3 100 72053 2.058019142
88 249 3 100 9696376 2.058020141
110 11 3 100 50219 2.058031711
101 216 3 100 1762255 2.058045075
120 59 3 100 18702 2.058058403
126 242 3 100 364225 2.058137040
3 66 3 100 6651247 2.058186462
89 177 3 100 9750195 2.058193330
111 118 3 100 48755 2.058225311
77 232 3 100 8009646 2.058311810
123 61 3 100 29049 2.058339555
9 235 3 100 21695 2.058341173
102 20 3 100 11875 2.058363851
36 183 3 100 27837 2.058413527
11 114 3 100 1458827 2.058442583
99 217 3 100 9535320 2.058590072
22 125 3 100 1928 2.058748763
34 212 3 100 4217066 2.058755902
121 96 3 100 4875320 2.058840112
28 229 3 100 5637 2.058861383
62 97 3 100 15846 2.058910186
26 203 3 100 6065089 2.058943148
58 66 3 100 27367255 2.059000156
61 173 3 100 44678 2.059074163
52 50 3 100 1056424 2.059091511
0 211 3 100 5853945 2.059095052
59 56 3 100 79717 2.059246300
46 216 3 100 3264 2.059298380
23 72 3 100 1000001 2.059306143
69 220 3 100 24799 2.059315644
6 28 3 100 521 2.059350960
47 254 3 100 9220977 2.059358317
17 2 3 100 45357 2.059472055
102 249 3 100 24439 2.059491417
47 20 3 100 18882858 2.059534288
37 167 3 100 41024 2.059549639
108 77 3 100 1876 2.059596766
15 190 3 100 15819150 2.059609654
18 97 3 100 8251 2.059701330
116 182 3 100 2575977 2.059724912
74 24 3 100 196880 2.059782963
25 184 3 100 3300 2.059818686
125 14 3 100 4963 2.059899967
80 182 3 100 2218802 2.059917316
94 101 3 100 147169 2.059959836
1 231 3 100 6043552 2.059964886
89 11 3 100 241493 2.059978518
85 182 3 100 12178 2.059989783
38 49 3 100 4937 2.059998607
84 169 3 100 115147 2.060044831
123 15 3 100 1678867 2.060069634
103 169 3 100 69071 2.060075711
6 85 3 100 32502 2.060131563
75 138 3 100 23404729 2.060254098
118 52 3 100 7129908 2.060315856
89 206 3 100 12293495 2.060317566
79 1 3 100 29252 2.060320673
5 140 3 100 2912258 2.060360523
17 21 3 100 1685290 2.060362547
81 196 3 100 1588686 2.060374340
71 40 3 100 34384 2.060392431
18 203 3 100 8803 2.060424522
76 97 3 100 20402973 2.060427366
34 187 3 100 61072 2.060475724
115 85 3 100 836878 2.060564491
54 190 3 100 61464 2.060639182
18 113 3 100 38008 2.060659607
81 225 3 100 3655233 2.060660577
61 111 3 100 56141 2.060672685
79 166 3 100 9593 2.060697506
89 22 3 100 54604 2.060754950
117 139 3 100 12922713 2.060757839
20 58 3 100 1104946 2.060811345
86 239 3 100 54596 2.060814031
110 96 3 100 3334 2.060864153
96 147 3 100 70758 2.060904517
48 115 3 100 26966 2.060911965
67 165 3 100 1595090 2.061023174
5 35 3 100 106885 2.061062104
64 195 3 100 1577 2.061078410
21 108 3 100 2439130 2.061090124
43 216 3 100 46281 2.061108166
1 124 3 100 82521 2.061148144
66 149 3 100 3873015 2.061152148
108 33 3 100 3079 2.061153868
72 222 3 100 454303 2.061255998
25 21 3 100 22993 2.061337771
7 193 3 100 69647 2.061346131
60 100 3 100 26282 2.061376009
86 159 3 100 20092 2.061388254
113 21 3 100 9091924 2.061433158
40 185 3 100 18158 2.061447498
9 56 3 100 20496 2.061470750
106 187 3 100 7431 2.061678331
27 1 3 100 7176 2.061684018
72 190 3 100 64973 2.061696925
106 7 3 100 396 2.061700024
42 212 3 100 378600 2.061727106
83 28 3 100 1267613 2.061798624
37 232 3 100 582 2.061862598
70 110 3 100 26442 2.061896424
53 243 3 100 1645207 2.061898076
56 74 3 100 2531641 2.061914673
26 220 3 100 3774 2.061942068
31 86 3 100 11784 2.061961546
15 160 3 100 3590 2.061962000
19 42 3 100 68040 2.061969344
70 195 3 100 39457 2.061982545
115 125 3 100 1357763 2.062033975
59 191 3 100 75997 2.062065973
109 94 3 100 2714259 2.062066998
122 138 3 100 1112677 2.062126591
67 44 3 100 2921684 2.062130741
73 201 3 100 9626305 2.062146445
32 116 3 100 57707 2.062156581
8 241 3 100 14615130 2.062187769
57 52 3 100 34063 2.062219209
88 219 3 100 30661 2.062251017
89 62 3 100 99666 2.062287394
88 137 3 100 4430 2.062343747
105 78 3 100 65443 2.062405012
99 156 3 100 26903 2.062445366
102 123 3 100 28137 2.062487689
29 183 3 100 1648054 2.062515555
47 76 3 100 5122568 2.062522024
31 240 3 100 71761 2.062527261
83 100 3 100 71441 2.062552527
84 226 3 100 1056732 2.062560931
3 65 3 100 608199 2.062582221
23 246 3 100 28972541 2.062607927
74 105 3 100 103639 2.062629127
92 206 3 100 3469 2.062658701
59 122 3 100 54837 2.062665608
99 168 3 100 7101051 2.062665864
25 73 3 100 79762 2.062684737
107 233 3 100 21664 2.062723513
72 126 3 100 41248 2.062734563
60 241 3 100 71871 2.062738386
88 109 3 100 5024 2.062742550
103 197 3 100 67551 2.062848339
69 103 3 100 25454 2.062884066
97 183 3 100 32155 2.062950984
13 111 3 100 7963756 2.062957177
114 178 3 100 21034 2.063000012
82 119 3 100 14144 2.063028523
67 150 3 100 1925496 2.063077630
47 13 3 100 29505 2.063093496
46 194 3 100 1836805 2.063131538
65 92 3 100 1647723 2.063139134
100 216 3 100 17686 2.063157417
61 19 3 100 8659 2.063165052
8 165 3 100 20966 2.063175466
64 29 3 100 201206 2.063202987
104 132 3 100 2281713 2.063263568
70 99 3 100 506073 2.063265094
92 231 3 100 65308 2.063270717
42 28 3 100 342389 2.063285981
85 171 3 100 32685 2.063288576
11 31 3 100 41229 2.063312923
37 152 3 100 142082 2.063314478
21 58 3 100 4431 2.063354557
63 233 3 100 39038 2.063385382
55 8 3 100 9572 2.063431894
66 206 3 100 437567 2.063442356
126 74 3 100 576963 2.063505098
102 179 3 100 165460 2.063515280
119 34 3 100 1441225 2.063630969
75 253 3 100 7821 2.063651395
120 58 3 100 35877 2.063678575
117 141 3 100 6781163 2.063681561
75 89 3 100 56822 2.063722593
77 185 3 100 1433668 2.063737788
121 127 3 100 22274 2.063768813
84 193 3 100 787817 2.063777763
28 119 3 100 8858630 2.063885633
123 211 3 100 578260 2.063911171
19 5 3 100 35 2.063925585
117 229 3 100 6405 2.063934930
69 34 3 100 26244 2.063959798
52 136 3 100 335913 2.063972800
10 35 3 100 1630246 2.064031471
74 161 3 100 5526622 2.064068864
100 42 3 100 350137 2.064113024
21 209 3 100 403956 2.064115479
6 78 3 100 65762 2.064137973
27 206 3 100 2696262 2.064154303
61 59 3 100 1637719 2.064230502
35 194 3 100 1279808 2.064292609
50 30 3 100 736971 2.064293678
3 155 3 100 1691396 2.064301989
119 86 3 100 136021 2.064319312
103 210 3 100 2590592 2.064344492
80 8 3 100 4501247 2.064352592
125 148 3 100 21089965 2.064406147
126 70 3 100 283656 2.064436097
10 198 3 100 9307000 2.064463863
57 35 3 100 40631 2.064501902
27 195 3 100 6353599 2.064657428
74 51 3 100 288219 2.064669472
106 185 3 100 37074 2.064731320
43 51 3 100 77208 2.064764983
102 227 3 100 10054 2.064802431
43 102 3 100 6894581 2.064928289
78 165 3 100 520873 2.064952146
87 22 3 100 3168038 2.065025432
79 254 3 100 28083 2.065052279
50 23 3 100 1096835 2.065067477
108 187 3 100 6509 2.065110857
120 92 3 100 2428 2.065125762
91 188 3 100 16953 2.065141544
8 115 3 100 6959514 2.065193910
28 217 3 100 7159318 2.065230129
22 42 3 100 1404362 2.065292843
104 176 3 100 36038 2.065297810
83 54 3 100 27774 2.065302046
111 166 3 100 20673426 2.065302825
24 18 3 100 30851 2.065307382
72 204 3 100 8225007 2.065426455
101 32 3 100 7949965 2.065498891
61 181 3 100 63772 2.065561064
31 94 3 100 142564 2.065563651
125 169 3 100 2180462 2.065637214
111 232 3 100 45462 2.065740803
41 5 3 100 27917 2.065741125
126 144 3 100 7263775 2.065771665
26 95 3 100 909110 2.065831446
10 182 3 100 70238 2.065865438
63 83 3 100 10552 2.065986887
70 208 3 100 2270 2.066055990
43 19 3 100 529899 2.066059684
116 172 3 100 651246 2.066184138
127 56 3 100 47771 2.066206558
80 214 3 100 510760 2.066207220
68 38 3 100 3048961 2.066283503
13 128 3 100 24316 2.066321345
112 3 3 100 1514516 2.066403610
86 249 3 100 28290 2.066412064
122 13 3 100 1243577 2.066477404
28 169 3 100 10227 2.066489636
30 39 3 100 4994799 2.066539192
67 222 3 100 25833 2.066559944
30 62 3 100 726815 2.066626384
108 196 3 100 3690 2.066629846
87 114 3 100 153568 2.066645486
4 152 3 100 28136 2.066654534
119 68 3 100 67230 2.066692560
47 164 3 100 1830669 2.066752863
70 126 3 100 62288 2.066780301
56 131 3 100 76083 2.066825306
113 75 3 100 20024 2.066826166
51 145 3 100 9590 2.066843543
79 72 3 100 37040 2.066862255
113 225 3 100 17246044 2.066868499
94 91 3 100 21237 2.066894037
34 146 3 100 30302 2.066935039
81 118 3 100 61342 2.066989066
5 216 3 100 5048074 2.066996337
63 106 3 100 146368 2.067040855
34 182 3 100 9105200 2.067075904
47 49 3 100 36332 2.067087044
66 138 3 100 3172005 2.067091715
48 66 3 100 1012147 2.067118209
46 247 3 100 5244 2.067139244
78 114 3 100 27130 2.067188289
66 166 3 100 2476 2.067208069
49 29 3 100 1092202 2.067267705
119 249 3 100 17862 2.067275011
95 35 3 100 2210297 2.067319533
122 198 3 100 8704 2.067360583
63 66 3 100 301840 2.067371927
32 137 3 100 49690 2.067372155
58 92 3 100 18391 2.067400751
10 193 3 100 9027 2.067518009
118 117 3 100 961735 2.067561190
104 161 3 100 26456 2.067688325
117 104 3 100 45291 2.067698870
6 247 3 100 28300 2.067705976
102 95 3 100 456413 2.067786062
63 185 3 100 88762 2.067835077
44 56 3 100 21796 2.068078697
71 166 3 100 121233 2.068145091
57 26 3 100 46052 2.068162820
66 160 3 100 972936 2.068214286
79 59 3 100 6398 2.068222637
32 132 3 100 884460 2.068223636
54 94 3 100 3301 2.068228650
48 241 3 100 10284926 2.068382648
89 2 3 100 36215 2.068415349
34 179 3 100 2069317 2.068469759
127 95 3 100 8404 2.068470555
124 206 3 100 18557 2.068481689
46 9 3 100 33703 2.068493921
21 194 3 100 2376296 2.068550768
124 64 3 100 4834440 2.068562909
125 240 3 100 6764956 2.068607883
64 15 3 100 17122 2.068690237
30 223 3 100 47711 2.068724132
101 73 3 100 33876 2.068777223
100 215 3 100 10747 2.068915363
111 40 3 100 9097 2.068920082
121 229 3 100 74307 2.068952922
91 11 3 100 1144364 2.069061362
43 246 3 100 1022870 2.069232530
60 94 3 100 716397 2.069250959
88 208 3 100 28020 2.069299831
0 12 3 100 18721 2.069324704
70 201 3 100 1120235 2.069336617
41 121 3 100 3395568 2.069382510
0 155 3 100 4416876 2.069405485
119 109 3 100 24494066 2.069472150
86 222 3 100 4970 2.069541396
117 52 3 100 23015 2.069549006
90 238 3 100 21337 2.069554935
92 64 3 100 1306506 2.069573934
21 195 3 100 1710424 2.069620825
96 24 3 100 68486 2.069752152
19 131 3 100 2785053 2.069820281
114 118 3 100 5421 2.069824151
2 215 3 100 21217 2.069856145
114 72 3 100 52028 2.069897949
2 192 3 100 21497 2.069932833
24 93 3 100 748 2.069944026
124 185 3 100 1676603 2.069968833
8 82 3 100 11002846 2.069972512
8 141 3 100 1134011 2.069986627
7 76 3 100 1970083 2.070016766
65 128 3 100 1267134 2.070038426
74 11 3 100 85827 2.070064958
59 153 3 100 225854 2.070101785
100 35 3 100 29318 2.070111277
17 208 3 100 54134 2.070132032
113 99 3 100 7514345 2.070173466
55 166 3 100 15406 2.070206442
39 82 3 100 600068 2.070229616
78 229 3 100 3195601 2.070248369
85 38 3 100 980979 2.070262324
99 254 3 100 8521019 2.070274298
86 115 3 100 5557 2.070300145
7 205 3 100 4335 2.070329633
28 71 3 100 1728 2.070349273
88 236 3 100 263 2.070384230
48 80 3 100 278044 2.070393721
23 131 3 100 475616 2.070438987
120 37 3 100 4720644 2.070454579
120 236 3 100 882878 2.070459576
105 54 3 100 5616673 2.070625586
61 182 3 100 623 2.070629742
77 94 3 100 4443 2.070631192
19 251 3 100 1031693 2.070663445
77 21 3 100 2296 2.070753063
26 224 3 100 798454 2.070756823
40 12 3 100 1282232 2.070761754
12 199 3 100 103319 2.070790717
57 103 3 100 1393562 2.070851996
26 195 3 100 37117 2.070918920
88 87 3 100 78309 2.070979175
100 229 3 100 29030 2.071045172
101 22 3 100 2653 2.071096736
50 156 3 100 25316 2.071117323
73 74 3 100 83605 2.071126079
122 247 3 100 6650506 2.071160780
65 20 3 100 2079 2.071167752
98 217 3 100 1851210 2.071234146
53 105 3 100 1574059 2.071414011
69 146 3 100 20134974 2.071546628
72 119 3 100 81551 2.071547518
88 228 3 100 4938084 2.071590495
43 96 3 100 1460213 2.071608665
88 180 3 100 193383 2.071626823
90 24 3 100 55698 2.071696879
39 212 3 100 87007 2.071702851
84 47 3 100 580667 2.071732447
4 170 3 100 14328 2.071733118
64 121 3 100 22482752 2.071787129
36 234 3 100 12652237 2.071826346
63 17 3 100 129612 2.071888481
71 242 3 100 11797 2.071916559
15 24 3 100 62657 2.071979548
82 171 3 100 37573 2.072107318
51 48 3 100 2578 2.072111890
9 176 3 100 9710 2.072119613
125 56 3 100 5109668 2.072127797
124 190 3 100 538452 2.072216916
4 39 3 100 86440 2.072227532
116 133 3 100 71486 2.072245063
94 87 3 100 28246 2.072246558
52 130 3 100 4452682 2.072248040
21 100 3 100 53405 2.072260242
55 254 3 100 6669671 2.072263122
8 4 3 100 33510 2.072285161
121 238 3 100 158721 2.072290626
2 85 3 100 5089946 2.072317501
32 237 3 100 8405886 2.072339186
22 53 3 100 8807093 2.072354677
9 182 3 100 9974936 2.072386516
2 81 3 100 255759 2.072392765
23 236 3 100 20336 2.072410580
21 103 3 100 224622 2.072462906
7 240 3 100 440220 2.072501205
81 45 3 100 7761 2.072553615
35 174 3 100 60032 2.072563797
52 2 3 100 68766 2.072579971
77 132 3 100 1731383 2.072597950
103 113 3 100 841338 2.072600603
28 213 3 100 1281 2.072612098
104 71 3 100 23595 2.072639656
21 245 3 100 27176 2.072656440
120 30 3 100 590210 2.072763808
112 224 3 100 1727748 2.072787071
43 120 3 100 90360 2.072796900
70 246 3 100 98826 2.072838356
29 79 3 100 1175384 2.072845791
3 255 3 100 3675459 2.072854034
1 13 3 100 67824 2.072867677
117 209 3 100 2291 2.072883070
103 126 3 100 25917 2.072898372
59 222 3 100 72913 2.072921828
36 51 3 100 3025707 2.072925108
21 212 3 100 23536669 2.072940748
56 49 3 100 26438 2.072985687
119 195 3 100 711613 2.073136879
115 80 3 100 11346 2.073138610
108 150 3 100 2480283 2.073249731
117 73 3 100 1095814 2.073291858
50 186 3 100 13797 2.073303363
94 123 3 100 1426716 2.073368245
112 189 3 100 62034 2.073373674
27 74 3 100 39540 2.073515649
31 101 3 100 4196795 2.073593603
83 188 3 100 190196 2.073596856
98 3 3 100 50782 2.073660610
119 222 3 100 319219 2.073666865
71 57 3 100 4274617 2.073695992
66 145 3 100 6248 2.073839186
81 110 3 100 45176 2.073844856
42 182 3 100 7123 2.073873528
85 43 3 100 1798998 2.073966313
87 154 3 100 718259 2.074043034
77 93 3 100 48674 2.074045391
53 156 3 100 11370 2.074112015
83 45 3 100 6657780 2.074224200
82 159 3 100 1087094 2.074231278
36 43 3 100 3021 2.074284281
123 146 3 100 47079 2.074404506
66 113 3 100 1389466 2.074436404
104 199 3 100 22526948 2.074489474
20 51 3 100 1054955 2.074551738
61 239 3 100 34665 2.074696702
119 87 3 100 20798 2.074786039
107 146 3 100 74543 2.074812790
16 61 3 100 12811 2.074854885
92 253 3 100 5377881 2.074912741
62 14 3 100 4739531 2.075022890
66 47 3 100 530 2.075151920
38 130 3 100 28826 2.075208495
28 89 3 100 65220 2.075281121
5 186 3 100 99506 2.075304229
15 9 3 100 125577 2.075371228
50 202 3 100 1607976 2.075483769
79 113 3 100 247358 2.075585894
36 130 3 100 144971 2.075647085
72 10 3 100 40211 2.075660285
20 185 3 100 2 2.075691211
14 44 3 100 52465 2.075707690
16 181 3 100 50554 2.075708496
59 61 3 100 18510 2.075714434
56 138 3 100 76564 2.075908167
0 28 3 100 1411010 2.075909102
4 186 3 100 47954 2.075927339
30 94 3 100 24579 2.075956389
69 138 3 100 47197 2.076000039
104 41 3 100 26126 2.076131939
102 194 3 100 184395 2.076151304
26 5 3 100 7214 2.076219379
115 131 3 100 39168 2.076233975
74 125 3 100 25583 2.076234592
17 128 3 100 1966000 2.076241236
127 69 3 100 25158 2.076306926
41 185 3 100 50506 2.076342038
16 113 3 100 4713577 2.076346520
17 222 3 100 574 2.076406080
32 62 3 100 504 2.076433362
76 233 3 100 10265 2.076499842
6 83 3 100 64850 2.076582202
58 138 3 100 1908 2.076619401
22 125 3 100 1526 2.076625657
35 170 3 100 3817046 2.076641369
79 8 3 100 8884 2.076643976
111 195 3 100 1189347 2.076656111
92 87 3 100 68424 2.076667418
69 128 3 100 1088492 2.076693579
6 86 3 100 24637 2.076710413
29 218 3 100 326 2.076746573
94 100 3 100 20810890 2.076808625
89 248 3 100 74810 2.076822781
83 42 3 100 16124 2.076858942
124 251 3 100 732021 2.076864647
107 52 3 100 544662 2.076886751
83 252 3 100 66966 2.076897386
1 82 3 100 43220 2.076917482
58 219 3 100 5227480 2.076989992
115 10 3 100 8423098 2.076997487
60 215 3 100 6412227 2.076998909
44 17 3 100 2971759 2.077007803
9 159 3 100 9835 2.077026866
74 109 3 100 32893 2.077045522
113 244 3 100 26943 2.077109806
52 88 3 100 1142228 2.077208908
13 232 3 100 12065792 2.077236076
8 118 3 100 23523 2.077259020
41 134 3 100 2801 2.077271250
29 87 3 100 13720664 2.077271779
71 131 3 100 350919 2.077351682
91 84 3 100 25106 2.077360001
59 188 3 100 11074376 2.077405337
76 69 3 100 6273 2.077467461
83 198 3 100 24631 2.077473343
10 1 3 100 25551122 2.077517082
114 148 3 100 3555787 2.077569308
30 21 3 100 26458 2.077732364
11 139 3 100 5812 2.077798463
45 67 3 100 35654 2.077821867
54 163 3 100 5254 2.077900910
119 38 3 100 3985983 2.077914241
89 203 3 100 1054590 2.077933052
50 61 3 100 2212 2.077943950
42 251 3 100 1341462 2.077945901
50 62 3 100 30962 2.077980116
93 228 3 100 57381 2.078034383
20 46 3 100 439009 2.078048316
0 216 3 100 35641 2.078099333
82 103 3 100 11460 2.078109429
28 189 3 100 1217435 2.078174992
95 104 3 100 9895360 2.078197181
92 189 3 100 11303 2.078236003
60 27 3 100 6372 2.078266017
63 141 3 100 193890 2.078322426
68 74 3 100 24656 2.078326397
44 235 3 100 308800 2.078419682
73 76 3 100 706412 2.078473809
53 228 3 100 3903559 2.078499128
95 105 3 100 9750 2.078686184
38 150 3 100 104680 2.078694066
58 51 3 100 955338 2.078705795
63 154 3 100 57162 2.078729458
53 78 3 100 27480 2.078732644
115 199 3 100 83509 2.078826601
120 18 3 100 49076 2.078844412
52 255 3 100 1536874 2.078863264
69 93 3 100 45850 2.078891196
15 248 3 100 48886 2.078910755
10 41 3 100 58476 2.078928438
30 212 3 100 50144 2.079033357
26 242 3 100 985841 2.079105156
34 55 3 100 5622242 2.079108937
3 242 3 100 6531538 2.079144950
50 27 3 100 759473 2.079153163
117 187 3 100 11003 2.079153347
13 63 3 100 1798534 2.079239363
124 243 3 100 24602 2.079244152
122 101 3 100 47256 2.079269322
102 200 3 100 8503 2.079295184
39 32 3 100 16721304 2.079350203
120 218 3 100 7901 2.079452738
3 67 3 100 14550 2.079494008
41 194 3 100 13423 2.079495068
13 84 3 100 1170868 2.079503383
15 157 3 100 1349497 2.079503727
105 121 3 100 6169 2.079538170
67 216 3 100 9357505 2.079593901
21 37 3 100 6276 2.079609144
101 137 3 100 1385417 2.079626404
23 41 3 100 61537 2.079629366
68 150 3 100 1457097 2.079640242
31 48 3 100 179222 2.079641956
87 229 3 100 25224 2.079672504
124 59 3 100 151383 2.079694399
83 236 3 100 8235 2.079698171
93 50 3 100 52783 2.079818063
59 219 3 100 1734172 2.079904651
87 21 3 100 7704 2.080017286
126 235 3 100 17563 2.080026942
96 28 3 100 7401588 2.080073306
42 186 3 100 3138596 2.080090200
19 52 3 100 7437 2.080127116
37 146 3 100 732984 2.080143729
43 66 3 100 29618 2.080150640
115 250 3 100 38286 2.080222754
63 14 3 100 43112 2.080230614
81 150 3 100 1978924 2.080287682
72 86 3 100 674004 2.080440998
47 167 3 100 31938 2.080528508
28 124 3 100 882094 2.080558215
125 244 3 100 4802 2.080577156
91 93 3 100 55721 2.080581974
97 250 3 100 207537 2.080665604
82 19 3 100 24540 2.080738906
22 213 3 100 58305 2.080811166
10 90 3 100 64858 2.080826158
29 240 3 100 781 2.080831803
60 84 3 100 57686 2.080840888
73 243 3 100 23079 2.080842444
46 30 3 100 73293 2.080878617
13 141 3 100 1592191 2.080882717
62 97 3 100 4914812 2.080907385
97 155 3 100 5675 2.080933056
103 82 3 100 67767 2.080995182
76 250 3 100 559387 2.081040596
14 1 3 100 17313 2.081082981
77 250 3 100 57307 2.081117873
49 24 3 100 7785278 2.081167498
111 165 3 100 290424 2.081234959
35 101 3 100 69730 2.081275898
70 138 3 100 19652 2.081284106
79 103 3 100 23592012 2.081290933
21 205 3 100 3536114 2.081312846
30 87 3 100 5044 2.081373606
31 134 3 100 4093035 2.081385464
36 89 3 100 4636563 2.081390286
97 201 3 100 91286 2.081431848
118 91 3 100 1329559 2.081436922
14 165 3 100 720537 2.081455720
114 107 3 100 354141 2.081487295
37 246 3 100 1823803 2.081502527
34 115 3 100 60165 2.081527427
8 132 3 100 62594 2.081529668
8 228 3 100 691730 2.081605808
92 93 3 100 122923 2.081613223
73 177 3 100 53215 2.081620913
95 85 3 100 55378 2.081665316
20 228 3 100 4246289 2.081717145
64 11 3 100 40016 2.081722554
65 231 3 100 4214406 2.081733378
125 45 3 100 7042 2.081734681
113 137 3 100 1504472 2.081791722
48 122 3 100 1384826 2.081862180
68 157 3 100 71537 2.081887767
28 69 3 100 1028988 2.081893399
68 202 3 100 5079 2.081909971
48 94 3 100 1277 2.081931577
20 172 3 100 1782796 2.081936434
51 17 3 100 784 2.081942454
44 235 3 100 829519 2.081972602
87 61 3 100 6776881 2.082038149
33 181 3 100 75579 2.082045210
127 90 3 100 42757 2.082056010
96 186 3 100 103674 2.082085130
101 87 3 100 7101530 2.082156160
99 180 3 100 47291 2.082172774
40 44 3 100 9739 2.082193900
78 193 3 100 24189210 2.082344446
108 19 3 100 125337 2.082346349
66 211 3 100 26607 2.082372987
15 19 3 100 2716 2.082475942
97 185 3 100 15688 2.082560288
13 109 3 100 179147 2.082581078
51 157 3 100 5626 2.082609733
6 42 3 100 1229236 2.082637325
90 163 3 100 9982 2.082645400
117 57 3 100 40429 2.082706980
92 185 3 100 7887429 2.082804817
116 43 3 100 22522 2.082852688
10 135 3 100 77199 2.082880107
75 32 3 100 4637951 2.083034419
116 183 3 100 45928 2.083038492
18 33 3 100 74570 2.083048084
47 201 3 100 4685678 2.083079890
30 11 3 100 3268 2.083114584
54 136 3 100 2357889 2.083166457
64 57 3 100 19967 2.083193812
26 213 3 100 8940 2.083212790
55 48 3 100 15674 2.083268713
68 201 3 100 712419 2.083298368
118 107 3 100 42765 2.083376420
6 168 3 100 1631662 2.083381881
89 19 3 100 18590 2.083387740
51 132 3 100 75228 2.083460637
54 108 3 100 18178 2.083501943
13 189 3 100 1103583 2.083512198
96 79 3 100 4403437 2.083516557
50 156 3 100 19164934 2.083582589
124 11 3 100 1006 2.083599829
82 249 3 100 3688 2.083622767
27 31 3 100 1655799 2.083623074
75 146 3 100 16946126 2.083626821
55 50 3 100 48960 2.083634390
118 243 3 100 1921843 2.083703809
111 7 3 100 6856 2.083709599
125 179 3 100 1474837 2.083772255
119 82 3 100 1725131 2.083823791
103 116 3 100 33877 2.083860275
124 159 3 100 8144703 2.083896375
103 31 3 100 959544 2.083915472
87 161 3 100 3238 2.083926634
44 36 3 100 1170024 2.083929257
58 132 3 100 3853003 2.083934721
28 67 3 100 735 2.083955035
126 168 3 100 2051410 2.083993424
23 103 3 100 37611 2.084025575
86 135 3 100 472880 2.084036064
108 54 3 100 6442882 2.084069016
61 185 3 100 69715 2.084191357
28 65 3 100 11672 2.084222183
47 166 3 100 17819 2.084250444
65 34 3 100 36645 2.084258342
127 152 3 100 1505390 2.084339155
57 114 3 100 24926 2.084367522
21 242 3 100 4420349 2.084469290
31 95 3 100 1015247 2.084544146
120 204 3 100 18769 2.084572801
83 18 3 100 39625 2.084575185
126 218 3 100 7785944 2.084584123
83 91 3 100 1137149 2.084666256
83 196 3 100 4753 2.084821915
56 76 3 100 12184 2.084880845
122 229 3 100 56032 2.084883074
79 0 3 100 211231 2.084902741
90 159 3 100 6082762 2.084989960
41 25 3 100 6949910 2.085026557
124 220 3 100 159827 2.085033663
81 126 3 100 62706 2.085034140
24 208 3 100 68721 2.085041862
115 119 3 100 19720 2.085143134
79 180 3 100 60809 2.085150693
27 112 3 100 668 2.085162127
102 131 3 100 52427 2.085173570
33 38 3 100 1035369 2.085243271
24 113 3 100 24141 2.085293464
47 249 3 100 1176438 2.085307045
52 51 3 100 18115214 2.085307167
112 249 3 100 29511 2.085310926
43 66 3 100 4566 2.085315429
35 159 3 100 1417907 2.085329954
0 9 3 100 418235 2.085330348
76 146 3 100 155306 2.085342335
87 15 3 100 1918071 2.085344682
90 156 3 100 141027 2.085358916
123 100 3 100 2903062 2.085400965
91 194 3 100 1589206 2.085487004
87 106 3 100 7674971 2.085573554
13 147 3 100 1897 2.085576671
93 67 3 100 23151 2.085590583
73 221 3 100 591784 2.085659047
76 211 3 100 76855 2.085679098
92 121 3 100 4994388 2.085693700
4 153 3 100 1138423 2.085728964
102 33 3 100 37516 2.085756829
37 224 3 100 18054858 2.085783217
1 4 3 100 1703289 2.085807897
30 157 3 100 54140 2.085836209
59 50 3 100 1745675 2.085840727
14 188 3 100 28844 2.085883656
75 5 3 100 28968 2.085888175
30 175 3 100 65468 2.085982428
56 81 3 100 2921932 2.086142991
31 210 3 100 21753 2.086187069
113 54 3 100 42335 2.086261791
6 174 3 100 26844 2.086291778
103 117 3 100 18136132 2.086294149
62 189 3 100 357 2.086370164
59 108 3 100 57923 2.086390817
103 155 3 100 30531 2.086410385
18 210 3 100 1320805 2.086439412
85 107 3 100 50114 2.086487312
0 247 3 100 45298 2.086524202
13 125 3 100 1227002 2.086656839
51 215 3 100 15517 2.086720287
117 34 3 100 1413313 2.086777466
16 255 3 100 5356484 2.086781432
86 122 3 100 376651 2.086782963
60 151 3 100 55866 2.086860685
17 55 3 100 10821 2.086933169
10 213 3 100 7520 2.086953473
18 124 3 100 4773885 2.086957984
119 155 3 100 26965 2.086977991
66 110 3 100 58027 2.087004968
84 181 3 100 4188378 2.087030451
107 210 3 100 1303456 2.087106158
39 76 3 100 55800 2.087172343
95 147 3 100 564615 2.087176398
55 21 3 100 3541470 2.087179618
93 85 3 100 1960 2.087215292
95 202 3 100 183461 2.087240497
107 83 3 100 518150 2.087272126
33 204 3 100 7409157 2.087359978
94 119 3 100 1660 2.087382662
8 225 3 100 103 2.087430964
5 0 3 100 26075 2.087489631
103 192 3 100 21338 2.087513214
113 106 3 100 23622 2.087531474
62 17 3 100 48070 2.087543743
63 30 3 100 97185 2.087563002
125 160 3 100 8670 2.087563742
62 117 3 100 60788 2.087569684
121 149 3 100 74618 2.087582044
125 29 3 100 2462 2.087608195
93 203 3 100 15234 2.087628955
36 106 3 100 23036 2.087630638
124 216 3 100 8131 2.087756086
116 221 3 100 3893728 2.087885781
64 109 3 100 7330141 2.087891675
78 174 3 100 131510 2.087951302
102 23 3 100 52694 2.088010894
18 0 3 100 2866320 2.088025246
34 239 3 100 28403 2.088062398
116 55 3 100 44770 2.088096870
93 161 3 100 46633 2.088123090
61 86 3 100 622377 2.088232049
22 217 3 100 43124 2.088274990
20 97 3 100 23248740 2.088306688
5 219 3 100 46541 2.088362712
39 23 3 100 193844 2.088368580
58 97 3 100 1227 2.088423245
38 230 3 100 36186 2.088564431
27 99 3 100 50110 2.088643428
86 117 3 100 7971821 2.088738428
83 177 3 100 464502 2.088849805
19 45 3 100 75948 2.088874805
95 163 3 100 384148 2.088880607
57 170 3 100 136624 2.088975325
8 94 3 100 75365 2.088985568
60 207 3 100 3147 2.089029975
22 123 3 100 8397442 2.089033762
96 192 3 100 77616 2.089053073
15 64 3 100 8721377 2.089153702
84 128 3 100 74056 2.089209299
1 9 3 100 67368 2.089216988
56 180 3 100 34156 2.089247379
67 121 3 100 456365 2.089328683
9 208 3 100 3705572 2.089361318
39 58 3 100 23227 2.089367704
113 227 3 100 1091404 2.089395734
88 89 3 100 508160 2.089423987
31 168 3 100 21101 2.089470840
95 125 3 100 20591 2.089481658
3 198 3 100 6326651 2.089563358
87 82 3 100 47006 2.089648746
6 109 3 100 47928 2.089691776
23 166 3 100 7294 2.089700755
126 100 3 100 52899 2.089705620
90 212 3 100 27135 2.089740575
41 106 3 100 1493282 2.089766654
60 185 3 100 40951 2.089779916
86 22 3 100 180700 2.089780463
67 176 3 100 2835342 2.089796869
45 127 3 100 9756 2.089839563
30 223 3 100 1439240 2.089915831
30 37 3 100 926603 2.089971059
61 208 3 100 27955 2.089992769
59 1 3 100 30392 2.089998436
89 13 3 100 1285 2.090046923
62 212 3 100 606548 2.090100428
118 114 3 100 41002 2.090156548
49 235 3 100 14860939 2.090247331
79 13 3 100 250012 2.090294350
125 219 3 100 78989 2.090398037
40 44 3 100 177068 2.090411268
42 253 3 100 34048 2.090429359
79 114 3 100 14395 2.090435991
38 222 3 100 60608 2.090436734
83 202 3 100 6811644 2.090625098
9 66 3 100 581402 2.090626899
126 121 3 100 684163 2.090668417
28 229 3 100 1102226 2.090709678
47 56 3 100 17677 2.090753212
97 66 3 100 198915 2.090823540
26 167 3 100 983095 2.090832821
89 97 3 100 106081 2.090836951
71 206 3 100 31790 2.090865044
61 227 3 100 662529 2.090881088
56 55 3 100 44895 2.091054999
0 211 3 100 5522 2.091055032
79 63 3 100 3822 2.091075206
111 217 3 100 3578355 2.091129268
79 108 3 100 28174 2.091221881
85 249 3 100 15095 2.091224647
121 6 3 100 2537936 2.091265090
77 20 3 100 65078 2.091299965
36 149 3 100 27509 2.091330564
49 2 3 100 5558635 2.091432899
81 175 3 100 95866 2.091440360
20 107 3 100 31121 2.091494424
12 248 3 100 368443 2.091530398
118 37 3 100 175 2.091645282
31 254 3 100 61770 2.091667791
49 97 3 100 66403 2.091733086
115 168 3 100 74583 2.091747555
116 72 3 100 5706 2.091794242
121 201 3 100 186981 2.091843805
14 6 3 100 589455 2.091864866
76 190 3 100 9414 2.091888118
36 46 3 100 26836490 2.091892916
12 251 3 100 7175346 2.091895079
41 26 3 100 296385 2.091904551
89 228 3 100 5309 2.092004111
88 147 3 100 1012632 2.092137004
81 82 3 100 9609038 2.092149837
49 221 3 100 3665 2.092171772
118 77 3 100 21733 2.092212056
83 194 3 100 1541563 2.092226697
35 84 3 100 146239 2.092252195
58 21 3 100 17263 2.092268443
1 252 3 100 1075 2.092374320
23 54 3 100 72989 2.092387176
68 231 3 100 57 2.092400252
57 55 3 100 8185338 2.092402651
9 173 3 100 4167239 2.092414823
77 5 3 100 3191 2.092438631
0 57 3 100 6655 2.092496460
79 220 3 100 104140 2.092511912
77 210 3 100 1085241 2.092607120
14 70 3 100 27296 2.092630816
83 84 3 100 696180 2.092677685
6 106 3 100 68540 2.092690998
91 215 3 100 5454204 2.092694978
91 33 3 100 26320 2.092700081
37 186 3 100 14291449 2.092742611
17 131 3 100 34615 2.092845034
9 119 3 100 154311 2.092854728
121 233 3 100 12398 2.092975296
15 41 3 100 1958064 2.093014238
116 240 3 100 41391 2.093035365
91 107 3 100 2280764 2.093082239
103 255 3 100 73422 2.093095594
115 83 3 100 1207111 2.093197045
37 80 3 100 1782 2.093216841
64 160 3 100 1870153 2.093262603
84 49 3 100 3048643 2.093271471
97 144 3 100 982108 2.093338891
17 31 3 100 91054 2.093339285
116 151 3 100 13302427 2.093368089
70 72 3 100 28748 2.093379472
84 252 3 100 20601 2.093381940
8 84 3 100 49901 2.093519536
71 158 3 100 194774 2.093559116
113 136 3 100 638823 2.093648092
16 21 3 100 26149 2.093676799
76 195 3 100 8372 2.093679679
73 96 3 100 53053 2.093732509
8 203 3 100 922 2.093733774
94 31 3 100 1485972 2.093821755
112 130 3 100 61350 2.093830215
20 141 3 100 1613020 2.093983768
101 145 3 100 40345 2.093988961
9 119 3 100 62554 2.094082157
78 171 3 100 11111 2.094204539
95 127 3 100 34039 2.094258298
71 222 3 100 2210 2.094329903
35 11 3 100 1505775 2.094475420
5 199 3 100 1495629 2.094497337
67 82 3 100 21078 2.094501294
87 163 3 100 1470 2.094637585
79 49 3 100 79158 2.094678939
85 162 3 100 1726366 2.094838818
102 189 3 100 4686361 2.094908746
8 127 3 100 18263 2.094928381
116 135 3 100 1157187 2.095064146
102 163 3 100 4040069 2.095084829
34 6 3 100 216 2.095104280
45 139 3 100 23465 2.095107557
52 47 3 100 14657 2.095174260
18 248 3 100 6847 2.095192148
118 17 3 100 70673 2.095194381
42 180 3 100 2281727 2.095240281
115 80 3 100 21746 2.095305372
72 82 3 100 18058 2.095399823
93 232 3 100 160865 2.095527563
28 38 3 100 34061 2.095594046
113 234 3 100 2217770 2.095649478
75 119 3 100 591014 2.095655702
118 6 3 100 60510 2.095731371
9 138 3 100 3487266 2.095757826
13 77 3 100 1017843 2.095778609
57 200 3 100 17609 2.095786492
27 18 3 100 41020 2.095792212
26 150 3 100 1093585 2.095799992
112 58 3 100 18138 2.095825350
27 231 3 100 4477519 2.095890325
0 198 3 100 1511121 2.096044543
124 78 3 100 381270 2.096047130
122 112 3 100 247909 2.096073344
13 130 3 100 49705 2.096186588
123 69 3 100 1096364 2.096189944
40 226 3 100 5809 2.096242680
122 255 3 100 2539 2.096291835
47 154 3 100 4901 2.096330587
13 153 3 100 2898 2.096394365
64 27 3 100 175573 2.096397072
113 216 3 100 71218 2.096437357
4 170 3 100 39335 2.096460276
37 139 3 100 205190 2.096495405
58 103 3 100 1614 2.096510540
3 189 3 100 70358 2.096531435
13 207 3 100 30528 2.096928792
75 18 3 100 73027 2.096979438
12 149 3 100 66011 2.097231463
35 13 3 100 184231 2.097286693
67 202 3 100 19620 2.097492842
37 248 3 100 1209392 2.097679147
59 251 3 100 18549 2.097884728
118 196 3 100 685781 2.098020364
49 242 3 100 18189 2.098277578
52 183 3 100 61313 2.098362838
58 4 3 100 6298 2.098451898
67 220 3 100 21621 2.098735668
76 38 3 100 1029723 2.098790355
9 130 3 100 24591 2.099341719
3 33 3 100 102503 2.099387193
59 250 3 100 44439 2.099445858
122 32 3 100 34479 2.099943925
