2619 
91 73 3 100 41196 2.000001583
75 114 3 100 3377 2.000004748
3 96 3 100 9591 2.000024959
116 88 3 100 27407 2.000080490
76 23 3 100 530224 2.000091413
21 139 3 100 3414 2.000136328
43 59 3 100 60537 2.000152453
124 72 3 100 28843 2.000164614
94 27 3 100 1121912 2.000255191
125 57 3 100 3163 2.000257440
77 70 3 100 8510 2.000262060
111 234 3 100 193971 2.000263074
81 85 3 100 6120 2.000290156
3 68 3 100 2745625 2.000340418
36 13 3 100 584 2.000560613
40 28 3 100 8078 2.000596352
21 33 3 100 6368044 2.000661867
35 211 3 100 1699899 2.000710386
92 3 3 100 1452224 2.000710641
0 112 3 100 1017396 2.000732991
39 119 3 100 63695 2.000745518
89 114 3 100 38370 2.000762214
26 64 3 100 870701 2.000774752
64 242 3 100 2623889 2.000868654
56 67 3 100 168839 2.000920544
18 74 3 100 1990334 2.000953339
15 42 3 100 2522439 2.000958705
85 97 3 100 4414905 2.001006082
85 107 3 100 36194 2.001009836
124 134 3 100 31305 2.001077200
63 84 3 100 3862 2.001094209
15 76 3 100 23847 2.001095218
81 40 3 100 6979 2.001123436
96 49 3 100 48333 2.001142875
85 5 3 100 6577305 2.001160728
76 148 3 100 7849263 2.001170412
116 29 3 100 204082 2.001236801
5 75 3 100 8233 2.001243128
28 67 3 100 3013 2.001287607
19 101 3 100 79714 2.001318636
2 17 3 100 47107 2.001327762
75 233 3 100 5544941 2.001440740
14 50 3 100 56958 2.001467449
116 107 3 100 1400739 2.001478903
65 9 3 100 26484 2.001547352
53 40 3 100 29244818 2.001554363
19 68 3 100 49824 2.001587665
67 131 3 100 21687 2.001604607
15 41 3 100 5861 2.001615416
8 6 3 100 275054 2.001700335
57 71 3 100 23903 2.001775874
115 44 3 100 6393 2.001802262
90 18 3 100 37505 2.001926691
65 205 3 100 18452804 2.001948429
78 117 3 100 174079 2.001949793
52 28 3 100 5527964 2.001959916
120 81 3 100 14250 2.001981598
62 96 3 100 1769623 2.002002286
62 89 3 100 46892 2.002014675
111 162 3 100 622490 2.002021627
42 106 3 100 43767 2.002171960
94 57 3 100 607 2.002264150
126 124 3 100 2147612 2.002279248
52 71 3 100 511 2.002333195
123 91 3 100 59879 2.002359880
34 188 3 100 336800 2.002404961
75 108 3 100 9080 2.002420269
26 70 3 100 22829 2.002428446
28 127 3 100 1654584 2.002447355
57 16 3 100 51308 2.002462274
25 94 3 100 672739 2.002492316
119 134 3 100 628 2.002494653
126 101 3 100 3929 2.002506081
9 19 3 100 18057 2.002540478
53 65 3 100 23200286 2.002554421
49 16 3 100 47903 2.002559638
125 116 3 100 520929 2.002601826
49 252 3 100 167358 2.002624577
91 67 3 100 22859 2.002653279
8 121 3 100 3720718 2.002656571
126 72 3 100 21772 2.002706749
52 75 3 100 25139 2.002789353
94 103 3 100 2478784 2.002804242
1 139 3 100 25905 2.002815092
102 33 3 100 2113962 2.002867016
113 69 3 100 20858 2.002890472
63 58 3 100 3166512 2.002901879
44 53 3 100 76383 2.002937432
20 63 3 100 66064 2.002944231
100 221 3 100 49370 2.002974877
53 80 3 100 282214 2.002996160
115 40 3 100 6665585 2.002998899
29 66 3 100 9866985 2.003011422
39 85 3 100 11549 2.003019580
113 51 3 100 3619 2.003070714
79 133 3 100 25088072 2.003163539
32 50 3 100 15379 2.003226626
75 103 3 100 3183386 2.003273535
34 37 3 100 76235 2.003353369
109 40 3 100 157880 2.003355464
64 119 3 100 11150 2.003396893
55 248 3 100 3391034 2.003446713
111 36 3 100 70398 2.003478886
87 112 3 100 4814923 2.003493580
55 76 3 100 62948 2.003513921
100 72 3 100 1990 2.003663125
57 88 3 100 16353 2.003704710
106 166 3 100 17827 2.003777930
63 77 3 100 525 2.003790119
101 61 3 100 30494 2.003899435
19 87 3 100 41299 2.003900537
33 83 3 100 11362 2.004031228
50 90 3 100 9218650 2.004066234
91 176 3 100 7223 2.004071909
95 36 3 100 15744 2.004089700
27 123 3 100 45076 2.004105635
57 22 3 100 28596 2.004109949
93 50 3 100 2201 2.004145212
90 15 3 100 5257684 2.004159920
5 179 3 100 4325277 2.004173563
96 37 3 100 7361 2.004182476
28 62 3 100 7907 2.004189824
61 101 3 100 22396 2.004195379
33 97 3 100 99337 2.004280132
102 26 3 100 52080 2.004331641
98 173 3 100 129693 2.004374213
37 92 3 100 2757419 2.004418375
105 85 3 100 60533 2.004479879
48 8 3 100 75129 2.004521717
18 61 3 100 37242 2.004527308
101 47 3 100 1066197 2.004554888
27 245 3 100 28330 2.004556833
16 50 3 100 926 2.004689774
113 100 3 100 143265 2.004705129
18 11 3 100 21555966 2.004752615
28 20 3 100 3207629 2.004789208
58 27 3 100 1305425 2.004798148
80 177 3 100 1722784 2.004800138
86 40 3 100 640904 2.004824443
96 36 3 100 150188 2.004876199
3 104 3 100 56696 2.004940427
126 82 3 100 3911483 2.004977286
63 6 3 100 113223 2.005002563
66 221 3 100 7598 2.005089519
64 125 3 100 15172 2.005095624
67 102 3 100 364450 2.005143482
107 23 3 100 27013 2.005177908
91 126 3 100 156650 2.005330707
88 95 3 100 1268973 2.005377977
48 249 3 100 35889 2.005420027
74 40 3 100 9174 2.005451771
112 97 3 100 92179 2.005507552
14 49 3 100 192765 2.005560946
118 6 3 100 1793822 2.005600978
8 100 3 100 54400 2.005608385
82 191 3 100 1629374 2.005623783
45 37 3 100 71448 2.005703646
43 14 3 100 1033339 2.005709599
18 104 3 100 518861 2.005727394
66 54 3 100 5497 2.005738435
67 112 3 100 22505 2.005757959
69 171 3 100 44828 2.005839797
43 88 3 100 32731 2.005846056
88 4 3 100 9737 2.005867357
116 70 3 100 4808608 2.005920418
20 85 3 100 37471 2.005943050
19 45 3 100 23840 2.005992605
65 180 3 100 3634383 2.006085290
107 66 3 100 1130921 2.006088983
19 4 3 100 94416 2.006179238
26 54 3 100 40511 2.006200455
62 54 3 100 1631996 2.006279751
1 32 3 100 4065701 2.006329346
88 207 3 100 6849 2.006341319
114 62 3 100 15911 2.006348531
17 89 3 100 530452 2.006360680
46 91 3 100 143854 2.006401052
1 22 3 100 1022917 2.006423799
98 75 3 100 616145 2.006480546
93 210 3 100 37375 2.006511248
49 70 3 100 8875716 2.006541754
36 33 3 100 28376 2.006552398
18 98 3 100 67702 2.006577843
70 68 3 100 210438 2.006639492
10 64 3 100 2955697 2.006673196
77 202 3 100 20720 2.006695949
119 118 3 100 27314 2.006709263
106 100 3 100 6635 2.006802128
24 26 3 100 877206 2.006854746
118 14 3 100 5565 2.006901762
33 15 3 100 32730 2.006904332
28 230 3 100 7532 2.006938376
67 98 3 100 6746633 2.007003757
97 65 3 100 274434 2.007005018
22 90 3 100 20051 2.007053149
115 15 3 100 61432 2.007061048
51 41 3 100 3722510 2.007069171
58 243 3 100 50254 2.007104339
81 75 3 100 75642 2.007116637
120 97 3 100 35593 2.007197693
25 16 3 100 5376826 2.007253239
90 40 3 100 59 2.007261768
7 121 3 100 65293 2.007275110
79 148 3 100 284674 2.007300270
41 79 3 100 28681 2.007316151
75 34 3 100 9496424 2.007370903
3 105 3 100 25016 2.007374956
116 14 3 100 194977 2.007453548
75 79 3 100 10499 2.007475111
9 136 3 100 192494 2.007496376
1 59 3 100 9515 2.007506658
4 102 3 100 40230 2.007528374
12 72 3 100 2600999 2.007545627
43 90 3 100 115304 2.007566500
4 5 3 100 24942 2.007603712
90 195 3 100 40914 2.007624344
85 23 3 100 1914837 2.007699472
92 58 3 100 1039703 2.007734251
71 11 3 100 14906282 2.007778172
8 0 3 100 166133 2.007795601
123 20 3 100 119861 2.007810727
42 185 3 100 105090 2.007990634
86 12 3 100 53713 2.008007071
45 24 3 100 765087 2.008008725
38 125 3 100 1964861 2.008043864
101 33 3 100 5798 2.008113810
110 41 3 100 905498 2.008130341
100 229 3 100 5300 2.008228910
73 96 3 100 20953 2.008229099
6 88 3 100 29934515 2.008240213
112 55 3 100 1027819 2.008358114
62 27 3 100 9465586 2.008417900
125 58 3 100 9930172 2.008430405
124 219 3 100 25665 2.008441697
122 6 3 100 69145 2.008447310
119 35 3 100 17677 2.008667945
119 104 3 100 2217 2.008705527
73 51 3 100 2684392 2.008734321
126 87 3 100 19188 2.008790053
15 233 3 100 6698 2.008813337
77 80 3 100 849997 2.008846029
108 7 3 100 29526 2.008898102
19 99 3 100 19702 2.008928762
108 91 3 100 1483909 2.008940668
92 16 3 100 1672045 2.008942672
60 167 3 100 171671 2.008958584
41 53 3 100 27292 2.008970710
90 61 3 100 876487 2.009044320
91 78 3 100 8772991 2.009146996
124 48 3 100 9856280 2.009167657
36 56 3 100 1968491 2.009197003
19 239 3 100 166019 2.009246226
10 48 3 100 7093 2.009298447
9 42 3 100 3793932 2.009323553
79 114 3 100 29649 2.009336404
111 12 3 100 9081366 2.009355890
105 103 3 100 809761 2.009371774
119 234 3 100 23703 2.009395698
47 44 3 100 54953 2.009404938
31 111 3 100 67853 2.009447839
63 7 3 100 16245 2.009456580
91 114 3 100 2424770 2.009512685
111 84 3 100 880178 2.009513897
69 129 3 100 49461 2.009527533
98 68 3 100 2766358 2.009661702
111 84 3 100 1510906 2.009672331
88 74 3 100 47542 2.009705444
2 78 3 100 46378 2.009722204
30 116 3 100 29347 2.009727865
125 150 3 100 2508 2.009735331
75 30 3 100 167924 2.009794859
5 42 3 100 1407270 2.009938219
28 91 3 100 9391582 2.009944125
112 79 3 100 1811343 2.009945479
6 64 3 100 27854 2.009993868
63 160 3 100 7412590 2.010003614
24 30 3 100 20638 2.010033648
117 113 3 100 43697 2.010084042
23 89 3 100 195156 2.010105132
101 119 3 100 546129 2.010125850
84 18 3 100 12598233 2.010143983
99 152 3 100 60573 2.010156363
88 6 3 100 8446 2.010223878
74 101 3 100 8770 2.010272464
21 79 3 100 1394171 2.010274435
7 8 3 100 43188 2.010300164
71 58 3 100 5962 2.010317242
27 235 3 100 29836 2.010330240
126 28 3 100 29001 2.010351568
7 68 3 100 9015 2.010362891
49 127 3 100 4202857 2.010390343
46 47 3 100 838669 2.010407683
72 23 3 100 1109314 2.010462637
85 215 3 100 20305 2.010466139
61 28 3 100 277332 2.010468153
22 106 3 100 1398 2.010540597
60 4 3 100 61655 2.010654379
72 60 3 100 1997265 2.010686641
41 46 3 100 164717 2.010734196
66 195 3 100 50942 2.010825225
12 55 3 100 56394 2.010833634
76 113 3 100 9475 2.010855274
96 92 3 100 1250 2.010934604
69 75 3 100 90209 2.010957962
101 24 3 100 1854299 2.010987246
12 227 3 100 14413299 2.011040853
13 18 3 100 11901517 2.011053520
118 33 3 100 38779 2.011146580
2 77 3 100 184664 2.011176220
13 2 3 100 33874 2.011189989
42 113 3 100 6959263 2.011254436
77 180 3 100 58407 2.011317473
99 57 3 100 6511339 2.011376005
76 120 3 100 53162 2.011406421
104 122 3 100 5445 2.011468098
23 55 3 100 20515 2.011480590
22 27 3 100 29754 2.011520920
22 213 3 100 189828 2.011533759
14 101 3 100 1180636 2.011548596
99 76 3 100 3972839 2.011554130
109 80 3 100 1902041 2.011579857
62 88 3 100 61575 2.011598232
110 77 3 100 1353038 2.011612121
78 173 3 100 34738 2.011671323
41 21 3 100 68686 2.011729775
71 43 3 100 29866302 2.011750484
40 7 3 100 34539 2.011752387
53 52 3 100 26821 2.011791285
108 113 3 100 9117874 2.011872548
51 137 3 100 8007203 2.011877933
66 121 3 100 699310 2.011879181
125 115 3 100 3969221 2.011888941
75 84 3 100 132744 2.011893575
60 123 3 100 71341 2.011922296
39 44 3 100 18194 2.011943191
123 244 3 100 27881 2.011948083
85 3 3 100 53561 2.011969401
97 76 3 100 939172 2.012022832
107 85 3 100 803943 2.012057470
73 104 3 100 59901 2.012082185
114 6 3 100 14753393 2.012223535
38 199 3 100 133921 2.012257676
87 45 3 100 2115 2.012285067
107 0 3 100 5458281 2.012286791
107 9 3 100 114631 2.012347237
68 107 3 100 30704 2.012398671
53 102 3 100 8199022 2.012400693
40 133 3 100 1289952 2.012524029
68 31 3 100 1103749 2.012533757
107 121 3 100 36363 2.012535119
38 29 3 100 77463 2.012535312
101 21 3 100 4165 2.012567703
11 49 3 100 5047494 2.012715830
7 149 3 100 62700 2.012721067
24 0 3 100 874371 2.012746953
118 113 3 100 52062 2.012806003
15 96 3 100 8122 2.012825569
80 107 3 100 45986 2.012846400
105 71 3 100 10883876 2.012869883
124 169 3 100 1400514 2.012912552
24 67 3 100 1262074 2.012958350
110 31 3 100 29968 2.013028172
82 101 3 100 1832821 2.013042559
111 120 3 100 4573603 2.013045524
38 83 3 100 16514107 2.013057512
22 223 3 100 211605 2.013080891
64 74 3 100 36037 2.013094537
81 59 3 100 64886 2.013109706
65 89 3 100 4922272 2.013124392
4 62 3 100 1104 2.013172922
104 117 3 100 120687 2.013216310
90 240 3 100 48809 2.013336942
26 90 3 100 53017 2.013400388
22 53 3 100 2206893 2.013456973
88 100 3 100 8551 2.013702379
71 47 3 100 4040538 2.013784842
98 10 3 100 79738 2.013804967
65 133 3 100 5988868 2.013822712
10 66 3 100 2141767 2.013874799
16 106 3 100 20803 2.013963585
66 36 3 100 265425 2.013985548
84 46 3 100 47311 2.014067600
3 110 3 100 1505479 2.014127645
92 226 3 100 2994 2.014156419
57 64 3 100 6182 2.014185024
83 14 3 100 54570 2.014324112
95 10 3 100 1486327 2.014350812
99 115 3 100 1126 2.014353298
37 59 3 100 1407933 2.014404477
18 218 3 100 24958 2.014476896
52 55 3 100 27656 2.014478395
113 12 3 100 76886 2.014502523
59 116 3 100 26861 2.014527843
125 127 3 100 23445 2.014533412
10 108 3 100 2925732 2.014600588
46 198 3 100 1168068 2.014607878
6 108 3 100 5559643 2.014641717
78 68 3 100 47737 2.014748086
49 65 3 100 30979 2.014752391
65 37 3 100 4149 2.014777505
20 82 3 100 73605 2.014802271
111 171 3 100 79859 2.014820688
21 115 3 100 17940358 2.014854295
114 109 3 100 42469 2.014963736
63 72 3 100 9799060 2.015017909
14 69 3 100 13368 2.015023166
88 117 3 100 9822469 2.015026968
69 233 3 100 3352 2.015037020
122 112 3 100 6722 2.015049376
114 21 3 100 6729 2.015150390
91 76 3 100 5730644 2.015165043
83 111 3 100 1345167 2.015188299
96 28 3 100 21748 2.015220436
68 230 3 100 4364 2.015243039
98 36 3 100 20867 2.015256717
108 101 3 100 1818621 2.015306356
30 31 3 100 1936925 2.015361295
107 50 3 100 3545 2.015387012
88 62 3 100 12735 2.015404224
66 176 3 100 2265 2.015408828
126 70 3 100 6839244 2.015421542
59 68 3 100 1262752 2.015520461
34 96 3 100 45379 2.015528659
20 77 3 100 77872 2.015624267
41 119 3 100 8025 2.015666872
51 147 3 100 57439 2.015676864
25 41 3 100 66398 2.015740346
123 125 3 100 1000 2.015742475
13 111 3 100 10672 2.015762774
95 6 3 100 65426 2.015785549
52 33 3 100 96368 2.015810950
126 157 3 100 24977 2.015816357
20 93 3 100 2610 2.015999845
124 56 3 100 53290 2.016005014
97 42 3 100 26603 2.016022048
112 59 3 100 24117 2.016090943
72 36 3 100 2716734 2.016101303
99 151 3 100 32769 2.016144897
3 124 3 100 865078 2.016152669
21 35 3 100 2802 2.016160914
31 62 3 100 41180 2.016165751
23 105 3 100 6348838 2.016178026
35 121 3 100 37271 2.016230187
74 208 3 100 42393 2.016267139
71 3 3 100 93271 2.016277028
67 48 3 100 4522957 2.016283070
47 10 3 100 23392 2.016300277
117 48 3 100 587856 2.016311206
0 1 3 100 193957 2.016320030
123 255 3 100 4636256 2.016398716
116 76 3 100 58360 2.016403625
9 92 3 100 729733 2.016416764
57 29 3 100 54932 2.016533555
41 59 3 100 30624 2.016584183
0 97 3 100 5986 2.016595285
118 203 3 100 71291 2.016624847
9 91 3 100 1487596 2.016636053
98 75 3 100 58659 2.016649805
123 88 3 100 19155 2.016705825
7 68 3 100 26884 2.016727713
11 78 3 100 15206 2.016798605
96 145 3 100 1638915 2.016821299
91 5 3 100 21522 2.016829268
81 55 3 100 25054999 2.016829967
81 59 3 100 21773258 2.016864811
69 125 3 100 227732 2.016882879
18 65 3 100 5804 2.016942866
60 178 3 100 19743 2.016978071
25 74 3 100 126342 2.016993681
106 42 3 100 27684 2.017044727
14 15 3 100 90154 2.017056010
40 42 3 100 613238 2.017119670
117 80 3 100 2542458 2.017132800
86 228 3 100 1007158 2.017184740
73 85 3 100 231448 2.017219114
57 40 3 100 134465 2.017236018
15 120 3 100 24989 2.017262343
117 91 3 100 1706 2.017263052
51 57 3 100 1720027 2.017263728
52 141 3 100 439260 2.017293325
74 5 3 100 50070 2.017307709
12 127 3 100 840 2.017338099
33 23 3 100 17804 2.017347912
101 39 3 100 41831 2.017360830
17 77 3 100 23673 2.017371309
97 152 3 100 80196 2.017456008
50 59 3 100 610 2.017465868
111 82 3 100 59178 2.017483951
23 92 3 100 946429 2.017514971
107 105 3 100 54985 2.017588103
113 16 3 100 70184 2.017592997
83 130 3 100 202310 2.017684446
66 60 3 100 4870 2.017806660
32 6 3 100 27474 2.017813979
63 78 3 100 184 2.017840513
96 87 3 100 41948 2.017962606
15 85 3 100 26353 2.018010506
13 170 3 100 8758 2.018194539
94 58 3 100 16670563 2.018198109
72 27 3 100 39472 2.018232105
45 55 3 100 66555 2.018287578
54 70 3 100 8090826 2.018317037
26 106 3 100 24692 2.018381316
93 175 3 100 7028265 2.018475063
98 122 3 100 76007 2.018515398
16 88 3 100 88809 2.018535968
59 106 3 100 26847 2.018544069
51 34 3 100 18464 2.018588615
1 19 3 100 3001048 2.018612797
5 152 3 100 22762 2.018652051
7 32 3 100 10573 2.018706530
4 126 3 100 78394 2.018713720
44 103 3 100 18389 2.018720371
33 107 3 100 50204 2.018768054
111 14 3 100 23602825 2.018785405
97 171 3 100 31834 2.018807102
116 122 3 100 7522428 2.018807247
94 38 3 100 7782089 2.018819160
63 99 3 100 77937 2.018898014
98 29 3 100 71789 2.018905827
108 106 3 100 69239 2.018909716
70 226 3 100 73685 2.018912012
47 12 3 100 4283015 2.018940458
100 96 3 100 47295 2.018973463
33 72 3 100 9764 2.019036574
4 73 3 100 59905 2.019052244
61 116 3 100 7989 2.019165928
19 165 3 100 19428 2.019173360
32 92 3 100 74536 2.019202439
80 78 3 100 3812 2.019314813
113 12 3 100 23140678 2.019383852
33 12 3 100 7769178 2.019384661
110 51 3 100 15889 2.019398022
77 155 3 100 2152 2.019451158
114 75 3 100 9731 2.019453174
47 14 3 100 18163229 2.019493946
43 110 3 100 925642 2.019498226
99 119 3 100 1434966 2.019509077
125 102 3 100 1981838 2.019550897
0 210 3 100 22269 2.019648413
75 98 3 100 11152 2.019756187
65 105 3 100 2438 2.019825154
22 18 3 100 2030770 2.019832280
59 38 3 100 4811 2.019991711
34 65 3 100 186585 2.019995349
28 130 3 100 519124 2.020093287
112 56 3 100 76258 2.020250783
0 15 3 100 1131616 2.020274130
69 21 3 100 1643201 2.020283378
12 26 3 100 9235253 2.020284108
66 33 3 100 456353 2.020284510
28 251 3 100 469533 2.020310919
90 93 3 100 6204642 2.020319897
81 84 3 100 9460171 2.020393722
27 62 3 100 158399 2.020431700
63 52 3 100 63338 2.020471468
34 77 3 100 61838 2.020474139
13 141 3 100 21913 2.020568291
125 12 3 100 376640 2.020590006
93 66 3 100 2066326 2.020597512
92 50 3 100 148589 2.020666249
121 44 3 100 109834 2.020729621
78 0 3 100 4577476 2.020759441
25 172 3 100 7160426 2.020806341
91 121 3 100 1932532 2.020884359
66 67 3 100 41698 2.020900973
111 0 3 100 104406 2.020925861
17 95 3 100 17576 2.020941275
30 114 3 100 17411 2.020944934
47 128 3 100 8720422 2.020945544
21 117 3 100 139845 2.020962907
127 108 3 100 30769 2.021028518
19 22 3 100 34758 2.021074912
53 110 3 100 1436983 2.021195359
63 1 3 100 4160181 2.021265537
21 180 3 100 23170 2.021279079
91 27 3 100 4715 2.021295983
76 112 3 100 26097 2.021317811
30 98 3 100 45781 2.021338839
63 2 3 100 1595 2.021415725
36 59 3 100 29708762 2.021433724
78 213 3 100 21240 2.021491515
52 65 3 100 406791 2.021513269
87 37 3 100 58425 2.021539723
70 91 3 100 26849 2.021581789
34 103 3 100 4839 2.021632654
124 38 3 100 155115 2.021639185
109 168 3 100 43427 2.021654139
99 85 3 100 4044930 2.021664056
121 7 3 100 45984 2.021723949
119 89 3 100 25070 2.021749009
50 55 3 100 5776407 2.021785533
40 53 3 100 28901 2.021880091
35 135 3 100 26554 2.021880904
84 58 3 100 579421 2.021902018
36 110 3 100 56805 2.021961141
11 92 3 100 21190 2.021967971
43 79 3 100 1999177 2.022002453
16 56 3 100 179214 2.022021486
7 146 3 100 21974409 2.022040551
85 92 3 100 30905 2.022112139
48 64 3 100 1894300 2.022304494
122 27 3 100 706267 2.022349431
112 54 3 100 9590584 2.022376060
44 53 3 100 7974 2.022390183
94 178 3 100 34737 2.022419292
9 70 3 100 1578535 2.022436750
29 38 3 100 25495143 2.022466465
19 15 3 100 5890 2.022536140
9 120 3 100 1292075 2.022539046
56 18 3 100 2015021 2.022552922
5 233 3 100 408941 2.022695597
51 29 3 100 1473606 2.022706927
115 38 3 100 1665225 2.022711973
111 41 3 100 2826 2.022721257
3 48 3 100 21691 2.022723027
95 42 3 100 478556 2.022732831
78 151 3 100 1904372 2.022766673
73 77 3 100 172 2.022780104
118 7 3 100 13630 2.022861563
60 30 3 100 7925 2.022865393
53 72 3 100 2723953 2.022910773
113 49 3 100 3065226 2.022921688
26 141 3 100 30856 2.022939974
127 114 3 100 19936008 2.022948850
82 70 3 100 36696 2.022955028
42 95 3 100 32043 2.023051546
88 43 3 100 1274874 2.023072858
2 79 3 100 1211260 2.023132109
58 227 3 100 3652527 2.023158664
82 98 3 100 5375492 2.023169628
6 108 3 100 37166 2.023187518
110 59 3 100 130534 2.023196974
29 14 3 100 22523 2.023207062
103 29 3 100 46347 2.023225534
67 205 3 100 25419433 2.023228923
127 38 3 100 61076 2.023274496
110 122 3 100 849731 2.023319901
114 27 3 100 1928998 2.023333956
67 76 3 100 58073 2.023342312
112 61 3 100 9002 2.023383354
58 137 3 100 1174577 2.023387456
19 103 3 100 3666909 2.023404690
34 18 3 100 1467902 2.023407998
108 17 3 100 1380104 2.023420898
28 32 3 100 1763720 2.023516681
114 77 3 100 4120133 2.023533300
12 216 3 100 35340 2.023553630
64 18 3 100 71186 2.023563383
27 37 3 100 44875 2.023629322
72 62 3 100 3871605 2.023666837
73 38 3 100 1154330 2.023690610
40 41 3 100 2321423 2.023694514
37 136 3 100 26282 2.023745934
105 126 3 100 1326433 2.023759567
19 122 3 100 7277616 2.023923175
11 22 3 100 1227251 2.023938997
24 4 3 100 10678 2.023948413
30 12 3 100 266 2.023987419
63 170 3 100 67336 2.023990232
110 48 3 100 19002927 2.024003745
65 71 3 100 8790196 2.024051906
89 39 3 100 305 2.024063132
56 47 3 100 4667525 2.024071963
108 78 3 100 233 2.024174636
14 236 3 100 20169 2.024200116
99 0 3 100 169217 2.024235085
96 120 3 100 579657 2.024310850
105 22 3 100 143292 2.024312217
15 29 3 100 1076492 2.024314429
3 23 3 100 1679555 2.024321355
122 141 3 100 6266800 2.024333029
127 41 3 100 22608 2.024343581
108 88 3 100 147145 2.024416352
21 53 3 100 1975 2.024456575
42 46 3 100 11612441 2.024459027
85 27 3 100 40541 2.024493346
44 137 3 100 70137 2.024519867
77 65 3 100 46828 2.024527666
107 93 3 100 1972 2.024563641
98 65 3 100 1155509 2.024588471
55 81 3 100 85605 2.024644185
34 65 3 100 1066 2.024720167
105 154 3 100 2840895 2.024736629
73 61 3 100 40664 2.024800575
68 36 3 100 106426 2.024809442
15 89 3 100 851187 2.024914144
92 76 3 100 324305 2.024930946
107 61 3 100 2400 2.024981828
112 208 3 100 49405 2.024986473
59 54 3 100 73959 2.025026872
85 45 3 100 1164920 2.025043334
44 127 3 100 3581 2.025055616
31 63 3 100 108551 2.025059608
76 106 3 100 1136927 2.025077366
117 134 3 100 5971734 2.025122835
64 21 3 100 33892 2.025135063
22 62 3 100 4821561 2.025153410
81 99 3 100 124038 2.025201908
92 111 3 100 9102372 2.025208651
119 86 3 100 27481 2.025230910
17 237 3 100 4014 2.025232619
10 98 3 100 69910 2.025237900
27 46 3 100 286423 2.025247851
122 58 3 100 3972142 2.025282339
88 86 3 100 1987470 2.025379250
79 62 3 100 54011 2.025392584
94 129 3 100 1517768 2.025417140
77 110 3 100 3853 2.025496866
65 18 3 100 43200 2.025511327
36 123 3 100 26043271 2.025515391
100 8 3 100 17927 2.025517742
114 72 3 100 56664 2.025532931
53 151 3 100 41343 2.025550136
91 14 3 100 2757 2.025559126
12 111 3 100 41689 2.025583484
125 20 3 100 1689 2.025650898
47 108 3 100 10085417 2.025659509
122 37 3 100 495866 2.025659557
48 230 3 100 2675659 2.025718203
119 33 3 100 1098778 2.025774159
38 90 3 100 7252 2.025776795
66 28 3 100 362371 2.025777100
29 25 3 100 4524 2.025817830
87 89 3 100 14365 2.025827788
10 128 3 100 167622 2.025846090
46 63 3 100 9305580 2.025864932
32 45 3 100 757272 2.025916045
51 28 3 100 41208 2.025930252
33 68 3 100 7996 2.025935605
127 51 3 100 25875 2.025962709
48 157 3 100 1884 2.025967430
67 10 3 100 8594 2.025985466
34 52 3 100 7173 2.025985471
119 14 3 100 9980 2.026038216
48 71 3 100 5121294 2.026072392
10 107 3 100 25920 2.026072914
80 142 3 100 3643 2.026199864
124 115 3 100 1548553 2.026222212
65 70 3 100 29845 2.026280492
17 36 3 100 398921 2.026290383
76 61 3 100 2826331 2.026297194
74 92 3 100 41524 2.026317511
45 197 3 100 276266 2.026335681
33 94 3 100 21485 2.026389575
12 109 3 100 140299 2.026496712
115 122 3 100 63996 2.026522957
3 89 3 100 7755104 2.026530976
27 14 3 100 81926 2.026564692
37 180 3 100 75376 2.026564830
45 80 3 100 9935 2.026602477
11 107 3 100 2953 2.026635124
114 83 3 100 37710 2.026641472
89 78 3 100 2151754 2.026656691
87 104 3 100 9963229 2.026665992
9 217 3 100 2814 2.026814050
7 54 3 100 4462480 2.026832015
55 50 3 100 77857 2.026850580
74 96 3 100 21385989 2.026936267
88 99 3 100 1581951 2.026939249
56 100 3 100 7859104 2.026948039
46 146 3 100 49475 2.026954410
47 83 3 100 1796121 2.026967747
113 58 3 100 3246498 2.026981966
4 32 3 100 44470 2.027030480
125 108 3 100 27721 2.027038927
40 20 3 100 15426 2.027043312
55 247 3 100 26029545 2.027092024
122 81 3 100 766 2.027142064
48 12 3 100 40836 2.027170463
9 125 3 100 9563 2.027181672
47 76 3 100 160849 2.027189660
55 17 3 100 74868 2.027247347
24 244 3 100 36499 2.027266826
63 14 3 100 54750 2.027310958
49 18 3 100 4192672 2.027461770
15 17 3 100 11571 2.027463250
115 123 3 100 3845292 2.027474689
84 126 3 100 203458 2.027490470
112 128 3 100 209229 2.027494041
21 118 3 100 4009790 2.027590230
46 100 3 100 69905 2.027784284
56 65 3 100 4022396 2.027797839
87 69 3 100 30091 2.027811125
122 89 3 100 109360 2.027837246
21 132 3 100 7076 2.027851930
56 24 3 100 1225515 2.027866243
21 79 3 100 10568 2.027886314
39 98 3 100 525910 2.027890668
119 112 3 100 718157 2.027921410
60 102 3 100 5594720 2.027976796
82 129 3 100 2638 2.027981885
8 14 3 100 1000 2.027987470
82 29 3 100 23721139 2.028063352
48 109 3 100 8511 2.028073883
27 52 3 100 7059 2.028079213
48 17 3 100 15743 2.028191229
37 252 3 100 28979 2.028208238
28 75 3 100 6512 2.028211298
30 44 3 100 72449 2.028235111
17 109 3 100 2154 2.028270750
111 4 3 100 166006 2.028322208
88 51 3 100 1509510 2.028517880
43 197 3 100 1438392 2.028529917
7 78 3 100 845193 2.028552216
14 49 3 100 631757 2.028559784
22 104 3 100 185133 2.028585746
53 96 3 100 2649669 2.028587521
102 88 3 100 1568 2.028628240
85 224 3 100 27526 2.028658945
80 74 3 100 371879 2.028680410
2 4 3 100 145223 2.028687476
35 3 3 100 25961 2.028719548
21 20 3 100 22956 2.028834067
82 20 3 100 5259564 2.028864702
45 186 3 100 49229 2.028946820
10 25 3 100 55271 2.028995112
28 56 3 100 52842 2.029002268
92 118 3 100 24374 2.029009053
29 122 3 100 27646 2.029053514
117 24 3 100 547775 2.029070787
16 235 3 100 24978 2.029130656
71 114 3 100 58784 2.029175776
82 3 3 100 11712862 2.029176462
77 73 3 100 8333521 2.029182104
77 41 3 100 25197 2.029226412
97 77 3 100 1886 2.029267302
84 136 3 100 77195 2.029300490
61 70 3 100 76816 2.029375264
3 80 3 100 3050784 2.029401244
1 19 3 100 8678533 2.029430331
107 72 3 100 1150 2.029438790
63 90 3 100 4408 2.029491205
81 251 3 100 4747702 2.029503047
80 41 3 100 181351 2.029528538
28 116 3 100 4449543 2.029569779
27 9 3 100 14164 2.029602630
111 62 3 100 19863 2.029616575
121 109 3 100 2744 2.029710084
26 204 3 100 7468555 2.029804414
75 100 3 100 29750 2.029834839
50 61 3 100 163207 2.029887053
78 84 3 100 57490 2.029931857
36 120 3 100 33242 2.029946697
87 111 3 100 1487352 2.029985060
79 128 3 100 18811894 2.030002614
111 24 3 100 60491 2.030003587
63 16 3 100 20297 2.030017395
110 20 3 100 8552221 2.030017940
109 20 3 100 2838 2.030037555
82 106 3 100 368615 2.030046910
25 240 3 100 3073192 2.030052551
79 1 3 100 9147322 2.030059317
117 19 3 100 26541 2.030063271
14 4 3 100 22522 2.030096368
30 74 3 100 51938 2.030252774
33 69 3 100 764060 2.030312310
96 252 3 100 42402 2.030312901
66 100 3 100 71173 2.030369746
11 70 3 100 1365413 2.030435346
10 3 3 100 1198461 2.030460601
4 59 3 100 3198274 2.030484583
69 29 3 100 28507 2.030517195
102 254 3 100 43455 2.030585837
115 93 3 100 25969041 2.030630083
120 48 3 100 357281 2.030640479
28 93 3 100 1908679 2.030668138
6 58 3 100 37500 2.030677154
16 63 3 100 878762 2.030682728
100 130 3 100 23015974 2.030740642
39 85 3 100 68344 2.030802143
82 25 3 100 7648404 2.030875948
40 80 3 100 48582 2.030912496
31 35 3 100 8100 2.030922375
117 103 3 100 34345 2.030967675
59 129 3 100 6226133 2.031053284
52 118 3 100 113 2.031061457
5 21 3 100 32905 2.031100390
103 8 3 100 1814296 2.031203027
12 29 3 100 54716 2.031222191
45 66 3 100 5412 2.031241804
115 131 3 100 144943 2.031249226
96 109 3 100 75077 2.031277378
121 7 3 100 42950 2.031365519
19 79 3 100 1365716 2.031368002
41 62 3 100 658 2.031386073
24 39 3 100 26266573 2.031395609
73 211 3 100 9998773 2.031405592
39 14 3 100 8175090 2.031490224
49 6 3 100 4048410 2.031500796
100 110 3 100 271603 2.031602237
114 56 3 100 27728 2.031609783
19 107 3 100 164196 2.031660789
56 172 3 100 43502 2.031701388
115 20 3 100 92882 2.031721668
51 10 3 100 29584 2.031723524
92 101 3 100 2985 2.031811528
12 63 3 100 31240 2.031837958
69 94 3 100 52771 2.031842107
42 254 3 100 1409129 2.031886785
12 27 3 100 3645176 2.031925627
44 47 3 100 634116 2.031936363
38 111 3 100 51111 2.031963886
120 121 3 100 21760415 2.031964354
124 23 3 100 43229 2.032014210
61 236 3 100 3944463 2.032021895
9 112 3 100 518380 2.032051132
89 102 3 100 2259 2.032077897
26 57 3 100 1107355 2.032129871
41 53 3 100 1277952 2.032147247
32 100 3 100 6024 2.032174797
3 232 3 100 5071 2.032184891
66 8 3 100 4272538 2.032234354
96 74 3 100 118920 2.032259552
79 46 3 100 1162818 2.032260542
104 15 3 100 11199 2.032278779
44 1 3 100 3697 2.032323678
57 196 3 100 27725 2.032342306
87 80 3 100 34643 2.032342424
64 67 3 100 28053 2.032346496
80 85 3 100 2752155 2.032365282
7 6 3 100 1388048 2.032400315
21 8 3 100 182008 2.032461508
15 211 3 100 24638 2.032491979
89 65 3 100 622278 2.032499572
100 87 3 100 516936 2.032524776
127 22 3 100 48423 2.032580275
111 93 3 100 5336 2.032611589
4 48 3 100 17988 2.032616658
56 147 3 100 29650 2.032634579
53 27 3 100 5429 2.032771085
117 1 3 100 549 2.032785624
14 84 3 100 9573 2.032786187
108 31 3 100 7072052 2.032824308
100 37 3 100 6508 2.032926186
11 230 3 100 9389541 2.032929358
99 59 3 100 32985 2.032932238
33 68 3 100 28887 2.032990012
108 121 3 100 62902 2.033019169
8 59 3 100 3618066 2.033103211
23 116 3 100 5667 2.033182759
41 136 3 100 39197 2.033220031
8 37 3 100 31241 2.033268286
40 14 3 100 23282341 2.033330849
124 101 3 100 15436 2.033350091
65 2 3 100 65197 2.033386104
127 66 3 100 17736 2.033462538
109 133 3 100 11957 2.033467178
28 32 3 100 62258 2.033557384
32 124 3 100 40173 2.033571751
23 99 3 100 7547 2.033686510
86 116 3 100 6317 2.033687825
108 91 3 100 1497001 2.033755143
99 210 3 100 353155 2.033761230
110 123 3 100 226246 2.033784778
100 77 3 100 2604337 2.033876801
31 8 3 100 6226780 2.033900538
6 52 3 100 26238 2.033903141
92 67 3 100 3185664 2.033906625
104 242 3 100 37988 2.034077616
62 5 3 100 905286 2.034114768
102 117 3 100 475 2.034228647
15 56 3 100 1211763 2.034250512
60 112 3 100 5050 2.034259415
75 56 3 100 2520020 2.034302321
124 225 3 100 19900 2.034314457
105 41 3 100 23550580 2.034388512
10 2 3 100 3051 2.034407926
13 53 3 100 4410908 2.034475259
83 88 3 100 71263 2.034515394
28 34 3 100 3269 2.034551260
104 215 3 100 3336648 2.034573435
6 67 3 100 642068 2.034586103
106 90 3 100 142923 2.034598431
71 79 3 100 4731139 2.034638768
49 95 3 100 265 2.034707136
8 0 3 100 25635821 2.034747310
6 188 3 100 64376 2.034756452
40 50 3 100 4166 2.034758067
116 21 3 100 63205 2.034773107
94 59 3 100 870 2.034852270
59 32 3 100 24474 2.034856617
24 62 3 100 450699 2.034900266
0 174 3 100 831861 2.035016765
70 31 3 100 1513158 2.035130483
52 57 3 100 193072 2.035131646
107 14 3 100 5263 2.035143356
99 117 3 100 18523332 2.035172252
81 103 3 100 3573 2.035184516
25 251 3 100 32012 2.035216531
114 32 3 100 51948 2.035256938
102 20 3 100 72310 2.035274247
60 97 3 100 36978 2.035320194
83 82 3 100 165972 2.035348746
62 123 3 100 1992071 2.035410116
99 130 3 100 15256 2.035414787
67 59 3 100 23671 2.035535898
125 16 3 100 908657 2.035548757
21 100 3 100 16956 2.035593732
56 90 3 100 20519 2.035652132
21 99 3 100 7878416 2.035734613
24 162 3 100 3561852 2.035808150
51 38 3 100 63388 2.035830826
26 92 3 100 3982 2.035832517
116 100 3 100 20584 2.035871577
73 61 3 100 1559557 2.035883933
125 23 3 100 4388333 2.035890748
120 209 3 100 24173 2.035922473
50 87 3 100 6780659 2.035956622
7 52 3 100 3113379 2.036008779
66 89 3 100 4376717 2.036075394
88 104 3 100 2774 2.036087012
19 118 3 100 1324590 2.036097803
121 207 3 100 2666692 2.036099282
107 65 3 100 981 2.036104448
25 57 3 100 749004 2.036113953
121 8 3 100 31226 2.036300851
34 116 3 100 13179 2.036335310
0 79 3 100 9597 2.036381036
83 230 3 100 53033 2.036440236
115 113 3 100 1828353 2.036454448
51 23 3 100 20536 2.036459380
56 18 3 100 5501857 2.036478472
62 8 3 100 77086 2.036671896
41 48 3 100 43340 2.036677562
96 248 3 100 26882 2.036754420
65 122 3 100 9988211 2.036772833
53 80 3 100 192073 2.036814689
19 45 3 100 2969537 2.036832918
123 73 3 100 702483 2.036839353
32 72 3 100 25446 2.036856139
97 178 3 100 27488343 2.036877675
39 53 3 100 6433367 2.036915309
5 18 3 100 46524 2.036926842
46 108 3 100 31725 2.036936870
118 116 3 100 7409 2.036977469
47 60 3 100 71102 2.036988820
108 224 3 100 679395 2.036992173
49 112 3 100 75122 2.037008900
19 14 3 100 21806 2.037025203
100 83 3 100 8853960 2.037060222
41 36 3 100 196612 2.037071728
109 22 3 100 28468 2.037145130
75 143 3 100 3902 2.037182751
63 6 3 100 5405 2.037184661
92 115 3 100 150489 2.037194315
53 110 3 100 36413 2.037245170
96 84 3 100 2691574 2.037261292
69 10 3 100 23611 2.037322843
80 232 3 100 5086 2.037368174
99 21 3 100 2198784 2.037499024
18 53 3 100 10265 2.037532689
102 72 3 100 36452 2.037565156
18 9 3 100 1397314 2.037601473
27 48 3 100 74327 2.037698614
73 176 3 100 1872 2.037742793
32 64 3 100 24699 2.037772089
116 12 3 100 78952 2.037777796
77 126 3 100 4669711 2.037843723
27 76 3 100 4699 2.037963774
70 118 3 100 3031 2.037990884
45 203 3 100 1425531 2.037992793
21 15 3 100 4485 2.038040772
94 47 3 100 26671730 2.038071799
115 76 3 100 10949 2.038086778
65 31 3 100 4487782 2.038101730
19 81 3 100 135021 2.038107342
111 145 3 100 150286 2.038178521
121 93 3 100 27420 2.038211044
41 101 3 100 37796 2.038272077
126 9 3 100 10054273 2.038273777
114 20 3 100 18568 2.038365949
110 83 3 100 1383461 2.038407248
60 157 3 100 68525 2.038429971
63 105 3 100 1181573 2.038479941
95 51 3 100 6451782 2.038485965
21 110 3 100 21394 2.038546705
96 88 3 100 8134 2.038559152
58 3 3 100 5675531 2.038566443
36 219 3 100 2979256 2.038603906
89 1 3 100 899 2.038695095
31 1 3 100 81073 2.038714096
88 127 3 100 68559 2.038736514
116 88 3 100 25866 2.038775141
88 124 3 100 1118937 2.038788749
51 185 3 100 2754 2.038838017
93 6 3 100 5903 2.038840392
13 0 3 100 1957411 2.038843526
90 16 3 100 16234 2.038882107
109 58 3 100 103181 2.038908283
104 87 3 100 14903082 2.038949387
109 159 3 100 63752 2.038952221
47 86 3 100 31433 2.038955361
53 34 3 100 1349054 2.039008551
74 65 3 100 36937 2.039092701
92 100 3 100 371856 2.039113700
104 90 3 100 122509 2.039113897
30 215 3 100 397475 2.039142974
50 27 3 100 9490 2.039251105
123 122 3 100 2033643 2.039262317
105 123 3 100 1665208 2.039270575
21 56 3 100 5017 2.039280783
83 44 3 100 6214570 2.039331708
70 223 3 100 23172 2.039364695
48 29 3 100 45285 2.039374110
36 105 3 100 3055048 2.039437025
29 70 3 100 3327 2.039448499
105 42 3 100 3627 2.039571930
123 61 3 100 1579602 2.039580500
77 181 3 100 37896 2.039644686
109 76 3 100 29888 2.039648894
3 95 3 100 4048 2.039660099
75 53 3 100 26455 2.039708752
86 126 3 100 870703 2.039709267
118 47 3 100 5470907 2.039709910
31 233 3 100 220217 2.039770562
73 102 3 100 23635 2.039870440
39 84 3 100 47988 2.039888655
22 48 3 100 38731 2.039954081
87 100 3 100 28443 2.040041997
111 33 3 100 2662164 2.040392610
77 182 3 100 114277 2.040480817
44 4 3 100 69713 2.040604635
67 18 3 100 28433 2.040634684
111 114 3 100 1547105 2.040689446
93 35 3 100 14317 2.040698396
46 87 3 100 6734 2.040701939
61 145 3 100 37409 2.040713279
114 19 3 100 14945 2.040728789
37 18 3 100 31635 2.040791342
103 39 3 100 2202 2.040974125
11 48 3 100 32389 2.040984248
66 44 3 100 2920705 2.041027318
20 232 3 100 924310 2.041056736
108 55 3 100 4580880 2.041096571
101 69 3 100 24534 2.041111089
48 57 3 100 26688 2.041122397
48 52 3 100 39574 2.041140778
92 100 3 100 70751 2.041162941
5 183 3 100 6199 2.041253782
67 31 3 100 6037 2.041285793
53 117 3 100 497798 2.041301925
57 100 3 100 8964 2.041363388
23 41 3 100 67383 2.041365217
15 29 3 100 4161 2.041388342
4 192 3 100 64963 2.041424960
46 82 3 100 182873 2.041443591
81 48 3 100 113795 2.041484653
109 60 3 100 14317775 2.041517407
50 76 3 100 156574 2.041678375
75 85 3 100 141598 2.041683347
28 247 3 100 487530 2.041739652
100 32 3 100 7443 2.041811869
102 98 3 100 2954624 2.041852428
66 50 3 100 5502 2.041918830
94 93 3 100 34277 2.041941344
17 109 3 100 4149285 2.041942734
72 182 3 100 6030 2.041966472
15 61 3 100 23558690 2.042020270
6 121 3 100 20774459 2.042059467
58 75 3 100 28272 2.042072371
83 95 3 100 6574 2.042125008
96 27 3 100 69897 2.042170953
124 243 3 100 21942 2.042213495
73 60 3 100 25163 2.042217293
37 57 3 100 35338 2.042323894
19 116 3 100 1071322 2.042371165
102 1 3 100 6951648 2.042383793
78 109 3 100 6007 2.042419844
122 229 3 100 93327 2.042441513
86 96 3 100 482 2.042464589
25 32 3 100 1418662 2.042475614
9 35 3 100 17773672 2.042514606
124 36 3 100 984730 2.042535779
110 102 3 100 86791 2.042562121
5 248 3 100 8129220 2.042608839
23 93 3 100 7680926 2.042616504
65 81 3 100 56952 2.042633078
66 56 3 100 38270 2.042644552
70 60 3 100 2275186 2.042657915
53 59 3 100 1155725 2.042680543
80 231 3 100 144249 2.042684175
43 109 3 100 7654 2.042740881
69 125 3 100 74866 2.042778561
20 61 3 100 790096 2.042791756
73 9 3 100 1786178 2.042871106
112 39 3 100 8756 2.042882754
60 157 3 100 27039 2.042885287
123 99 3 100 17856823 2.042905712
54 40 3 100 349 2.042926264
41 46 3 100 26165 2.042943295
93 76 3 100 838540 2.042945375
84 109 3 100 3109 2.043003718
80 182 3 100 4603 2.043011132
89 51 3 100 22056 2.043018645
92 78 3 100 40807 2.043071139
127 5 3 100 16332 2.043095645
22 52 3 100 1563167 2.043124669
37 2 3 100 8050 2.043273406
50 240 3 100 7043351 2.043302176
40 15 3 100 68191 2.043316087
42 52 3 100 4840209 2.043328623
93 2 3 100 40475 2.043369394
96 116 3 100 8181099 2.043582810
95 57 3 100 78069 2.043584645
83 140 3 100 211186 2.043690478
122 93 3 100 26935 2.043731325
38 70 3 100 757108 2.043768108
4 10 3 100 1410638 2.043793576
46 59 3 100 79649 2.043795034
98 68 3 100 50890 2.043859081
87 188 3 100 65867 2.043907245
118 111 3 100 3442752 2.043950670
43 76 3 100 2128 2.043964776
82 74 3 100 11141 2.043979864
51 65 3 100 649744 2.044046167
88 45 3 100 21593 2.044049629
72 165 3 100 14685 2.044093504
115 69 3 100 18663 2.044147092
30 71 3 100 6379872 2.044291862
20 90 3 100 8310971 2.044293056
32 103 3 100 16449 2.044294418
111 27 3 100 22759090 2.044300025
117 183 3 100 24583 2.044306716
20 50 3 100 61198 2.044308711
54 88 3 100 809158 2.044389655
42 92 3 100 4131 2.044394153
45 123 3 100 17256 2.044422652
74 40 3 100 545760 2.044447085
24 209 3 100 1624972 2.044483740
43 118 3 100 82363 2.044500893
67 87 3 100 24614 2.044517973
104 46 3 100 115005 2.044523824
15 5 3 100 78424 2.044564302
125 119 3 100 51066 2.044688236
23 207 3 100 2490907 2.044728289
8 52 3 100 1638116 2.044826864
42 60 3 100 9097 2.044840884
88 62 3 100 18893949 2.044875988
15 66 3 100 8171 2.044878903
98 93 3 100 798143 2.044926129
66 232 3 100 9025 2.044932627
126 110 3 100 23 2.044958175
35 104 3 100 6161321 2.045018615
82 63 3 100 1834942 2.045073495
110 55 3 100 27435633 2.045147885
111 67 3 100 66072 2.045250347
19 191 3 100 4157 2.045303760
76 85 3 100 12301 2.045357488
41 120 3 100 71820 2.045412289
54 71 3 100 48074 2.045443706
62 48 3 100 34669 2.045466223
19 54 3 100 47663 2.045507887
25 149 3 100 77086 2.045665254
105 37 3 100 21046 2.045748288
80 98 3 100 1198717 2.045753327
88 114 3 100 1260909 2.045816221
25 47 3 100 34386 2.045873008
96 8 3 100 4874716 2.045996499
122 229 3 100 3968 2.046153137
101 64 3 100 55276 2.046193882
68 70 3 100 2108 2.046203505
40 93 3 100 8956743 2.046295571
118 81 3 100 39937 2.046353015
60 67 3 100 105140 2.046381169
86 177 3 100 46428 2.046407188
125 23 3 100 7696 2.046515015
87 73 3 100 67163 2.046525360
41 61 3 100 16446955 2.046528288
94 14 3 100 29847 2.046632360
67 39 3 100 59914 2.046643536
71 254 3 100 9850 2.046729479
85 10 3 100 28054 2.046779012
6 115 3 100 73097 2.046779408
86 94 3 100 4341 2.046786251
46 73 3 100 20383 2.046845131
39 72 3 100 41365 2.046857877
54 146 3 100 7451509 2.046881444
45 59 3 100 180268 2.046898332
117 70 3 100 10847 2.046937589
82 27 3 100 23762741 2.046948337
24 119 3 100 9273 2.046955571
32 91 3 100 8575 2.046989348
67 194 3 100 1934430 2.047029159
110 104 3 100 2846939 2.047141732
70 107 3 100 1774695 2.047165155
11 117 3 100 177668 2.047192330
30 83 3 100 7843902 2.047198062
78 97 3 100 199638 2.047252620
17 195 3 100 21541608 2.047265680
0 112 3 100 1108052 2.047266310
75 92 3 100 65000 2.047269705
22 99 3 100 4415534 2.047277662
127 110 3 100 389100 2.047292580
60 75 3 100 413077 2.047307647
83 184 3 100 547311 2.047339596
2 82 3 100 2273150 2.047358096
26 112 3 100 221354 2.047404393
46 53 3 100 17040805 2.047405058
99 57 3 100 2889042 2.047445336
21 36 3 100 23485 2.047457787
117 180 3 100 22821 2.047462550
103 42 3 100 266918 2.047521444
53 63 3 100 107181 2.047543604
90 32 3 100 20786 2.047575986
9 28 3 100 75734 2.047607353
20 57 3 100 102561 2.047675863
81 207 3 100 5108937 2.047804203
85 86 3 100 5587 2.047836364
75 126 3 100 29613 2.047898782
62 56 3 100 276443 2.048022753
15 74 3 100 11568 2.048032626
110 121 3 100 3134338 2.048039246
22 174 3 100 5524 2.048069595
108 95 3 100 21651 2.048072530
82 81 3 100 96685 2.048170659
113 39 3 100 545 2.048175719
85 115 3 100 1202608 2.048195685
74 8 3 100 24410 2.048300334
12 209 3 100 1755652 2.048302298
91 24 3 100 843103 2.048354190
32 70 3 100 79205 2.048395952
127 58 3 100 8948466 2.048414754
118 44 3 100 40961 2.048436028
75 80 3 100 1299952 2.048538905
101 131 3 100 21462 2.048570506
55 98 3 100 64256 2.048655402
80 51 3 100 6656109 2.048677281
19 82 3 100 6759456 2.048752129
21 74 3 100 1937 2.048813626
31 98 3 100 338316 2.048883608
33 195 3 100 4888 2.048887119
75 114 3 100 27377319 2.048889339
89 48 3 100 954 2.048921784
88 22 3 100 4625 2.048987240
6 115 3 100 682 2.048994271
48 96 3 100 18223725 2.049003571
12 148 3 100 28937 2.049036770
91 80 3 100 677501 2.049050405
54 111 3 100 125678 2.049089910
106 9 3 100 1264372 2.049098533
15 86 3 100 27665 2.049108510
90 64 3 100 1181008 2.049119371
45 153 3 100 3739474 2.049162909
26 15 3 100 1165469 2.049195828
117 50 3 100 9239766 2.049314505
80 37 3 100 27235 2.049322041
60 61 3 100 3922677 2.049330949
55 106 3 100 9515732 2.049367826
91 247 3 100 9956 2.049372455
2 45 3 100 11888 2.049384974
123 70 3 100 509618 2.049405501
102 86 3 100 4317079 2.049417119
82 81 3 100 28729 2.049424900
98 23 3 100 55708 2.049434699
1 199 3 100 32119 2.049440373
120 103 3 100 52727 2.049462052
105 56 3 100 73533 2.049481275
35 93 3 100 52463 2.049491274
23 96 3 100 2239850 2.049500491
91 21 3 100 198116 2.049533687
59 228 3 100 1814127 2.049617375
21 50 3 100 41488 2.049652244
76 104 3 100 63815 2.049692056
76 127 3 100 28477 2.049722231
92 106 3 100 23065 2.049735819
105 32 3 100 22771 2.049817421
60 154 3 100 9081 2.049850051
55 104 3 100 1582894 2.049886684
94 68 3 100 53059 2.049912713
99 1 3 100 4872 2.049980448
30 69 3 100 22214 2.050003008
49 94 3 100 4103 2.050011668
49 168 3 100 13748 2.050014933
40 23 3 100 1176924 2.050017197
49 95 3 100 530412 2.050031500
115 14 3 100 1621514 2.050042094
5 126 3 100 22388 2.050117108
4 34 3 100 967 2.050137719
22 245 3 100 28761 2.050151344
60 127 3 100 1474587 2.050161046
90 48 3 100 6544 2.050215866
71 119 3 100 66202 2.050253965
7 0 3 100 6606 2.050256623
62 18 3 100 359925 2.050404486
104 144 3 100 151644 2.050409503
95 8 3 100 26030659 2.050430231
81 87 3 100 4987066 2.050509103
5 22 3 100 1729266 2.050563222
3 72 3 100 1412605 2.050637973
77 46 3 100 20837009 2.050742279
33 174 3 100 1780052 2.050744652
30 26 3 100 8347 2.050749862
89 107 3 100 73662 2.050753673
48 116 3 100 943164 2.050790741
98 120 3 100 59512 2.050796978
103 78 3 100 27437 2.050799440
68 174 3 100 220005 2.050829131
21 44 3 100 8612 2.050900139
31 10 3 100 1944122 2.050915664
116 47 3 100 9411092 2.050945282
8 39 3 100 125805 2.050957751
112 27 3 100 4670 2.051025701
77 185 3 100 56095 2.051065740
0 7 3 100 1581607 2.051101632
64 72 3 100 1814128 2.051106236
69 18 3 100 25101 2.051115070
10 127 3 100 413271 2.051130981
31 19 3 100 836531 2.051182404
3 170 3 100 26234 2.051184525
16 18 3 100 404064 2.051306910
3 56 3 100 27168 2.051319645
46 85 3 100 483648 2.051362819
42 53 3 100 87215 2.051374957
118 37 3 100 3011508 2.051398479
23 242 3 100 6529661 2.051411649
24 12 3 100 3729 2.051416352
96 25 3 100 23424 2.051417277
93 118 3 100 58006 2.051418827
100 77 3 100 23295 2.051492888
112 79 3 100 4275403 2.051513427
41 204 3 100 26144 2.051529942
125 20 3 100 4148 2.051564476
52 103 3 100 181494 2.051625037
62 82 3 100 5718 2.051649128
38 106 3 100 51175 2.051711305
24 120 3 100 826932 2.051734243
99 254 3 100 55160 2.051806558
5 39 3 100 1510930 2.051848436
79 97 3 100 4238 2.051893990
72 92 3 100 68033 2.051937500
115 62 3 100 4303748 2.051957410
6 28 3 100 516217 2.052004333
20 215 3 100 17894 2.052012428
75 124 3 100 3370 2.052019946
19 105 3 100 2730187 2.052087333
102 6 3 100 1609 2.052097784
39 77 3 100 46305 2.052106548
115 104 3 100 40417 2.052137210
119 129 3 100 76319 2.052156200
29 114 3 100 6106512 2.052242866
98 48 3 100 58824 2.052267544
29 19 3 100 6577852 2.052291653
24 51 3 100 3277527 2.052325695
76 88 3 100 63522 2.052336836
36 173 3 100 6529727 2.052344724
56 13 3 100 24752865 2.052386244
11 3 3 100 19736 2.052391249
23 37 3 100 4632 2.052392628
1 16 3 100 16689771 2.052405984
24 125 3 100 57427 2.052410882
86 231 3 100 6857 2.052444090
27 91 3 100 466486 2.052500551
89 12 3 100 16127 2.052508077
16 53 3 100 33414 2.052579859
115 23 3 100 23162 2.052675972
52 106 3 100 41786 2.052705541
59 137 3 100 2934389 2.052838190
74 63 3 100 474989 2.052902585
80 64 3 100 399473 2.052941482
59 19 3 100 9558 2.052959666
58 8 3 100 4749443 2.052975363
11 111 3 100 47508 2.053080250
125 222 3 100 7094 2.053111795
6 60 3 100 65257 2.053129152
23 87 3 100 49928 2.053177169
38 86 3 100 1758980 2.053237067
4 0 3 100 8459984 2.053300765
16 17 3 100 27226 2.053311180
3 142 3 100 633612 2.053365328
24 96 3 100 7990370 2.053370752
94 109 3 100 29492 2.053501212
110 103 3 100 4872329 2.053518816
15 61 3 100 20330 2.053526903
53 18 3 100 923888 2.053590149
34 212 3 100 3697820 2.053598737
42 71 3 100 17726349 2.053624761
117 83 3 100 28335375 2.053717388
104 49 3 100 618878 2.053723098
72 85 3 100 1730159 2.053765579
80 26 3 100 20533 2.053934155
65 136 3 100 7802 2.053935493
41 35 3 100 24955026 2.053935627
18 20 3 100 9830 2.053956064
80 11 3 100 65266 2.053981903
79 122 3 100 70663 2.054019314
68 93 3 100 3338 2.054060203
101 244 3 100 4961033 2.054065368
59 122 3 100 27411685 2.054072485
113 43 3 100 59676 2.054074746
24 4 3 100 6700702 2.054125975
61 116 3 100 57178 2.054136509
119 95 3 100 121541 2.054160503
53 168 3 100 41641 2.054189041
43 60 3 100 714590 2.054196611
120 27 3 100 39874 2.054222882
51 101 3 100 1399685 2.054275278
30 79 3 100 14403 2.054330421
58 49 3 100 8757 2.054382377
25 139 3 100 40292 2.054428003
47 59 3 100 12805 2.054548352
98 102 3 100 6339 2.054642337
119 28 3 100 18435 2.054646565
101 105 3 100 1971443 2.054692126
38 15 3 100 7010237 2.054693454
39 170 3 100 4828254 2.054709754
0 80 3 100 168837 2.054808945
104 69 3 100 28023 2.054813290
0 90 3 100 7267453 2.054886467
49 24 3 100 1719899 2.054932870
9 5 3 100 7212 2.054973216
70 233 3 100 180108 2.054989501
61 19 3 100 1875337 2.055017820
1 63 3 100 6056252 2.055020225
70 57 3 100 6642 2.055224396
48 37 3 100 29609 2.055225422
3 65 3 100 22077 2.055278647
94 238 3 100 867665 2.055279827
103 68 3 100 30981 2.055325506
89 91 3 100 146304 2.055334309
101 110 3 100 3020344 2.055383749
11 18 3 100 4581284 2.055457712
99 113 3 100 455 2.055526245
86 230 3 100 1942114 2.055559489
93 60 3 100 12480 2.055577660
84 79 3 100 75023 2.055580365
38 8 3 100 759119 2.055586166
54 33 3 100 5085 2.055588220
51 96 3 100 3857237 2.055601026
92 145 3 100 52868 2.055627126
26 64 3 100 3665331 2.055640103
30 57 3 100 931908 2.055670616
112 74 3 100 8355356 2.055754846
61 98 3 100 32720 2.055822050
55 17 3 100 114294 2.055901207
24 132 3 100 134287 2.056016807
57 43 3 100 2167 2.056020979
68 10 3 100 27427 2.056084842
89 7 3 100 2659215 2.056130308
33 36 3 100 1367010 2.056179634
21 56 3 100 88566 2.056216396
16 213 3 100 11611 2.056245640
38 123 3 100 17288659 2.056262401
39 125 3 100 1295916 2.056269100
98 12 3 100 47084 2.056323177
58 123 3 100 28067 2.056347619
69 64 3 100 2771 2.056354270
19 172 3 100 9768274 2.056436065
118 27 3 100 867832 2.056456914
124 30 3 100 333 2.056458852
23 42 3 100 352747 2.056508885
80 99 3 100 71313 2.056614453
32 24 3 100 4427777 2.056628870
88 190 3 100 24804807 2.056638307
105 3 3 100 69496 2.056674563
27 29 3 100 1882971 2.056721791
24 8 3 100 26199 2.056764875
16 95 3 100 919761 2.056802514
47 57 3 100 1888434 2.056819817
42 215 3 100 5301 2.056845588
71 47 3 100 83922 2.056862487
14 76 3 100 23150 2.056880831
111 51 3 100 4509248 2.056911915
90 32 3 100 1376139 2.056973040
32 14 3 100 5382881 2.056995908
12 237 3 100 2103193 2.056997022
25 29 3 100 1561871 2.057066888
93 95 3 100 28517 2.057113397
32 124 3 100 1678837 2.057173674
70 39 3 100 197731 2.057224581
84 24 3 100 26397 2.057228465
78 164 3 100 605643 2.057286825
111 36 3 100 568432 2.057304590
44 6 3 100 240151 2.057319927
36 93 3 100 6930135 2.057323874
22 81 3 100 28876 2.057360276
56 60 3 100 437935 2.057363196
90 168 3 100 159793 2.057371028
6 57 3 100 2571919 2.057403890
74 55 3 100 3888506 2.057479054
2 5 3 100 73084 2.057549464
125 46 3 100 50990 2.057555815
42 35 3 100 1476604 2.057579743
62 172 3 100 184 2.057591615
32 5 3 100 4175718 2.057685171
104 24 3 100 1196281 2.057717488
51 45 3 100 443 2.057789035
9 74 3 100 2550583 2.057824416
99 61 3 100 53878 2.057826620
4 237 3 100 2839 2.057840343
34 124 3 100 166812 2.057849512
12 58 3 100 97946 2.057920584
99 20 3 100 99632 2.057926796
76 77 3 100 147569 2.057931397
44 6 3 100 36367 2.057979438
48 191 3 100 76981 2.058039299
11 15 3 100 12982 2.058083818
97 109 3 100 1730673 2.058134665
94 49 3 100 60893 2.058145531
120 1 3 100 1675667 2.058152217
118 85 3 100 4235 2.058184645
98 240 3 100 14376 2.058188423
42 46 3 100 18305 2.058197930
34 81 3 100 7296 2.058225777
53 104 3 100 969375 2.058300457
16 52 3 100 6371082 2.058307536
23 120 3 100 22108466 2.058342367
22 247 3 100 10512 2.058356145
60 10 3 100 8168 2.058360899
74 123 3 100 4042 2.058396276
16 97 3 100 4659 2.058433446
49 71 3 100 760498 2.058451117
84 8 3 100 34958 2.058477968
126 211 3 100 26169 2.058513968
68 103 3 100 1192078 2.058575096
72 68 3 100 8948 2.058606638
20 54 3 100 9770855 2.058615325
12 49 3 100 3253 2.058688630
70 117 3 100 3112640 2.058727866
58 189 3 100 100939 2.058847739
13 41 3 100 2047656 2.058878086
9 38 3 100 1265768 2.058892788
64 24 3 100 250475 2.058945705
88 57 3 100 4727641 2.059001252
17 58 3 100 10539878 2.059002306
41 190 3 100 27276086 2.059007051
41 51 3 100 123155 2.059035323
40 62 3 100 43645 2.059101702
104 101 3 100 1472448 2.059159609
63 59 3 100 73802 2.059176757
85 91 3 100 60816 2.059206057
108 166 3 100 26550 2.059209745
116 39 3 100 16171 2.059214265
42 121 3 100 631082 2.059273938
105 87 3 100 1467053 2.059313162
93 29 3 100 7663676 2.059324850
29 56 3 100 68527 2.059334655
97 157 3 100 107006 2.059711479
121 65 3 100 6689 2.059725005
92 73 3 100 44214 2.059729518
16 111 3 100 41373 2.059730594
123 113 3 100 69090 2.059858720
63 6 3 100 24758 2.059866860
12 253 3 100 9630604 2.059959102
109 2 3 100 1051697 2.059963963
15 36 3 100 2614023 2.059966472
120 49 3 100 8778599 2.060001767
16 38 3 100 19741 2.060016856
99 26 3 100 68562 2.060025860
103 128 3 100 1193540 2.060029015
125 96 3 100 26872479 2.060074647
84 123 3 100 148775 2.060187455
40 113 3 100 2973125 2.060211653
107 79 3 100 22618 2.060223152
84 14 3 100 7594 2.060256542
53 185 3 100 8920 2.060263894
58 81 3 100 39380 2.060386336
91 93 3 100 94075 2.060429361
49 69 3 100 1451620 2.060442787
30 13 3 100 60020 2.060482670
110 56 3 100 899005 2.060485954
96 135 3 100 4309746 2.060518153
68 115 3 100 63128 2.060563480
116 24 3 100 2834188 2.060565147
8 120 3 100 1588 2.060657994
63 28 3 100 6720 2.060697034
54 124 3 100 20132170 2.060708774
78 151 3 100 6941211 2.060751293
32 31 3 100 7912766 2.060751482
58 38 3 100 813493 2.060785613
33 46 3 100 14420 2.060794404
125 81 3 100 59843 2.060885411
40 112 3 100 62837 2.060991360
45 234 3 100 2349557 2.061003034
71 111 3 100 69452 2.061009900
97 81 3 100 27382 2.061013716
30 71 3 100 6542 2.061026782
54 124 3 100 45617 2.061052144
106 12 3 100 27244 2.061115052
62 180 3 100 65635 2.061118359
12 92 3 100 1194934 2.061118625
44 64 3 100 9778608 2.061123111
9 111 3 100 3188609 2.061172480
65 63 3 100 47696 2.061262035
12 1 3 100 1236377 2.061269388
33 228 3 100 68820 2.061319528
110 1 3 100 9424833 2.061369679
109 5 3 100 2028970 2.061379154
82 22 3 100 2268 2.061409404
8 124 3 100 149808 2.061452776
81 74 3 100 191508 2.061492580
19 134 3 100 49634 2.061598397
26 67 3 100 156470 2.061664574
63 79 3 100 1371254 2.061731817
48 67 3 100 1488544 2.061740029
10 124 3 100 7187100 2.061759554
61 44 3 100 46678 2.061835707
59 180 3 100 8395434 2.061848627
5 93 3 100 139847 2.061888220
25 102 3 100 230340 2.061971522
23 127 3 100 2959897 2.062029391
102 35 3 100 27237 2.062129955
29 11 3 100 206147 2.062163762
124 130 3 100 5852 2.062171877
37 19 3 100 8241065 2.062201652
79 87 3 100 52600 2.062208203
68 50 3 100 22415 2.062208569
105 63 3 100 75109 2.062229135
86 43 3 100 226760 2.062267748
16 161 3 100 64552 2.062371695
64 114 3 100 1365502 2.062434254
69 107 3 100 1240948 2.062489066
78 4 3 100 47140 2.062500518
80 102 3 100 65323 2.062516797
91 72 3 100 9299 2.062547679
11 237 3 100 176400 2.062552678
107 76 3 100 27314 2.062592955
6 38 3 100 147804 2.062639089
28 92 3 100 56255 2.062849952
63 94 3 100 37571 2.062955179
21 54 3 100 3759796 2.063018489
72 196 3 100 69377 2.063019180
34 120 3 100 3714633 2.063026383
26 56 3 100 18050 2.063052212
25 49 3 100 16620 2.063055500
94 96 3 100 28626 2.063061419
92 52 3 100 4244 2.063081505
31 234 3 100 36432 2.063088222
96 97 3 100 20917 2.063088277
110 21 3 100 635184 2.063107904
116 27 3 100 6383862 2.063142327
123 90 3 100 44872 2.063187558
72 65 3 100 9442 2.063221648
87 232 3 100 4264231 2.063222761
84 16 3 100 3120715 2.063250279
11 93 3 100 2586170 2.063304026
48 5 3 100 37576 2.063361458
106 103 3 100 1511524 2.063385348
79 41 3 100 5758 2.063405113
11 136 3 100 48088 2.063408364
30 40 3 100 1524353 2.063450568
82 40 3 100 8420 2.063472443
58 90 3 100 27588 2.063570438
5 87 3 100 5808 2.063572865
104 69 3 100 58558 2.063588788
82 140 3 100 76035 2.063606743
57 44 3 100 2959787 2.063610451
33 105 3 100 83468 2.063627304
23 3 3 100 5709470 2.063669770
113 88 3 100 56832 2.063793328
93 1 3 100 1567353 2.063842015
43 211 3 100 5021 2.063894426
58 14 3 100 331142 2.063902282
102 42 3 100 6606 2.063930415
122 119 3 100 128540 2.063944584
46 18 3 100 23038 2.064058311
17 8 3 100 3638544 2.064061946
74 179 3 100 26339 2.064077555
123 127 3 100 1748923 2.064097080
78 41 3 100 21941585 2.064157660
4 7 3 100 1638 2.064372523
42 10 3 100 12187 2.064482123
126 44 3 100 4279705 2.064529514
10 184 3 100 1405127 2.064536847
32 84 3 100 24509 2.064570241
81 90 3 100 20893 2.064682661
85 3 3 100 3111605 2.064683205
13 0 3 100 36845 2.064780801
84 102 3 100 8277 2.064828040
17 154 3 100 142887 2.064847375
112 86 3 100 818883 2.064865789
9 106 3 100 3378426 2.064868110
27 23 3 100 1187394 2.064892323
71 4 3 100 277881 2.064896449
82 65 3 100 26937 2.064981177
127 204 3 100 64496 2.064991087
93 52 3 100 24036 2.065096985
38 115 3 100 515021 2.065108832
13 103 3 100 84905 2.065119823
94 86 3 100 1550176 2.065147732
32 37 3 100 7074145 2.065223757
13 170 3 100 93244 2.065229731
74 71 3 100 250 2.065247748
33 20 3 100 2127348 2.065258727
15 73 3 100 1661177 2.065280798
125 100 3 100 1285839 2.065296693
71 57 3 100 88500 2.065305363
81 142 3 100 62368 2.065321727
45 32 3 100 24547 2.065381919
127 63 3 100 22724 2.065411988
110 102 3 100 79578 2.065431190
42 0 3 100 23621497 2.065464815
119 1 3 100 2526801 2.065467261
39 140 3 100 24818659 2.065478609
57 88 3 100 395695 2.065507885
39 64 3 100 8044 2.065564725
40 76 3 100 9321 2.065568050
51 122 3 100 63580 2.065615083
50 62 3 100 2682567 2.065626215
27 161 3 100 4929611 2.065694583
23 94 3 100 3362273 2.065719588
80 43 3 100 6340 2.065723034
1 91 3 100 61597 2.065756641
119 54 3 100 4389 2.065766713
15 59 3 100 23236 2.065861660
70 232 3 100 14449094 2.065938857
92 41 3 100 1010506 2.065941456
26 125 3 100 53534 2.066014673
126 6 3 100 1650091 2.066026559
29 39 3 100 18828 2.066027268
52 36 3 100 20484 2.066041335
84 135 3 100 9159 2.066041896
127 104 3 100 3212 2.066075904
42 77 3 100 8692822 2.066083865
121 43 3 100 56410 2.066084744
76 96 3 100 140361 2.066085295
70 10 3 100 1481550 2.066098792
24 173 3 100 11062 2.066102161
64 100 3 100 14710 2.066108516
38 51 3 100 1628248 2.066133076
21 35 3 100 626647 2.066228872
53 85 3 100 10627044 2.066287001
16 82 3 100 3481527 2.066319083
97 142 3 100 2522266 2.066341531
118 5 3 100 1668124 2.066392539
39 64 3 100 6426 2.066427372
16 96 3 100 3465846 2.066484176
85 62 3 100 7346464 2.066501634
30 70 3 100 6826 2.066512373
44 201 3 100 40185 2.066518266
64 7 3 100 67541 2.066563860
54 119 3 100 551567 2.066566973
24 93 3 100 28881 2.066596806
125 111 3 100 5306 2.066604765
73 52 3 100 54379 2.066620852
127 154 3 100 71111 2.066631711
75 76 3 100 4594956 2.066642719
43 0 3 100 28697 2.066676733
61 107 3 100 12625 2.066783971
15 112 3 100 951125 2.066823982
85 70 3 100 154930 2.066922971
125 236 3 100 1453 2.066934026
69 3 3 100 41431 2.066937110
82 73 3 100 39427 2.066939650
38 89 3 100 32451 2.066971830
66 31 3 100 149540 2.067043605
76 126 3 100 6290 2.067062465
73 233 3 100 9660 2.067089552
106 41 3 100 59479 2.067091596
10 51 3 100 17947 2.067144854
123 71 3 100 27098 2.067175561
64 29 3 100 4194567 2.067181050
3 98 3 100 25176 2.067181730
24 181 3 100 18215 2.067222007
125 91 3 100 817152 2.067238399
10 114 3 100 9086 2.067259380
22 123 3 100 516122 2.067270994
41 99 3 100 20441901 2.067421990
34 51 3 100 132589 2.067440072
63 149 3 100 158721 2.067442206
110 66 3 100 13066173 2.067493408
17 72 3 100 13107683 2.067529464
72 56 3 100 3742992 2.067799676
60 101 3 100 31773 2.067804751
49 110 3 100 3080622 2.067820985
84 180 3 100 183620 2.067824329
73 125 3 100 78579 2.067847125
26 112 3 100 33568 2.067866584
65 113 3 100 818993 2.067972112
24 93 3 100 57897 2.067976924
77 118 3 100 5866 2.067998239
58 248 3 100 5448 2.068021625
47 0 3 100 8902314 2.068029832
96 25 3 100 3468 2.068119557
78 114 3 100 59826 2.068210386
6 89 3 100 80905 2.068234507
36 79 3 100 115126 2.068258681
116 147 3 100 4245296 2.068314198
119 98 3 100 41719 2.068388673
19 89 3 100 200536 2.068402832
107 77 3 100 3598568 2.068418574
82 62 3 100 54632 2.068435461
102 64 3 100 26067 2.068502012
111 129 3 100 10985 2.068554239
92 63 3 100 6782474 2.068640163
32 24 3 100 852324 2.068656906
51 33 3 100 6907 2.068670719
21 105 3 100 94983 2.068678146
54 26 3 100 43836 2.068863318
90 188 3 100 29422 2.068915107
89 112 3 100 61870 2.068917212
88 7 3 100 6009722 2.068923810
10 41 3 100 20728 2.068937996
37 15 3 100 22095130 2.068963416
106 90 3 100 4141046 2.068965505
111 185 3 100 117239 2.068984536
127 8 3 100 58732 2.068987686
122 61 3 100 63066 2.068994353
16 5 3 100 125 2.069010463
41 117 3 100 971668 2.069012650
1 67 3 100 595805 2.069019114
126 212 3 100 4718985 2.069060956
118 16 3 100 10141477 2.069100283
98 92 3 100 146252 2.069101884
120 102 3 100 992943 2.069129345
57 46 3 100 431743 2.069131646
71 115 3 100 23442 2.069143526
0 197 3 100 2245854 2.069177114
23 108 3 100 1081 2.069257780
107 52 3 100 6778 2.069301206
43 69 3 100 194254 2.069319309
99 25 3 100 276274 2.069395448
62 44 3 100 68497 2.069411215
107 241 3 100 3833675 2.069416439
72 19 3 100 947103 2.069428233
4 122 3 100 1381190 2.069434385
34 126 3 100 41830 2.069463829
115 90 3 100 109038 2.069473958
39 88 3 100 23692 2.069511097
34 247 3 100 46096 2.069539749
63 6 3 100 1422323 2.069559871
102 82 3 100 2427 2.069638510
13 46 3 100 20598 2.069664025
62 25 3 100 67247 2.069710878
115 18 3 100 5753 2.069745774
78 185 3 100 102 2.069762953
111 124 3 100 3242 2.069801758
124 6 3 100 409524 2.069804715
118 95 3 100 139421 2.069949914
103 68 3 100 2309621 2.069950375
65 102 3 100 8353949 2.070061203
19 207 3 100 27206 2.070117382
1 99 3 100 176591 2.070129383
11 92 3 100 37548 2.070219242
90 68 3 100 6180454 2.070337718
64 85 3 100 148878 2.070344885
33 88 3 100 3250146 2.070345936
93 158 3 100 4517240 2.070368143
35 95 3 100 750761 2.070392626
114 92 3 100 2353 2.070488487
30 45 3 100 71519 2.070538943
79 37 3 100 23574884 2.070621282
90 7 3 100 532156 2.070683175
116 146 3 100 35497 2.070768911
19 93 3 100 539783 2.070826364
67 86 3 100 14890 2.070839185
10 99 3 100 26922983 2.070883770
121 88 3 100 1481802 2.070886428
14 9 3 100 3239517 2.070898004
67 145 3 100 34050 2.070906159
28 30 3 100 3325204 2.070911322
27 119 3 100 160088 2.070917861
12 85 3 100 14743 2.071008084
1 14 3 100 744637 2.071052617
115 66 3 100 461035 2.071105260
67 208 3 100 7495 2.071229780
73 105 3 100 641373 2.071243382
77 63 3 100 90799 2.071277320
96 108 3 100 655502 2.071299861
111 60 3 100 31681 2.071411072
81 118 3 100 2189003 2.071460408
45 131 3 100 752 2.071477828
125 127 3 100 47133 2.071485687
37 74 3 100 6063176 2.071518567
1 121 3 100 9252417 2.071561118
33 123 3 100 47668 2.071574118
78 160 3 100 27999 2.071673995
40 66 3 100 995 2.071675528
121 45 3 100 6626281 2.071763260
73 126 3 100 44528 2.071848791
11 20 3 100 70533 2.071913418
62 13 3 100 26523 2.071946613
36 226 3 100 26067951 2.072015695
32 55 3 100 5626 2.072030969
34 111 3 100 29389 2.072055415
13 120 3 100 3390 2.072106567
98 64 3 100 16750 2.072267066
74 4 3 100 66985 2.072270656
61 223 3 100 22251 2.072344857
89 37 3 100 966130 2.072350073
89 104 3 100 13375867 2.072429685
8 98 3 100 40531 2.072436634
83 14 3 100 4855 2.072474855
96 78 3 100 3204559 2.072500719
8 190 3 100 176609 2.072529550
44 37 3 100 61456 2.072591087
89 15 3 100 1109003 2.072601119
68 16 3 100 5368 2.072627280
60 64 3 100 14174 2.072635517
39 12 3 100 1021241 2.072685366
87 189 3 100 66644 2.072703402
6 45 3 100 1962354 2.072713680
47 5 3 100 12875 2.072731115
100 122 3 100 9834949 2.072774144
97 106 3 100 9576 2.072809453
6 116 3 100 319950 2.072848223
107 242 3 100 774037 2.072859583
81 55 3 100 23886 2.072928269
28 73 3 100 4063965 2.072969110
87 124 3 100 2159 2.072970386
33 64 3 100 3006 2.073019423
77 100 3 100 4735 2.073043736
63 204 3 100 30039 2.073074087
12 43 3 100 27481 2.073125818
71 126 3 100 167166 2.073136122
78 104 3 100 77268 2.073169319
121 23 3 100 755993 2.073173154
79 97 3 100 51214 2.073263067
0 153 3 100 181679 2.073297707
79 15 3 100 50988 2.073327873
1 104 3 100 2463123 2.073332448
57 104 3 100 18922 2.073425954
87 89 3 100 2347569 2.073434670
29 90 3 100 49297 2.073459514
79 140 3 100 1470532 2.073468556
31 125 3 100 98119 2.073506396
119 5 3 100 39207 2.073516568
24 73 3 100 3635645 2.073526597
54 70 3 100 1719 2.073542846
35 24 3 100 12697 2.073556006
2 234 3 100 71325 2.073574976
124 28 3 100 6710 2.073585750
22 37 3 100 4526447 2.073812089
34 114 3 100 56772 2.073862710
91 32 3 100 30137 2.073900650
55 18 3 100 9573 2.073902585
2 171 3 100 3401 2.073907841
121 123 3 100 3318221 2.073946780
119 110 3 100 1931061 2.073987429
89 13 3 100 55138 2.074093312
108 63 3 100 389243 2.074106930
37 73 3 100 172844 2.074114138
97 178 3 100 9578 2.074190738
84 86 3 100 64576 2.074194220
59 29 3 100 3895613 2.074256000
120 34 3 100 8090222 2.074278608
51 65 3 100 7361 2.074325377
70 12 3 100 4682 2.074337268
11 236 3 100 8156 2.074337715
126 97 3 100 1466637 2.074465206
36 46 3 100 5306 2.074591645
118 42 3 100 25236628 2.074605924
23 109 3 100 9995 2.074673694
56 124 3 100 1371129 2.074684400
4 247 3 100 7800 2.074708659
7 119 3 100 3804 2.074763472
62 67 3 100 27888 2.074937082
21 94 3 100 15054 2.074962267
43 74 3 100 26201 2.075020616
98 21 3 100 29372 2.075021357
126 216 3 100 5219 2.075068983
45 90 3 100 5848 2.075095278
19 13 3 100 1813392 2.075105542
31 118 3 100 66648 2.075120621
4 47 3 100 9322 2.075123670
94 84 3 100 6048 2.075124880
106 179 3 100 2663271 2.075138067
103 115 3 100 9945 2.075145028
76 12 3 100 123070 2.075175043
32 16 3 100 26373 2.075189605
30 0 3 100 73263 2.075421590
88 120 3 100 62441 2.075422955
28 135 3 100 76606 2.075455638
21 49 3 100 7806 2.075510683
2 93 3 100 21168 2.075596413
18 6 3 100 542481 2.075628391
54 96 3 100 9398 2.075641934
27 39 3 100 1971439 2.075644595
26 246 3 100 47841 2.075753853
35 33 3 100 5950 2.075757230
42 64 3 100 7248261 2.075795276
107 97 3 100 1889082 2.075823586
41 107 3 100 1067848 2.075855288
117 115 3 100 6211381 2.075954412
120 153 3 100 9292 2.075979520
4 61 3 100 69756 2.075998444
98 16 3 100 2838 2.076003306
43 18 3 100 43756 2.076024525
27 28 3 100 8333730 2.076139184
13 111 3 100 6607454 2.076157596
77 246 3 100 38488 2.076192085
105 123 3 100 30159 2.076202953
122 24 3 100 4338182 2.076330041
91 23 3 100 41158 2.076343993
99 121 3 100 158163 2.076432128
77 185 3 100 2793309 2.076466232
64 77 3 100 3538 2.076480177
9 30 3 100 142523 2.076506793
109 51 3 100 75045 2.076601736
20 7 3 100 7847259 2.076679034
113 114 3 100 69263 2.076730109
26 158 3 100 2769 2.076783350
114 84 3 100 29573 2.076809985
102 73 3 100 1043399 2.076830953
72 1 3 100 4548294 2.076891049
113 29 3 100 6171 2.076892435
111 89 3 100 37731 2.076941627
45 158 3 100 3717 2.076962274
119 90 3 100 6033691 2.077041596
13 63 3 100 1651292 2.077044662
23 54 3 100 1082259 2.077068607
87 124 3 100 6632007 2.077080181
114 57 3 100 15111 2.077120595
77 168 3 100 8267 2.077127638
73 34 3 100 21360 2.077146981
88 39 3 100 6207947 2.077201468
32 23 3 100 3761715 2.077212139
103 15 3 100 27003 2.077213602
123 24 3 100 52255 2.077258003
12 224 3 100 1041158 2.077266892
117 4 3 100 31844 2.077299830
10 91 3 100 3609339 2.077319286
87 39 3 100 8255 2.077322577
125 10 3 100 685888 2.077401246
83 98 3 100 66189 2.077420510
20 249 3 100 67295 2.077484230
65 51 3 100 27426 2.077528565
115 31 3 100 35337 2.077620614
45 1 3 100 9637 2.077648758
80 43 3 100 23922 2.077669770
119 61 3 100 6136 2.077717306
109 155 3 100 86853 2.077727911
64 48 3 100 28547 2.077769909
56 118 3 100 4537367 2.077801596
67 59 3 100 4241093 2.077832731
93 81 3 100 14130157 2.077866133
116 97 3 100 676 2.077965635
30 254 3 100 5633845 2.077967777
60 11 3 100 684295 2.077985702
109 13 3 100 409238 2.077990741
90 35 3 100 39238 2.077994106
115 100 3 100 4991357 2.078123461
76 52 3 100 1089 2.078162124
14 152 3 100 9389 2.078244029
28 94 3 100 29199 2.078298055
0 3 3 100 3720336 2.078298401
39 116 3 100 240401 2.078429645
51 5 3 100 220978 2.078524768
92 93 3 100 8237 2.078534447
35 236 3 100 323163 2.078551591
77 119 3 100 330399 2.078568553
104 34 3 100 4171298 2.078620230
121 24 3 100 26198 2.078626021
30 41 3 100 769 2.078649806
38 96 3 100 23357 2.078662745
44 234 3 100 21460 2.078683656
96 33 3 100 8681737 2.078710221
13 28 3 100 34932 2.078768783
75 108 3 100 457569 2.078770145
101 122 3 100 47932 2.078792175
65 122 3 100 25499 2.078915407
26 245 3 100 2888 2.078925889
39 22 3 100 16104573 2.078949743
125 39 3 100 3510698 2.079042262
107 54 3 100 24823 2.079068838
121 19 3 100 503798 2.079089142
43 112 3 100 3122632 2.079123796
70 210 3 100 2010518 2.079176079
102 63 3 100 100285 2.079245030
12 94 3 100 1705 2.079258784
27 46 3 100 2177 2.079302408
30 94 3 100 217004 2.079303123
69 116 3 100 17561 2.079359010
9 223 3 100 8698 2.079415911
100 16 3 100 12508468 2.079442228
14 36 3 100 2138166 2.079487354
23 92 3 100 19558 2.079514589
48 55 3 100 2171668 2.079535714
26 23 3 100 67295 2.079611029
23 152 3 100 4524777 2.079693959
9 81 3 100 16999 2.079711924
61 40 3 100 65333 2.079714549
22 63 3 100 5889 2.079736692
5 56 3 100 399937 2.079761087
123 11 3 100 32609 2.079787380
112 241 3 100 3736001 2.079846751
43 88 3 100 65509 2.079865552
115 69 3 100 52065 2.079886143
22 60 3 100 1419 2.079982821
9 77 3 100 29973336 2.079985406
94 173 3 100 904195 2.080015581
123 54 3 100 246861 2.080071766
88 107 3 100 4290368 2.080137703
41 9 3 100 1687743 2.080149640
71 47 3 100 70052 2.080166486
86 11 3 100 60484 2.080182095
94 250 3 100 670967 2.080201420
17 109 3 100 4417802 2.080232785
29 104 3 100 83 2.080234523
119 58 3 100 1785867 2.080261044
4 89 3 100 47209 2.080371854
29 62 3 100 1210097 2.080415289
120 155 3 100 54927 2.080489243
100 102 3 100 4662 2.080502122
56 62 3 100 2026230 2.080543417
5 78 3 100 53271 2.080555872
52 65 3 100 45882 2.080567019
19 30 3 100 28580 2.080616707
52 186 3 100 2559390 2.080646333
33 61 3 100 1067406 2.080654346
72 51 3 100 29328 2.080730616
44 15 3 100 34937 2.080775338
77 91 3 100 91273 2.080824007
0 122 3 100 271708 2.080873003
52 213 3 100 620253 2.080880682
40 93 3 100 46692 2.080901029
73 54 3 100 1932698 2.080915375
84 65 3 100 1452595 2.080929834
22 93 3 100 965120 2.081122438
58 120 3 100 15254 2.081158683
1 214 3 100 183485 2.081202917
79 66 3 100 22944 2.081373333
37 100 3 100 10362 2.081379657
26 110 3 100 27678771 2.081427210
67 44 3 100 179880 2.081433909
100 44 3 100 4121523 2.081498047
40 179 3 100 103217 2.081524610
81 34 3 100 8217600 2.081544001
51 22 3 100 2489 2.081566490
100 27 3 100 7591 2.081567029
110 59 3 100 125124 2.081572584
9 113 3 100 109752 2.081573651
36 243 3 100 29218 2.081618526
78 73 3 100 123876 2.081623238
81 47 3 100 145543 2.081647748
1 56 3 100 3224 2.081654138
12 40 3 100 145668 2.081690341
41 43 3 100 4257651 2.081754917
52 160 3 100 6045519 2.081806829
107 34 3 100 51081 2.081809412
67 31 3 100 1276678 2.081810068
85 123 3 100 63746 2.081868273
112 108 3 100 1779781 2.081876281
109 15 3 100 24827 2.081912683
85 225 3 100 3214017 2.081913485
90 3 3 100 9372863 2.081936447
14 30 3 100 190684 2.081959961
72 33 3 100 8316951 2.082004382
36 108 3 100 2762862 2.082006585
63 99 3 100 3978109 2.082017366
5 230 3 100 39201 2.082026090
79 82 3 100 1921655 2.082109672
125 113 3 100 726 2.082116135
2 3 3 100 1136206 2.082118368
4 102 3 100 79149 2.082164987
3 78 3 100 22945 2.082335511
117 234 3 100 4108498 2.082347804
121 90 3 100 56582 2.082360680
22 67 3 100 15488 2.082364945
4 21 3 100 62516 2.082380164
46 111 3 100 27462 2.082418866
34 126 3 100 47949 2.082438783
95 169 3 100 3178 2.082524970
63 28 3 100 158725 2.082539047
84 31 3 100 1261 2.082548099
30 54 3 100 1334408 2.082615841
30 75 3 100 72109 2.082653719
24 110 3 100 22415 2.082790235
93 234 3 100 53943 2.082816105
120 24 3 100 817737 2.082924852
115 21 3 100 40590 2.082937181
35 122 3 100 1144782 2.082957612
21 47 3 100 23909 2.083006962
44 37 3 100 6361 2.083047796
103 154 3 100 2488599 2.083079129
92 107 3 100 59530 2.083086933
26 51 3 100 124733 2.083088283
68 64 3 100 9220215 2.083257908
15 52 3 100 2114332 2.083297988
58 91 3 100 2677 2.083303622
43 225 3 100 8648121 2.083386737
116 51 3 100 4679 2.083393322
93 60 3 100 4279780 2.083405880
70 61 3 100 10269 2.083425663
98 55 3 100 1414013 2.083444302
7 25 3 100 3188 2.083450282
107 177 3 100 72477 2.083546086
57 92 3 100 61821 2.083584651
15 117 3 100 14326 2.083585477
15 77 3 100 1379545 2.083688399
55 124 3 100 4776944 2.083735591
57 188 3 100 4460 2.083773061
19 105 3 100 64034 2.083874595
10 70 3 100 29935 2.083893533
6 116 3 100 22986 2.083896309
113 20 3 100 32897 2.083904038
98 123 3 100 33188 2.083909953
31 200 3 100 23746 2.083956164
69 86 3 100 67037 2.083956366
96 81 3 100 9806866 2.084038622
69 55 3 100 40865 2.084075877
76 90 3 100 55459 2.084102963
23 123 3 100 4681 2.084124992
26 197 3 100 2654851 2.084126208
48 45 3 100 50664 2.084136195
47 38 3 100 1241952 2.084156740
55 106 3 100 584797 2.084210043
42 123 3 100 6725471 2.084277410
37 39 3 100 67434 2.084288830
41 118 3 100 4523241 2.084310193
27 54 3 100 8704642 2.084362742
57 125 3 100 6130 2.084415415
24 38 3 100 18106 2.084418924
19 70 3 100 21238 2.084492678
118 173 3 100 266571 2.084496294
70 34 3 100 8089 2.084497729
35 95 3 100 53824 2.084503548
96 29 3 100 5698929 2.084537462
58 59 3 100 90210 2.084553755
126 38 3 100 15538 2.084579253
31 155 3 100 19178347 2.084583297
27 92 3 100 7317 2.084701782
76 8 3 100 6345 2.084701996
88 27 3 100 6422569 2.084705894
32 71 3 100 60860 2.084719453
60 52 3 100 1892695 2.084757573
56 210 3 100 28910254 2.084760324
7 104 3 100 53211 2.084779808
105 84 3 100 7116652 2.084794254
98 20 3 100 1475907 2.084824673
107 84 3 100 5211806 2.084910146
49 59 3 100 73755 2.084941795
35 77 3 100 89595 2.084977165
113 81 3 100 8809 2.085012645
91 50 3 100 4315 2.085016641
106 110 3 100 29279 2.085037216
126 83 3 100 1427952 2.085039382
127 145 3 100 8140 2.085057141
4 60 3 100 36375 2.085060775
106 85 3 100 64624 2.085102453
32 64 3 100 156031 2.085104663
79 100 3 100 114640 2.085133107
96 118 3 100 53639 2.085153324
56 242 3 100 7690706 2.085172305
118 56 3 100 1289798 2.085187401
31 52 3 100 1305853 2.085257224
104 1 3 100 3052788 2.085258020
14 96 3 100 545226 2.085288041
4 11 3 100 1594595 2.085290462
57 147 3 100 1045748 2.085345841
41 14 3 100 1332310 2.085355527
98 82 3 100 56067 2.085357637
9 20 3 100 7129332 2.085393991
54 116 3 100 4684 2.085434284
79 34 3 100 8778 2.085438583
26 243 3 100 3239771 2.085447618
0 27 3 100 75085 2.085463577
36 50 3 100 43071 2.085505004
57 2 3 100 4040 2.085516804
80 127 3 100 78913 2.085528271
127 35 3 100 192198 2.085535395
69 178 3 100 36147 2.085610401
57 77 3 100 561535 2.085677116
22 43 3 100 7155 2.085728272
71 40 3 100 369455 2.085738465
77 35 3 100 38381 2.085741179
112 143 3 100 20461841 2.085772497
61 39 3 100 1692 2.085774473
24 19 3 100 77668 2.085812258
30 125 3 100 28570 2.085904907
67 113 3 100 67489 2.085905535
126 15 3 100 147209 2.085939385
66 148 3 100 523360 2.085949202
60 17 3 100 36899 2.085969006
81 58 3 100 2011802 2.086026603
78 16 3 100 106046 2.086034623
78 35 3 100 225266 2.086098086
51 77 3 100 113354 2.086114678
112 165 3 100 1777743 2.086132162
100 10 3 100 3238382 2.086137777
116 99 3 100 25051 2.086191364
31 54 3 100 3176000 2.086204403
27 92 3 100 2418224 2.086214120
34 121 3 100 20987 2.086227516
26 249 3 100 5780 2.086329313
12 102 3 100 2685459 2.086344373
27 25 3 100 4934996 2.086351089
44 77 3 100 307873 2.086371768
99 119 3 100 44785 2.086375778
77 14 3 100 3628001 2.086386676
55 244 3 100 20706 2.086406702
22 27 3 100 9775035 2.086460062
119 99 3 100 2363 2.086484799
122 65 3 100 7099 2.086489987
90 39 3 100 2817226 2.086524354
115 130 3 100 68409 2.086618740
64 65 3 100 1785849 2.086668601
0 127 3 100 36358 2.086682885
111 63 3 100 18541 2.086852888
21 45 3 100 2522629 2.086909323
33 83 3 100 6399 2.086969788
15 165 3 100 926189 2.087089786
22 97 3 100 66976 2.087184952
15 126 3 100 65399 2.087218751
20 51 3 100 8880 2.087236987
56 93 3 100 5617 2.087282280
48 22 3 100 493635 2.087289566
51 150 3 100 77229 2.087361085
108 46 3 100 2843498 2.087374501
13 66 3 100 505750 2.087383205
31 22 3 100 9903299 2.087415815
105 127 3 100 5651 2.087592337
43 49 3 100 33600 2.087611286
9 227 3 100 9509357 2.087661355
5 72 3 100 78435 2.087695768
58 13 3 100 9628 2.087704396
87 59 3 100 8636 2.087706845
43 61 3 100 9363 2.087784367
23 18 3 100 19549 2.087786397
32 245 3 100 237038 2.087796060
59 44 3 100 10434 2.087853026
13 27 3 100 1166014 2.087866629
30 41 3 100 218432 2.087963033
13 73 3 100 1429163 2.088010123
120 85 3 100 1740249 2.088041203
53 191 3 100 71873 2.088076686
82 122 3 100 2710 2.088078355
119 121 3 100 37758 2.088116629
28 7 3 100 35200 2.088131215
26 121 3 100 835429 2.088165566
63 123 3 100 1867176 2.088171066
73 239 3 100 2908603 2.088172143
30 67 3 100 30216 2.088270285
20 100 3 100 9578 2.088303174
31 60 3 100 1408 2.088316114
92 45 3 100 1949278 2.088337214
116 62 3 100 4101 2.088353034
122 151 3 100 793513 2.088363610
85 106 3 100 54245 2.088383323
89 78 3 100 58942 2.088407569
12 126 3 100 26484322 2.088496838
105 110 3 100 6204 2.088500182
30 158 3 100 649 2.088504841
23 3 3 100 33060 2.088541752
124 13 3 100 1733901 2.088691973
43 48 3 100 22590 2.088807435
125 90 3 100 862729 2.088837860
32 123 3 100 5723 2.088843269
92 201 3 100 188113 2.088917132
106 24 3 100 5727 2.088964907
49 50 3 100 3317267 2.088984331
42 95 3 100 1327679 2.089003404
46 70 3 100 14524 2.089015025
18 17 3 100 8447 2.089050038
104 51 3 100 8514 2.089101723
123 12 3 100 8779 2.089106030
114 19 3 100 2799855 2.089144176
17 88 3 100 9902 2.089166618
14 243 3 100 18542 2.089283252
75 73 3 100 611125 2.089290706
16 125 3 100 3180874 2.089325573
45 106 3 100 48726 2.089340698
38 50 3 100 9879337 2.089342956
76 1 3 100 1987383 2.089389677
27 234 3 100 704229 2.089411990
19 101 3 100 3788 2.089433441
64 73 3 100 2798117 2.089490146
47 78 3 100 169664 2.089564823
61 44 3 100 34085 2.089592309
36 23 3 100 15906 2.089899031
73 118 3 100 272665 2.089934378
48 63 3 100 65957 2.089971881
112 60 3 100 4235858 2.090079550
6 199 3 100 7503 2.090092624
88 109 3 100 76281 2.090136864
91 79 3 100 23565 2.090145768
102 86 3 100 2831655 2.090152221
126 71 3 100 887191 2.090195041
58 152 3 100 4569278 2.090206622
29 56 3 100 7133 2.090221934
73 39 3 100 26375 2.090240462
83 6 3 100 25140 2.090351420
117 53 3 100 21114 2.090391143
3 183 3 100 36324 2.090393348
34 121 3 100 30930 2.090429432
114 113 3 100 21633378 2.090449052
15 85 3 100 3952 2.090449700
98 79 3 100 1413478 2.090494557
87 80 3 100 43611 2.090509785
44 211 3 100 74965 2.090514355
49 6 3 100 1463690 2.090559322
87 122 3 100 26783 2.090566137
107 29 3 100 8793 2.090568473
19 58 3 100 4638583 2.090585794
80 192 3 100 37115 2.090667250
17 62 3 100 102375 2.090765356
35 6 3 100 5603 2.090793232
82 105 3 100 7173 2.090817323
32 10 3 100 171346 2.090832674
76 12 3 100 29416 2.090933640
28 252 3 100 93158 2.090956425
113 68 3 100 8024246 2.090974800
67 80 3 100 2817354 2.090990168
122 107 3 100 20551 2.091014425
62 38 3 100 468549 2.091111712
87 28 3 100 1256311 2.091151982
48 187 3 100 29385 2.091161772
71 108 3 100 37305 2.091218121
105 58 3 100 55331 2.091351730
59 2 3 100 68379 2.091401273
112 2 3 100 28432 2.091420811
53 237 3 100 9869 2.091495410
110 115 3 100 21702 2.091539178
33 74 3 100 1793842 2.091613472
69 38 3 100 1843527 2.091757083
13 236 3 100 47073 2.091786667
6 76 3 100 57799 2.091835501
85 111 3 100 58618 2.091851927
74 25 3 100 2689737 2.091926016
96 50 3 100 1106190 2.091942313
35 110 3 100 46328 2.091978124
33 147 3 100 608084 2.092076007
115 33 3 100 76189 2.092076598
36 99 3 100 25995 2.092120431
94 43 3 100 29221 2.092138674
111 25 3 100 29617169 2.092188982
21 55 3 100 24874831 2.092191377
80 201 3 100 31293 2.092249215
9 124 3 100 810051 2.092265792
118 66 3 100 56453 2.092280433
71 109 3 100 21384 2.092287604
29 62 3 100 51075 2.092315824
36 152 3 100 5862 2.092326472
108 115 3 100 106094 2.092363360
18 4 3 100 509383 2.092415806
121 6 3 100 837545 2.092461558
7 26 3 100 72191 2.092486516
39 156 3 100 3158784 2.092509078
58 39 3 100 2959520 2.092529005
108 42 3 100 182899 2.092630312
47 78 3 100 529 2.092636536
95 149 3 100 177901 2.092664456
3 127 3 100 4736070 2.092678821
108 122 3 100 969595 2.092734002
36 52 3 100 17208181 2.092737496
43 103 3 100 1472890 2.092866607
76 90 3 100 8667 2.092927838
22 116 3 100 42085 2.093057705
22 214 3 100 549664 2.093105369
83 127 3 100 56426 2.093116355
98 6 3 100 345982 2.093129662
103 98 3 100 121482 2.093204035
18 244 3 100 71451 2.093410033
35 99 3 100 292303 2.093456428
24 93 3 100 820762 2.093469360
27 76 3 100 29459 2.093529495
26 35 3 100 4327668 2.093680993
59 0 3 100 1571196 2.093694209
35 57 3 100 12906 2.093794493
59 203 3 100 52109 2.093801223
34 1 3 100 297010 2.093861665
91 35 3 100 42813 2.093870196
101 54 3 100 32812 2.093885203
48 119 3 100 59197 2.093914451
119 56 3 100 22415 2.093954021
10 202 3 100 5595 2.094066494
82 94 3 100 34792 2.094156536
80 76 3 100 3001 2.094245803
49 177 3 100 22844 2.094389684
9 26 3 100 9841251 2.094596359
39 34 3 100 42257 2.094642668
101 61 3 100 65198 2.094674933
8 84 3 100 9877 2.094718829
18 186 3 100 54199 2.094719364
123 60 3 100 27681 2.094790564
79 74 3 100 18325 2.094924900
127 97 3 100 8299 2.094942570
28 185 3 100 1855 2.094997794
115 59 3 100 25306 2.095074585
58 33 3 100 4617606 2.095083222
20 29 3 100 48762 2.095093160
72 230 3 100 1477725 2.095122756
127 103 3 100 156122 2.095149403
41 107 3 100 1365011 2.095336287
66 20 3 100 5897 2.095357248
113 13 3 100 64113 2.095399037
42 37 3 100 11176 2.095510794
5 211 3 100 691400 2.095511379
87 88 3 100 5685 2.095514154
7 1 3 100 275150 2.095610475
93 77 3 100 53593 2.095699184
9 131 3 100 76273 2.095792232
30 123 3 100 692472 2.095836020
36 5 3 100 2543504 2.096050627
5 152 3 100 8477563 2.096158658
36 24 3 100 2991457 2.096209678
79 127 3 100 135550 2.096245875
37 78 3 100 4681704 2.096293237
80 83 3 100 7640 2.096317970
102 178 3 100 17957 2.096554467
21 83 3 100 25586 2.096604652
48 30 3 100 26676 2.096685708
10 103 3 100 10489 2.096766243
10 237 3 100 708213 2.096796011
37 30 3 100 14300 2.096959248
102 127 3 100 24198 2.097187672
5 126 3 100 579212 2.097213357
13 35 3 100 1079238 2.097225513
5 239 3 100 40696 2.097246094
78 177 3 100 4805277 2.097450263
9 0 3 100 19268 2.097492806
43 35 3 100 35263 2.097801877
45 169 3 100 28627 2.097939646
76 16 3 100 242 2.097957946
90 33 3 100 28212 2.098016815
10 126 3 100 4228 2.098016834
90 97 3 100 38267 2.098024310
90 2 3 100 396 2.098166423
77 55 3 100 1399364 2.098305917
72 131 3 100 1203080 2.098496515
107 36 3 100 3402 2.098542506
43 6 3 100 20230 2.098788188
49 92 3 100 68495 2.098928089
77 27 3 100 24859 2.099018771
116 155 3 100 102325 2.099238428
9 115 3 100 39729 2.099248629
9 108 3 100 501916 2.099276377
80 25 3 100 28411 2.099380050
95 4 3 100 66625 2.099554490
