776 
110 112 3 100 1454 2.000045822
55 21 3 100 74886 2.000048247
122 60 3 100 57982 2.000073099
93 26 3 100 1655192 2.000189991
71 62 3 100 513199 2.000221479
72 129 3 100 18079674 2.000316099
71 3 3 100 612501 2.000429297
105 107 3 100 347752 2.000797448
45 68 3 100 219973 2.000895168
0 51 3 100 1947 2.001171150
53 117 3 100 23474 2.001196032
29 128 3 100 2354706 2.001213697
111 75 3 100 20310 2.001246318
38 35 3 100 13180 2.001488048
63 65 3 100 613261 2.001581501
92 86 3 100 28697 2.001603069
97 60 3 100 24623 2.001754117
29 131 3 100 25614 2.001832256
89 114 3 100 1026164 2.002038543
61 93 3 100 257004 2.002208953
23 5 3 100 46210 2.002281522
43 53 3 100 48198 2.002301810
45 62 3 100 1269095 2.002330325
13 131 3 100 1195375 2.002503469
8 112 3 100 138085 2.002556902
31 100 3 100 9196763 2.002626110
27 2 3 100 11325 2.002674826
65 99 3 100 9660980 2.002707815
106 99 3 100 25956 2.002732981
69 130 3 100 36940 2.002740306
59 6 3 100 3684142 2.002824517
12 91 3 100 4546297 2.002953580
91 4 3 100 8687 2.003414528
8 62 3 100 23664 2.003539791
26 88 3 100 9441802 2.003895685
56 131 3 100 958582 2.003991142
75 72 3 100 160467 2.003999984
40 5 3 100 61709 2.004120053
73 121 3 100 65364 2.004677504
103 35 3 100 48387 2.004744259
101 57 3 100 29680921 2.004898469
64 130 3 100 2637000 2.005025946
101 11 3 100 35040 2.005027282
91 37 3 100 401831 2.005040672
40 117 3 100 5428 2.005293767
12 35 3 100 198069 2.005412121
119 18 3 100 68975 2.005520772
56 130 3 100 16050 2.005634475
92 17 3 100 71652 2.005887909
10 78 3 100 700902 2.006006048
77 117 3 100 55718 2.006047817
126 54 3 100 1808223 2.006176322
87 19 3 100 2452153 2.006237727
4 128 3 100 309251 2.006304936
68 7 3 100 9457 2.006314615
85 125 3 100 2997734 2.006420687
38 60 3 100 7155735 2.006585354
111 98 3 100 171409 2.006606497
50 30 3 100 22865 2.006650394
71 131 3 100 1608943 2.006811410
45 75 3 100 20039 2.007027571
119 90 3 100 146928 2.007275868
54 75 3 100 104099 2.007327423
121 29 3 100 819675 2.007370840
10 66 3 100 42220 2.007379058
116 130 3 100 11728 2.007389668
6 127 3 100 8977 2.007829058
110 44 3 100 15689735 2.008287495
37 47 3 100 40513 2.008343764
24 89 3 100 5788 2.008489938
112 96 3 100 21815 2.008536822
39 128 3 100 8749 2.008779015
0 46 3 100 3152 2.008821691
49 63 3 100 7425090 2.008838289
1 108 3 100 1455854 2.008973727
76 65 3 100 38466 2.009063934
86 101 3 100 782918 2.009312477
34 130 3 100 6835574 2.009352856
88 86 3 100 1528334 2.009375098
81 7 3 100 79209 2.009437723
73 32 3 100 317343 2.009482759
121 79 3 100 98924 2.009570526
122 99 3 100 11271 2.009619251
0 128 3 100 114102 2.009705248
27 58 3 100 4212 2.009720962
120 7 3 100 2420169 2.010063171
67 122 3 100 23510 2.010112155
102 109 3 100 6446 2.010315146
41 2 3 100 531 2.010421300
49 130 3 100 29449 2.010498186
115 77 3 100 27608 2.010677865
87 116 3 100 70828 2.010783744
20 25 3 100 26191 2.010899447
20 27 3 100 26342 2.011246976
2 3 3 100 2419650 2.011345521
83 128 3 100 4285732 2.011371181
84 111 3 100 18797 2.011452688
125 85 3 100 14968 2.011523584
101 127 3 100 94561 2.011539057
16 94 3 100 648367 2.011709804
25 39 3 100 113901 2.011735243
62 129 3 100 71394 2.011864712
35 119 3 100 2201159 2.011893179
109 81 3 100 46790 2.011978454
69 5 3 100 9465258 2.011983993
7 114 3 100 19763 2.011992030
37 23 3 100 9703929 2.012346966
10 131 3 100 49082 2.012386010
43 4 3 100 813022 2.012567249
53 116 3 100 3311007 2.012603335
30 26 3 100 7717 2.012745481
16 20 3 100 20019628 2.012770604
79 60 3 100 41082 2.012780530
38 130 3 100 70981 2.012881006
9 75 3 100 20311 2.013000220
118 37 3 100 58342 2.013031692
93 72 3 100 384080 2.013062542
33 44 3 100 7476 2.013209424
45 47 3 100 1695946 2.013368275
51 131 3 100 17313 2.013418349
63 62 3 100 55759 2.013477047
103 48 3 100 198555 2.013522499
1 76 3 100 1616583 2.013666871
117 8 3 100 29462 2.013827230
35 124 3 100 6785 2.013872996
77 129 3 100 32295 2.014058501
0 90 3 100 8600 2.014170123
31 30 3 100 36500 2.014345014
79 17 3 100 46517 2.014522007
34 112 3 100 25932573 2.014620724
76 89 3 100 3430183 2.014721917
108 130 3 100 27057 2.014862412
77 52 3 100 3758052 2.015026302
83 45 3 100 158317 2.015078609
75 14 3 100 16146 2.015187710
24 46 3 100 3921611 2.015764203
4 73 3 100 1577 2.015952103
78 129 3 100 22601 2.015985557
103 52 3 100 1892189 2.016109056
113 12 3 100 5065 2.016158923
26 113 3 100 66965 2.016461178
104 56 3 100 78224 2.016478355
110 82 3 100 444712 2.016735839
56 129 3 100 22918 2.016797252
45 74 3 100 3575 2.016821955
66 40 3 100 1612957 2.016948503
54 103 3 100 21160 2.016981861
15 63 3 100 1188 2.017246992
112 47 3 100 51410 2.017334346
99 130 3 100 42208 2.017700934
28 8 3 100 3845888 2.017701701
92 75 3 100 6094 2.017739160
15 31 3 100 1517375 2.017914588
27 87 3 100 25127354 2.017983606
100 56 3 100 799302 2.018167926
82 130 3 100 129296 2.018188949
104 29 3 100 58239 2.018318737
124 68 3 100 18072 2.018815512
45 57 3 100 71885 2.018930893
22 73 3 100 29771 2.018942846
121 92 3 100 67392 2.019064372
125 131 3 100 671133 2.019137161
42 57 3 100 75337 2.019319625
64 13 3 100 171889 2.019592258
111 82 3 100 4494 2.019597295
126 91 3 100 21142 2.019655171
3 31 3 100 1810113 2.019738939
66 131 3 100 334887 2.019780860
38 48 3 100 28749 2.019884421
54 65 3 100 119005 2.020255421
85 73 3 100 14996 2.020312250
41 16 3 100 1600884 2.020590179
59 25 3 100 3658 2.020714489
11 128 3 100 1626481 2.020839487
78 96 3 100 277779 2.020961188
104 75 3 100 19581 2.021044494
41 4 3 100 2541827 2.021128053
20 26 3 100 2766058 2.021369349
114 126 3 100 30774 2.021390517
2 130 3 100 1737784 2.021564143
106 55 3 100 827973 2.021603848
84 31 3 100 1201587 2.021746555
87 114 3 100 1682775 2.021803797
95 39 3 100 77189 2.021962355
17 87 3 100 55427 2.021998544
15 129 3 100 172036 2.022056784
78 118 3 100 27742 2.022095511
28 69 3 100 3606 2.022159940
113 126 3 100 8207658 2.022221754
88 12 3 100 24482 2.022250142
56 23 3 100 9465006 2.022310949
97 130 3 100 1774 2.022324766
28 115 3 100 4642401 2.022367413
71 69 3 100 171876 2.022566232
121 9 3 100 76663 2.022632439
34 67 3 100 43669 2.022636273
102 119 3 100 4251845 2.022682285
125 131 3 100 1280770 2.022714133
26 36 3 100 23266 2.022987372
56 69 3 100 5320059 2.023071393
79 33 3 100 59443 2.023112921
5 103 3 100 130749 2.023243057
36 104 3 100 128433 2.023281971
49 131 3 100 4200 2.023461085
25 54 3 100 1705631 2.023518028
94 0 3 100 737908 2.023523214
3 39 3 100 15806 2.023565742
100 85 3 100 1867523 2.023832363
10 22 3 100 112536 2.023842543
49 129 3 100 385445 2.023924259
7 53 3 100 74511 2.023945982
125 108 3 100 4003373 2.024145234
97 18 3 100 27711 2.024241016
98 49 3 100 51074 2.024579819
111 69 3 100 6198313 2.024745204
97 130 3 100 4905 2.024800602
119 59 3 100 37527 2.024961183
94 36 3 100 1664773 2.025006845
102 94 3 100 800753 2.025080770
23 69 3 100 27604811 2.025161090
91 41 3 100 9737 2.025237847
66 130 3 100 21495 2.025430593
93 8 3 100 740467 2.025435772
38 18 3 100 5054 2.025559120
69 90 3 100 21890 2.025749132
50 75 3 100 176320 2.025769201
52 76 3 100 37644 2.025782919
45 131 3 100 44597 2.025840639
46 80 3 100 28134550 2.025894750
119 76 3 100 951674 2.025995885
91 102 3 100 279566 2.026235444
32 110 3 100 23817 2.026346596
19 68 3 100 82944 2.026614167
95 130 3 100 1127088 2.026627477
60 67 3 100 46156 2.026808685
44 20 3 100 1019 2.026827678
126 122 3 100 4836 2.026985688
93 121 3 100 1425915 2.026999811
106 57 3 100 77597 2.027209171
19 130 3 100 21101 2.027300619
101 81 3 100 23558 2.027322391
65 52 3 100 655071 2.027333557
38 63 3 100 6558513 2.027423246
116 103 3 100 8538 2.027584014
90 36 3 100 1906050 2.027981519
97 129 3 100 2171729 2.028107727
43 8 3 100 16382 2.028496395
25 100 3 100 22748 2.028583397
106 29 3 100 5740 2.028615482
111 67 3 100 4521333 2.028855338
8 124 3 100 61261 2.029134211
58 128 3 100 2962570 2.029197653
82 76 3 100 10790951 2.029232315
18 39 3 100 77517 2.029248510
59 54 3 100 36468 2.029400596
58 76 3 100 3856194 2.029619105
110 53 3 100 21806 2.029750369
120 128 3 100 76099 2.029761431
109 27 3 100 2202 2.029881034
80 89 3 100 1094977 2.029942079
12 72 3 100 662711 2.029971922
106 39 3 100 187286 2.030250249
11 15 3 100 6832 2.030354044
47 130 3 100 68871 2.030482274
17 4 3 100 197961 2.030566199
70 21 3 100 143092 2.030731165
51 32 3 100 145127 2.030764033
9 69 3 100 29807 2.030920134
63 22 3 100 5985 2.031126013
125 131 3 100 27206283 2.031193143
93 14 3 100 39468 2.031380998
28 55 3 100 34997 2.031462181
18 40 3 100 803945 2.031752683
103 43 3 100 7588013 2.031795108
36 25 3 100 4318929 2.031944590
121 130 3 100 94589 2.032005003
40 15 3 100 4934 2.032135321
96 28 3 100 18713 2.032304570
109 122 3 100 109800 2.032353955
105 13 3 100 5775531 2.032405456
112 41 3 100 558661 2.032441792
78 131 3 100 34672 2.032468843
12 88 3 100 5971 2.032748857
11 33 3 100 22442 2.032810883
15 47 3 100 11687 2.032819950
99 118 3 100 6773895 2.032881136
43 22 3 100 26129 2.032932590
110 128 3 100 38558 2.032955703
67 1 3 100 28048 2.032982707
127 107 3 100 892161 2.033196070
58 105 3 100 33916 2.033361996
84 2 3 100 31242 2.033448282
47 131 3 100 75160 2.033509575
6 58 3 100 1650956 2.033747430
103 78 3 100 3799237 2.033831492
126 121 3 100 103667 2.033837639
110 120 3 100 90068 2.034062920
96 78 3 100 305060 2.034362838
90 130 3 100 58004 2.034526899
101 17 3 100 79892 2.034722770
22 123 3 100 2825 2.034750544
78 58 3 100 2373994 2.034976422
75 10 3 100 123100 2.035001076
24 31 3 100 31831 2.035146717
102 128 3 100 3224365 2.035156421
58 46 3 100 2156148 2.035219438
77 22 3 100 15073 2.035261461
25 115 3 100 193500 2.035451805
95 82 3 100 197085 2.035484068
25 42 3 100 4338744 2.035515894
93 128 3 100 870774 2.035705481
37 80 3 100 75339 2.035918435
97 50 3 100 5891 2.035936168
11 22 3 100 37461 2.036108694
90 102 3 100 9618024 2.036181601
35 0 3 100 23677 2.036300806
102 131 3 100 3116764 2.036344977
65 22 3 100 977550 2.036401834
35 123 3 100 258 2.037244620
19 12 3 100 12356 2.037415736
99 111 3 100 23799 2.037450346
9 83 3 100 83162 2.037765637
89 131 3 100 5155 2.037954019
86 29 3 100 46692 2.037990042
2 61 3 100 1719442 2.038201663
26 88 3 100 43026 2.038406113
28 64 3 100 24551 2.038750863
42 81 3 100 16591749 2.038773052
66 128 3 100 26726 2.038822770
70 6 3 100 20128 2.038856029
1 118 3 100 141695 2.038892587
9 91 3 100 3710912 2.038900729
95 72 3 100 11401 2.038917964
47 81 3 100 914056 2.038942856
43 131 3 100 4213492 2.038955398
27 55 3 100 7600 2.039060973
105 32 3 100 7993237 2.039099109
37 67 3 100 85394 2.039139883
57 55 3 100 4545076 2.039245195
51 65 3 100 23199 2.039845749
87 128 3 100 9267 2.039970003
91 126 3 100 4678 2.040329402
20 75 3 100 139060 2.040345593
72 5 3 100 25298 2.040346289
42 27 3 100 75 2.040383306
96 72 3 100 1005566 2.040670955
100 129 3 100 8387 2.040774446
4 22 3 100 703 2.041157056
23 72 3 100 26393 2.041604864
112 32 3 100 31098 2.041609122
104 90 3 100 69111 2.041731933
115 82 3 100 17779 2.041806606
126 131 3 100 13361649 2.042187205
117 69 3 100 8529161 2.042264412
99 113 3 100 4107222 2.042473774
60 25 3 100 25979067 2.042596268
115 109 3 100 6133 2.042627494
125 13 3 100 60488 2.042676568
117 128 3 100 4903 2.042747482
117 57 3 100 40188 2.042750237
86 87 3 100 6860 2.042763560
37 117 3 100 9518717 2.042808963
100 50 3 100 42772 2.042809442
38 52 3 100 67665 2.042960985
50 131 3 100 125759 2.043014543
87 31 3 100 1316857 2.043016056
31 107 3 100 527230 2.043205930
23 69 3 100 16680 2.043419751
50 60 3 100 21287 2.043631632
116 26 3 100 47539 2.043680065
33 128 3 100 1356 2.043705521
31 42 3 100 536 2.043748068
2 23 3 100 73463 2.044098022
52 92 3 100 4687 2.044232288
38 67 3 100 2248 2.044417006
30 27 3 100 62127 2.044541790
110 128 3 100 4318 2.044585086
100 104 3 100 9597168 2.044669648
77 27 3 100 4124 2.044672360
99 75 3 100 6415968 2.044883385
61 10 3 100 26689 2.044954349
111 116 3 100 151378 2.045084826
101 128 3 100 14667963 2.045087003
57 25 3 100 3442756 2.045173942
93 118 3 100 46353 2.045249169
80 81 3 100 2455946 2.045318542
56 29 3 100 1337973 2.045371579
47 68 3 100 25844 2.045381509
87 131 3 100 28671 2.045509932
126 18 3 100 3818468 2.045581691
101 24 3 100 66892 2.046189190
20 120 3 100 3320 2.046266308
16 67 3 100 6648 2.046473641
74 128 3 100 2415423 2.046549206
46 53 3 100 696169 2.046839999
123 96 3 100 3084 2.047285271
74 18 3 100 3789776 2.047433614
112 114 3 100 9082 2.047566498
77 123 3 100 981028 2.047652104
54 131 3 100 4303171 2.047833845
115 119 3 100 28985 2.047846816
96 112 3 100 1745972 2.047858746
65 11 3 100 1218038 2.048028567
35 28 3 100 133276 2.048197265
8 12 3 100 16991365 2.048371760
65 128 3 100 45077 2.048537194
89 52 3 100 3733 2.048595720
50 108 3 100 2373959 2.048612273
73 25 3 100 4435905 2.048614588
94 80 3 100 1371971 2.048942939
35 100 3 100 1806611 2.049137387
81 131 3 100 6020265 2.049209576
51 109 3 100 59097 2.049527082
50 65 3 100 27266 2.049582852
107 103 3 100 194472 2.049586393
74 71 3 100 21632838 2.050018616
29 73 3 100 1102850 2.050024585
60 130 3 100 22608 2.050308559
91 33 3 100 955 2.050322817
50 63 3 100 37638 2.050432202
69 71 3 100 1656329 2.050792231
12 68 3 100 28376 2.050936419
108 99 3 100 5440637 2.051052463
21 130 3 100 2156537 2.051210494
45 102 3 100 4745 2.051326575
79 37 3 100 377146 2.051524748
4 108 3 100 947342 2.051525158
90 71 3 100 26947 2.051677577
69 45 3 100 512029 2.051699779
85 128 3 100 2029806 2.051720072
24 50 3 100 2645 2.052150014
26 119 3 100 63872 2.052201189
22 41 3 100 5508 2.052246968
6 31 3 100 7880076 2.052295133
21 58 3 100 5023225 2.052380482
91 18 3 100 23238 2.052736013
3 106 3 100 9605275 2.052935105
122 70 3 100 79402 2.052958766
63 40 3 100 34995 2.052959179
10 114 3 100 26302 2.053120378
39 129 3 100 22842805 2.053127564
110 38 3 100 7698 2.053250481
27 19 3 100 70761 2.053261729
74 78 3 100 3943837 2.053325319
35 77 3 100 1272255 2.053428109
127 7 3 100 298384 2.053475716
119 128 3 100 31054 2.053572667
90 123 3 100 1581619 2.053669469
45 0 3 100 5592792 2.053889826
108 55 3 100 55712 2.053890155
125 30 3 100 6259578 2.053999734
124 121 3 100 8778 2.054086373
20 131 3 100 267062 2.054273141
96 99 3 100 297538 2.054348785
78 126 3 100 45945 2.054429841
119 79 3 100 44 2.054452373
85 119 3 100 1326 2.054489441
44 90 3 100 47034 2.054572333
4 128 3 100 5337235 2.054612845
115 109 3 100 1117898 2.054770677
13 85 3 100 6996 2.054961959
38 14 3 100 7527081 2.055000813
36 79 3 100 25504 2.055020493
90 129 3 100 1405609 2.055054667
90 120 3 100 1509 2.055056326
8 40 3 100 5743105 2.055209991
75 107 3 100 9731 2.055304451
71 123 3 100 1517723 2.055310185
78 27 3 100 5814928 2.055487710
12 129 3 100 21130 2.055595362
86 24 3 100 15791282 2.055693149
81 107 3 100 18077 2.055744684
24 2 3 100 7571085 2.055798385
121 89 3 100 5732 2.055799582
26 19 3 100 35100 2.056043748
119 130 3 100 8843817 2.056081627
51 8 3 100 893015 2.056091006
21 5 3 100 126326 2.056260343
122 79 3 100 1231 2.056296506
52 62 3 100 1791990 2.056506951
124 112 3 100 925130 2.056605682
89 131 3 100 4760459 2.056664911
34 23 3 100 65005 2.056689979
118 21 3 100 50969 2.056784480
19 119 3 100 3791432 2.057000954
14 66 3 100 50757 2.057040656
105 24 3 100 29024 2.057088153
65 128 3 100 62130 2.057326469
64 103 3 100 25939 2.057496605
19 63 3 100 2925 2.057555504
100 124 3 100 1804545 2.057564712
124 39 3 100 217834 2.057589427
91 66 3 100 2624651 2.057644576
103 131 3 100 30062 2.057678219
51 43 3 100 4822719 2.057740237
108 100 3 100 60161 2.057883012
86 39 3 100 37699 2.058015771
38 109 3 100 8592 2.058162609
13 38 3 100 38741 2.058320673
119 1 3 100 1519 2.058619934
32 121 3 100 48640 2.058864426
75 24 3 100 124943 2.058935872
62 76 3 100 1439802 2.058994843
60 129 3 100 22082478 2.059155284
115 33 3 100 2874 2.059302659
108 18 3 100 37466 2.059351134
62 85 3 100 24518211 2.059373782
109 27 3 100 1550377 2.059380123
21 13 3 100 3534370 2.059424007
56 129 3 100 49449 2.059537429
108 117 3 100 27905 2.059686585
96 0 3 100 3945736 2.059693286
92 11 3 100 1379699 2.059776516
15 121 3 100 1991 2.059883630
21 112 3 100 295926 2.059966110
24 129 3 100 25486 2.060134920
22 76 3 100 27 2.060275556
89 59 3 100 3308292 2.060310994
67 70 3 100 33613 2.060340469
76 34 3 100 191906 2.060396471
27 45 3 100 41357 2.060531891
58 129 3 100 242 2.060538438
121 16 3 100 24125 2.060610929
25 84 3 100 559851 2.060679522
0 62 3 100 26642 2.060710727
103 71 3 100 52178 2.060806675
41 130 3 100 17473 2.060881399
101 26 3 100 1568077 2.060991979
47 32 3 100 4349461 2.061230469
51 115 3 100 4973548 2.061235097
36 111 3 100 7238 2.061275886
121 76 3 100 870126 2.061422486
10 130 3 100 208137 2.061521656
92 22 3 100 64222 2.061547872
31 81 3 100 16397 2.061719373
40 97 3 100 9677126 2.061728431
74 46 3 100 2068026 2.061778489
125 65 3 100 51692 2.061855701
116 129 3 100 3833034 2.061943693
48 103 3 100 368007 2.062032055
9 114 3 100 144177 2.062192513
82 11 3 100 21529940 2.062237348
63 44 3 100 2714224 2.062248938
52 92 3 100 78827 2.062314051
0 130 3 100 41190 2.062343446
48 58 3 100 29296 2.062390612
11 47 3 100 1881946 2.062531893
1 33 3 100 1358312 2.062614933
17 28 3 100 79023 2.062746577
93 30 3 100 647459 2.062909867
83 129 3 100 43261 2.063150121
53 51 3 100 985166 2.063372977
32 88 3 100 6700626 2.063383390
84 54 3 100 7180415 2.063645841
73 24 3 100 289212 2.063649108
87 109 3 100 9333 2.063896655
89 131 3 100 462055 2.063920346
54 30 3 100 10960 2.063945891
6 31 3 100 12745 2.063990762
112 44 3 100 943886 2.064118189
65 70 3 100 6 2.064185729
89 46 3 100 23166 2.064322291
46 53 3 100 79856 2.064506813
22 1 3 100 77500 2.064576100
62 76 3 100 204283 2.064641194
7 63 3 100 4026802 2.064670999
85 50 3 100 39321 2.064808361
119 130 3 100 2672024 2.065075286
2 0 3 100 1644 2.065087486
39 55 3 100 187308 2.065125148
124 104 3 100 573471 2.065363363
12 2 3 100 7477 2.065436901
3 4 3 100 66961 2.065453047
52 114 3 100 46397 2.065490601
10 19 3 100 9256238 2.065793063
60 24 3 100 4724190 2.065886803
62 35 3 100 8736650 2.066060703
127 123 3 100 6664063 2.066087648
108 131 3 100 1397792 2.066101961
105 22 3 100 2151212 2.066139426
80 56 3 100 22388 2.066449180
66 61 3 100 9132 2.066480034
127 130 3 100 30067 2.066927311
69 118 3 100 2103806 2.067024998
27 101 3 100 76949 2.067064824
101 13 3 100 6662446 2.067331589
87 29 3 100 4337486 2.067660563
66 90 3 100 16138 2.067674776
42 129 3 100 53764 2.067874967
93 79 3 100 49449 2.067968871
34 71 3 100 1328596 2.068116394
6 112 3 100 1519 2.068187230
55 14 3 100 76319 2.068326541
1 7 3 100 9298 2.068404585
45 131 3 100 3392374 2.068429366
16 112 3 100 20882 2.068490024
80 15 3 100 109886 2.069002844
121 97 3 100 1488048 2.069094529
93 124 3 100 1283148 2.069100602
105 131 3 100 77022 2.069326738
80 2 3 100 7373 2.069363016
79 93 3 100 24741029 2.069494486
122 78 3 100 9178 2.069619937
42 51 3 100 66627 2.069634268
104 52 3 100 1148989 2.069699820
65 128 3 100 2870482 2.069720543
20 5 3 100 58083 2.069883379
45 31 3 100 4808741 2.069947203
80 74 3 100 22622 2.069977997
99 55 3 100 112129 2.069981396
5 95 3 100 101642 2.070095983
79 130 3 100 75577 2.070135534
108 121 3 100 5351 2.070314798
28 110 3 100 58163 2.070515539
75 109 3 100 149187 2.070623166
18 42 3 100 37749 2.070839761
88 131 3 100 1706179 2.070878387
42 118 3 100 7697129 2.070878513
124 40 3 100 41975 2.070993953
55 23 3 100 7992724 2.070997192
42 125 3 100 12395 2.071379951
114 103 3 100 1442 2.071421358
21 8 3 100 330963 2.071607261
32 113 3 100 6881494 2.071691076
98 44 3 100 3189201 2.071725199
10 129 3 100 35957 2.072098881
26 10 3 100 63227 2.072150063
22 75 3 100 92942 2.072196626
71 104 3 100 7719943 2.072199831
68 52 3 100 192028 2.072575313
62 128 3 100 210116 2.072598797
39 95 3 100 4995800 2.072607138
16 114 3 100 3869113 2.072644668
14 3 3 100 890215 2.072660051
88 76 3 100 8462124 2.072699337
65 78 3 100 6839730 2.072700082
101 131 3 100 740945 2.072760334
28 64 3 100 219 2.072999425
53 23 3 100 1551162 2.073128594
78 0 3 100 23938 2.073208892
95 4 3 100 1126826 2.074000376
99 130 3 100 26285 2.074064996
49 108 3 100 703689 2.074120204
114 25 3 100 132964 2.074577612
32 110 3 100 6270732 2.074617672
67 65 3 100 12120086 2.074618938
69 62 3 100 7567 2.074847088
117 58 3 100 559174 2.074873804
95 91 3 100 48683 2.074887886
99 51 3 100 74117 2.074935984
80 131 3 100 25707523 2.074991322
12 112 3 100 7225916 2.075008759
70 92 3 100 85222 2.075207639
12 54 3 100 29445 2.075471332
5 39 3 100 1947971 2.075513513
114 69 3 100 331827 2.075549840
37 131 3 100 57949 2.075723392
89 62 3 100 27750 2.075752813
117 19 3 100 5391 2.075962017
88 71 3 100 31524 2.076185971
46 87 3 100 47641 2.076275906
124 11 3 100 181569 2.076285150
63 3 3 100 26176902 2.076547507
56 54 3 100 75736 2.076702597
100 11 3 100 24063 2.076772583
66 130 3 100 5428 2.076894668
30 127 3 100 22679 2.076956950
78 127 3 100 75064 2.076957478
22 86 3 100 912485 2.077105893
51 129 3 100 3689 2.077303232
99 9 3 100 244389 2.077369400
49 123 3 100 4487938 2.077422020
20 113 3 100 2280204 2.077470336
54 128 3 100 80330 2.077544737
39 61 3 100 136364 2.077869743
99 96 3 100 7813 2.077947040
94 8 3 100 293020 2.078185618
1 67 3 100 1000 2.078216267
112 129 3 100 15164 2.078407855
54 42 3 100 11277 2.078438114
119 112 3 100 33540 2.078449609
79 61 3 100 21989 2.078461025
10 63 3 100 1132 2.079110121
96 97 3 100 51467 2.079120981
80 68 3 100 4942 2.079239265
64 78 3 100 28771 2.079324870
94 128 3 100 62273 2.079339782
120 36 3 100 23865 2.079548851
64 118 3 100 3640926 2.079784152
11 103 3 100 30517 2.079909576
122 113 3 100 532641 2.080345571
112 130 3 100 98343 2.080441484
49 74 3 100 47677 2.080515585
30 50 3 100 2576684 2.080576880
114 59 3 100 1553665 2.080666195
51 9 3 100 1658729 2.080743532
68 118 3 100 74543 2.080762974
51 122 3 100 61559 2.081008342
84 109 3 100 24957 2.081120948
62 55 3 100 7910 2.081221204
16 44 3 100 8229152 2.081402283
84 130 3 100 27370 2.081509749
70 11 3 100 24901177 2.081773775
125 82 3 100 8007928 2.081797701
66 87 3 100 2761071 2.081840993
74 107 3 100 51139 2.082835246
92 129 3 100 402077 2.082950818
30 48 3 100 697530 2.083073173
65 76 3 100 17375 2.083151240
36 76 3 100 73355 2.083285028
120 89 3 100 7496477 2.083405274
18 128 3 100 26332 2.083418332
90 87 3 100 16500 2.083580888
39 64 3 100 125413 2.083661396
68 112 3 100 51474 2.084214005
83 115 3 100 25562 2.084357070
110 59 3 100 155741 2.084359886
36 130 3 100 13413 2.084389885
94 111 3 100 7784 2.084397039
123 55 3 100 7192102 2.084708418
95 49 3 100 816466 2.084757182
30 121 3 100 506390 2.084954364
73 128 3 100 59323 2.085087851
4 42 3 100 54032 2.085215320
3 39 3 100 158445 2.085227771
70 95 3 100 696 2.085253646
114 117 3 100 1394079 2.085682786
33 89 3 100 70303 2.085789775
78 68 3 100 23621 2.085803530
12 127 3 100 54281 2.086103391
107 17 3 100 31044 2.086165360
99 27 3 100 2667609 2.086192534
75 3 3 100 73866 2.086192691
74 25 3 100 58635 2.086290149
100 122 3 100 794621 2.086301994
66 129 3 100 384508 2.086304335
110 109 3 100 4151789 2.086452529
99 31 3 100 531 2.086504359
31 90 3 100 289938 2.087230834
15 25 3 100 24901 2.087558789
67 5 3 100 57238 2.089187048
86 122 3 100 57621 2.089230615
36 79 3 100 191051 2.089479552
125 131 3 100 2353290 2.089950397
119 61 3 100 1031403 2.090333149
92 131 3 100 121373 2.090762937
86 26 3 100 5381 2.090766481
7 119 3 100 2987834 2.091092878
100 74 3 100 3938361 2.091562528
101 119 3 100 8884626 2.091583331
33 31 3 100 2147305 2.091690745
6 3 3 100 1488944 2.091745271
76 113 3 100 2119558 2.091773588
34 128 3 100 8668 2.091787154
125 27 3 100 19165521 2.091975220
15 115 3 100 116388 2.091991485
101 21 3 100 21854 2.091996720
125 97 3 100 51433 2.092090781
10 128 3 100 2875 2.092322031
33 111 3 100 930043 2.092358408
18 88 3 100 21300793 2.092373143
51 25 3 100 54183 2.092573679
27 35 3 100 820665 2.093209117
1 26 3 100 19953 2.093711650
123 131 3 100 7901 2.093810537
101 107 3 100 387584 2.094014728
54 92 3 100 75645 2.094029776
22 58 3 100 3372845 2.094304449
110 86 3 100 59799 2.094333597
6 93 3 100 7744714 2.094641191
34 76 3 100 9558 2.094768584
116 129 3 100 5890837 2.095101626
76 0 3 100 25665 2.095762429
54 130 3 100 20737 2.095854183
29 15 3 100 15857 2.096798967
114 67 3 100 189592 2.098535939
