2653 
79 110 3 100 67941 2.000003533
100 242 3 100 4020913 2.000073070
55 3 3 100 30577 2.000108724
91 206 3 100 420 2.000119045
114 82 3 100 19870 2.000150209
66 146 3 100 1071 2.000169647
88 37 3 100 18251 2.000209552
84 202 3 100 37851 2.000213712
15 79 3 100 1189129 2.000226836
101 239 3 100 3353198 2.000234592
57 90 3 100 1870592 2.000242251
119 213 3 100 6044398 2.000287008
104 100 3 100 178790 2.000352635
92 156 3 100 2619 2.000399638
91 79 3 100 60923 2.000431138
17 163 3 100 15294572 2.000487665
124 53 3 100 1619948 2.000498408
7 136 3 100 25861 2.000578292
124 107 3 100 8839 2.000615551
92 239 3 100 28384 2.000619781
122 83 3 100 23680 2.000682606
120 207 3 100 1099985 2.000714193
60 91 3 100 63970 2.000773972
6 197 3 100 1171478 2.000778506
93 3 3 100 8549746 2.000863502
123 250 3 100 26358 2.000949041
80 125 3 100 108003 2.001175273
37 158 3 100 82596 2.001248961
77 38 3 100 51193 2.001357582
69 236 3 100 595586 2.001358318
38 115 3 100 44912 2.001398027
98 220 3 100 18196 2.001426708
24 119 3 100 62002 2.001429701
39 231 3 100 28365 2.001449725
9 22 3 100 46091 2.001485777
25 199 3 100 68888 2.001528776
13 44 3 100 3448435 2.001554883
19 164 3 100 109277 2.001643837
17 97 3 100 101820 2.001657016
39 208 3 100 15653 2.001678613
43 42 3 100 5624 2.001787490
47 210 3 100 4821843 2.001839816
115 71 3 100 12270 2.001854530
105 151 3 100 601147 2.001880366
44 54 3 100 388815 2.001904117
18 183 3 100 2597 2.001908560
60 101 3 100 3795151 2.001916623
26 166 3 100 65222 2.001942643
12 4 3 100 65253 2.001946836
106 154 3 100 62702 2.001973727
15 26 3 100 972275 2.002023103
33 234 3 100 59294 2.002052142
124 17 3 100 32072 2.002100687
20 188 3 100 4959524 2.002112886
96 125 3 100 894081 2.002129122
100 186 3 100 77667 2.002203369
34 115 3 100 18833 2.002227608
57 194 3 100 2900670 2.002233766
30 44 3 100 58367 2.002243340
58 136 3 100 18569 2.002251798
14 75 3 100 22972 2.002258458
97 188 3 100 493905 2.002307787
8 115 3 100 3591 2.002518789
54 170 3 100 283123 2.002541606
122 85 3 100 26427 2.002544285
2 216 3 100 170549 2.002590733
88 44 3 100 784859 2.002624904
50 254 3 100 742733 2.002633669
22 105 3 100 664564 2.002643688
65 253 3 100 47988 2.002677653
58 90 3 100 60300 2.002685196
22 254 3 100 4197333 2.002688201
89 31 3 100 1589455 2.002688650
109 158 3 100 5011 2.002728907
16 86 3 100 9141 2.002755505
41 201 3 100 1910295 2.002861835
106 27 3 100 4282 2.002864646
12 214 3 100 1392532 2.002885112
80 25 3 100 55219 2.002959492
37 242 3 100 68490 2.002978910
53 33 3 100 20112324 2.003038446
67 207 3 100 1982085 2.003076689
26 89 3 100 7026 2.003083929
98 178 3 100 1422004 2.003116838
77 31 3 100 4056585 2.003153076
66 200 3 100 4586353 2.003187613
0 75 3 100 50056 2.003198796
4 150 3 100 3496217 2.003263938
44 69 3 100 944740 2.003269086
103 242 3 100 5299 2.003335686
98 113 3 100 68101 2.003383086
24 213 3 100 6023000 2.003484836
93 118 3 100 76170 2.003517303
66 223 3 100 17315 2.003518175
124 80 3 100 213883 2.003545671
73 134 3 100 8505906 2.003672541
69 95 3 100 784295 2.003803279
19 129 3 100 36457 2.003890765
75 14 3 100 5449 2.003967321
39 215 3 100 4880244 2.004000050
65 101 3 100 18763 2.004017970
55 222 3 100 1833838 2.004032212
75 12 3 100 2639 2.004086237
8 172 3 100 7430 2.004175248
86 62 3 100 1881250 2.004208427
87 150 3 100 23471 2.004217296
90 57 3 100 32089 2.004227159
31 186 3 100 798595 2.004235301
52 117 3 100 37746 2.004247799
62 244 3 100 34983 2.004284206
56 10 3 100 28620 2.004388368
65 252 3 100 39471 2.004392476
1 52 3 100 2179 2.004442951
43 249 3 100 6324806 2.004476752
62 97 3 100 66997 2.004479368
121 254 3 100 997 2.004526895
86 75 3 100 7440 2.004539246
79 150 3 100 22910 2.004543497
1 127 3 100 15211 2.004581308
74 180 3 100 67360 2.004601527
91 26 3 100 79564 2.004603877
46 255 3 100 25131 2.004650251
94 109 3 100 30270 2.004678049
68 160 3 100 33760 2.004760050
97 28 3 100 25999 2.004775016
21 177 3 100 112047 2.004777672
82 59 3 100 58 2.004783484
93 232 3 100 48035 2.004797816
84 77 3 100 148295 2.004849255
43 192 3 100 16644120 2.004908722
45 5 3 100 9392443 2.004944719
35 180 3 100 60947 2.004962903
126 127 3 100 33835 2.005026610
50 197 3 100 49099 2.005039705
56 44 3 100 79090 2.005064473
36 215 3 100 478342 2.005127452
46 127 3 100 5940214 2.005235809
71 240 3 100 719940 2.005275071
42 5 3 100 2198 2.005336462
118 174 3 100 1451046 2.005337503
119 103 3 100 8260 2.005352373
46 202 3 100 29094 2.005365545
78 72 3 100 8508 2.005374911
117 157 3 100 20370965 2.005382519
87 34 3 100 76816 2.005389417
91 241 3 100 945899 2.005469160
24 13 3 100 2596875 2.005473207
43 219 3 100 22247 2.005548383
72 110 3 100 4113516 2.005615544
83 153 3 100 25117 2.005662502
30 72 3 100 26592 2.005709118
36 180 3 100 60074 2.005727260
8 13 3 100 5167 2.005739788
108 147 3 100 78689 2.005765783
25 63 3 100 1151659 2.005772449
107 176 3 100 92552 2.005784200
52 93 3 100 3228278 2.005812607
43 229 3 100 4774 2.005854070
125 86 3 100 5257595 2.005855906
78 141 3 100 11686 2.005857097
23 21 3 100 24127 2.005883064
99 187 3 100 27941 2.006048193
25 31 3 100 2548992 2.006073228
60 131 3 100 16312 2.006084005
105 8 3 100 28825 2.006088774
82 139 3 100 24454 2.006104343
48 18 3 100 4224 2.006111883
102 160 3 100 78868 2.006154635
37 51 3 100 150462 2.006170010
83 153 3 100 23680 2.006204086
49 34 3 100 9480 2.006232690
21 244 3 100 2300 2.006252936
57 37 3 100 34779 2.006352847
46 170 3 100 147056 2.006370498
70 51 3 100 2968933 2.006372063
52 245 3 100 1589 2.006417287
114 76 3 100 365977 2.006472848
123 141 3 100 3428624 2.006480012
94 104 3 100 79050 2.006486932
21 207 3 100 797489 2.006488294
13 127 3 100 82597 2.006524231
31 156 3 100 53628 2.006530089
114 61 3 100 1403992 2.006533278
115 217 3 100 9108913 2.006538536
52 48 3 100 11068 2.006538945
8 129 3 100 1894936 2.006557282
76 99 3 100 424609 2.006608384
75 228 3 100 32865 2.006695126
117 76 3 100 9400757 2.006706275
95 194 3 100 202214 2.006730873
103 21 3 100 806728 2.006733020
111 156 3 100 14378 2.006767875
93 14 3 100 188117 2.006777957
85 200 3 100 5370 2.006845231
15 40 3 100 458 2.006890154
37 182 3 100 8509 2.006899668
110 94 3 100 71448 2.006900557
33 144 3 100 1715123 2.006908040
4 57 3 100 4149974 2.006920331
63 240 3 100 17875 2.006937886
117 10 3 100 1501832 2.006991073
5 144 3 100 3872238 2.007073785
30 87 3 100 1032313 2.007112217
52 246 3 100 25536 2.007166496
114 110 3 100 1606277 2.007181206
58 192 3 100 79083 2.007239197
61 13 3 100 11655 2.007245565
80 229 3 100 1625143 2.007251760
37 64 3 100 78904 2.007254813
38 250 3 100 72087 2.007256996
117 4 3 100 2602295 2.007264829
36 132 3 100 76522 2.007331927
82 17 3 100 3564760 2.007413305
34 162 3 100 13979 2.007414730
107 7 3 100 67060 2.007421704
98 200 3 100 46672 2.007464287
75 82 3 100 636003 2.007466396
89 131 3 100 393052 2.007488762
99 27 3 100 11195 2.007497851
69 131 3 100 4410 2.007497951
125 81 3 100 9766834 2.007578303
29 207 3 100 14145 2.007579478
22 94 3 100 491029 2.007633439
53 222 3 100 29998 2.007643577
123 99 3 100 67496 2.007648195
112 234 3 100 26187 2.007669799
79 58 3 100 1411012 2.007675183
66 199 3 100 68086 2.007686920
3 23 3 100 9988 2.007687279
1 128 3 100 6189 2.007696165
107 127 3 100 41849 2.007705656
118 172 3 100 23920 2.007731796
93 6 3 100 5893144 2.007746051
56 218 3 100 56175 2.007757615
117 96 3 100 28785 2.007803519
27 228 3 100 41839 2.007815070
113 6 3 100 3870191 2.007847437
110 245 3 100 22344 2.007878495
44 49 3 100 22260 2.007919363
17 135 3 100 23505 2.007990886
15 33 3 100 93004 2.007992177
28 168 3 100 28474 2.008033035
36 71 3 100 24530 2.008065996
50 207 3 100 6057 2.008081533
37 17 3 100 34000 2.008083510
102 145 3 100 62244 2.008159535
41 105 3 100 181602 2.008218357
68 142 3 100 45685 2.008228494
3 111 3 100 1410639 2.008263512
127 177 3 100 1772155 2.008288783
65 106 3 100 2549535 2.008303002
93 162 3 100 709772 2.008405925
54 79 3 100 4186 2.008408875
23 243 3 100 4385 2.008503810
83 53 3 100 122476 2.008544189
106 172 3 100 3762 2.008550882
0 109 3 100 42365 2.008581209
9 142 3 100 3133 2.008603991
39 99 3 100 17808 2.008668143
103 152 3 100 5008150 2.008749178
5 124 3 100 9214 2.008777591
109 203 3 100 3043051 2.008797217
45 75 3 100 25389 2.008812840
0 212 3 100 51930 2.008858973
59 88 3 100 396596 2.008873735
67 246 3 100 1125 2.008881559
75 65 3 100 6798 2.008892554
87 169 3 100 592731 2.008904833
96 88 3 100 1723 2.008928450
64 219 3 100 115417 2.008929618
75 11 3 100 127467 2.008975201
22 250 3 100 2768409 2.008994952
97 53 3 100 4382 2.009032420
9 168 3 100 1571114 2.009043652
17 100 3 100 34519 2.009062021
31 229 3 100 4932306 2.009071788
23 82 3 100 25535 2.009215794
5 147 3 100 3067 2.009442687
48 106 3 100 3302861 2.009497136
59 142 3 100 3689721 2.009595857
16 108 3 100 22950 2.009647851
52 228 3 100 1906421 2.009682830
103 121 3 100 9936591 2.009684001
94 129 3 100 312258 2.009690066
87 17 3 100 5059 2.009747957
13 230 3 100 9496 2.009761813
78 67 3 100 2555636 2.009774927
7 157 3 100 61958 2.009793936
77 84 3 100 2011 2.009800390
70 180 3 100 33286 2.009871964
126 109 3 100 19223 2.009875742
61 198 3 100 56749 2.009910880
10 105 3 100 25328 2.009916827
12 185 3 100 7767 2.009927044
95 86 3 100 77918 2.010027422
33 241 3 100 869841 2.010085886
123 89 3 100 4573 2.010124626
16 158 3 100 24246 2.010153944
8 76 3 100 3376928 2.010175284
77 157 3 100 60646 2.010247756
56 12 3 100 35425 2.010272000
89 180 3 100 858262 2.010286842
47 95 3 100 814055 2.010307877
80 159 3 100 1536 2.010318067
81 24 3 100 1589477 2.010405751
121 156 3 100 25890 2.010411905
22 38 3 100 19467967 2.010417983
123 185 3 100 35017 2.010439252
60 77 3 100 1557488 2.010465392
12 169 3 100 24267 2.010504723
44 50 3 100 3682665 2.010558041
77 234 3 100 27808 2.010579245
106 113 3 100 141864 2.010583355
120 231 3 100 4789723 2.010595228
8 47 3 100 362307 2.010612953
103 146 3 100 28405 2.010629702
4 3 3 100 18469 2.010674090
109 132 3 100 52288 2.010681480
80 104 3 100 5547555 2.010749609
5 177 3 100 4262935 2.010774339
22 105 3 100 6429077 2.010782566
120 250 3 100 3863199 2.010804801
118 87 3 100 62772 2.010859674
62 162 3 100 196042 2.010879984
22 122 3 100 948948 2.010936191
74 146 3 100 120674 2.010945019
87 11 3 100 35988 2.010964752
79 172 3 100 176024 2.010966737
78 65 3 100 48479 2.011025972
73 132 3 100 367672 2.011090872
21 58 3 100 5653 2.011140631
41 158 3 100 66418 2.011153449
84 31 3 100 2859265 2.011174872
114 203 3 100 28384 2.011231804
14 60 3 100 72327 2.011262988
29 229 3 100 499109 2.011316019
31 117 3 100 21203835 2.011343702
48 211 3 100 9011621 2.011369662
96 48 3 100 56877 2.011372403
19 197 3 100 46388 2.011401216
69 21 3 100 7537323 2.011435903
93 165 3 100 1869460 2.011454638
26 122 3 100 9453168 2.011525004
121 167 3 100 3928151 2.011557549
36 70 3 100 38025 2.011572226
31 205 3 100 111087 2.011573490
125 25 3 100 66879 2.011736145
118 188 3 100 729353 2.011885212
33 10 3 100 3792611 2.011915655
27 221 3 100 2697180 2.011926811
10 30 3 100 77956 2.011944520
109 214 3 100 12412 2.011965184
109 118 3 100 1445741 2.011973942
43 134 3 100 68068 2.011999710
88 41 3 100 47503 2.012004183
92 164 3 100 33250 2.012004330
17 11 3 100 398144 2.012016143
25 175 3 100 35231 2.012032366
48 105 3 100 2688285 2.012093892
119 153 3 100 35530 2.012140915
16 89 3 100 25505 2.012154438
32 193 3 100 220957 2.012185023
36 54 3 100 29744737 2.012206308
70 210 3 100 38363 2.012232454
91 19 3 100 3006 2.012270706
28 212 3 100 483158 2.012289360
107 98 3 100 732502 2.012303601
24 214 3 100 24953 2.012340378
75 126 3 100 26032 2.012374880
66 206 3 100 9333 2.012378716
23 113 3 100 9838641 2.012384399
119 137 3 100 1798725 2.012497936
13 8 3 100 125164 2.012504819
116 204 3 100 6507 2.012528103
105 24 3 100 1042788 2.012539011
61 245 3 100 1190742 2.012571863
57 94 3 100 34160 2.012582174
123 248 3 100 1778095 2.012615864
0 48 3 100 2344 2.012682374
87 161 3 100 58524 2.012729981
37 121 3 100 6456351 2.012757553
47 152 3 100 758571 2.012771348
110 77 3 100 31167 2.012773088
107 227 3 100 1246502 2.012802496
100 27 3 100 11672 2.012846096
15 162 3 100 1786688 2.012861765
89 66 3 100 2168758 2.012865353
91 144 3 100 66003 2.012974722
13 90 3 100 610056 2.013059836
5 172 3 100 3060812 2.013080482
26 80 3 100 245093 2.013137690
119 191 3 100 5146175 2.013180440
81 14 3 100 21924 2.013298008
78 129 3 100 20425693 2.013320116
84 85 3 100 3133035 2.013352124
78 168 3 100 8057 2.013375538
97 33 3 100 6357551 2.013409342
3 210 3 100 4412503 2.013437812
40 90 3 100 24284 2.013458836
79 164 3 100 1640504 2.013487181
96 0 3 100 652537 2.013524277
27 239 3 100 193938 2.013568902
20 48 3 100 4163626 2.013627675
0 149 3 100 18545 2.013633325
45 83 3 100 6855148 2.013640769
112 231 3 100 23614 2.013679505
102 99 3 100 696185 2.013686430
126 141 3 100 72711 2.013694277
22 73 3 100 4381 2.013769618
27 232 3 100 3615626 2.013815315
73 92 3 100 7562112 2.013823380
76 236 3 100 4100404 2.013841267
20 7 3 100 22098 2.013872440
116 207 3 100 58664 2.013877016
96 80 3 100 407782 2.013918099
35 130 3 100 1877394 2.013944570
50 119 3 100 28910 2.014021486
48 210 3 100 1067433 2.014039327
53 95 3 100 1445 2.014194577
46 204 3 100 52016 2.014197033
77 36 3 100 180842 2.014202396
98 246 3 100 2051784 2.014209525
41 35 3 100 66290 2.014313974
65 233 3 100 49510 2.014343047
34 66 3 100 1427940 2.014420841
60 175 3 100 3640041 2.014424516
18 65 3 100 6957939 2.014517253
9 184 3 100 27407542 2.014605542
4 120 3 100 9980896 2.014616836
110 194 3 100 22324 2.014643453
38 46 3 100 72501 2.014663900
21 153 3 100 10607 2.014682588
19 116 3 100 11921 2.014794326
79 131 3 100 64187 2.014847257
104 109 3 100 8583 2.014856740
125 142 3 100 1857976 2.014870848
9 120 3 100 9852 2.014919654
119 134 3 100 3958 2.014957641
27 58 3 100 148301 2.014961443
104 194 3 100 24405 2.015004098
33 98 3 100 23604 2.015078571
46 159 3 100 22203 2.015083198
122 32 3 100 196842 2.015106804
15 225 3 100 79287 2.015113271
25 127 3 100 1493360 2.015133636
71 192 3 100 77873 2.015160204
108 125 3 100 39941 2.015180138
33 187 3 100 34707 2.015186029
69 113 3 100 24950 2.015210306
50 137 3 100 7279 2.015212085
2 1 3 100 8939 2.015222693
121 226 3 100 1558511 2.015269391
23 20 3 100 1802688 2.015298338
89 156 3 100 1605875 2.015307716
69 42 3 100 357 2.015346530
98 179 3 100 17423 2.015348314
67 75 3 100 16349172 2.015424076
49 132 3 100 123758 2.015482657
121 111 3 100 942895 2.015493774
84 219 3 100 17941853 2.015502813
105 57 3 100 5107107 2.015547342
34 143 3 100 5386976 2.015552528
97 81 3 100 33489 2.015583990
15 191 3 100 832626 2.015616814
56 23 3 100 1319252 2.015665270
35 188 3 100 23331 2.015779850
119 123 3 100 21407 2.015816550
89 246 3 100 1246046 2.015890083
107 65 3 100 767946 2.015920922
50 205 3 100 2006922 2.015970909
83 21 3 100 5864 2.016064051
82 224 3 100 3034 2.016120944
108 28 3 100 9909 2.016147023
67 249 3 100 310538 2.016184332
41 106 3 100 1285 2.016194284
67 162 3 100 15416372 2.016195190
23 76 3 100 3834444 2.016204368
97 162 3 100 24263 2.016237019
84 46 3 100 23654 2.016334035
1 243 3 100 14458 2.016444000
43 100 3 100 3478908 2.016458288
103 253 3 100 65593 2.016505165
100 118 3 100 4325368 2.016544174
57 144 3 100 1989598 2.016563511
48 92 3 100 1245596 2.016615276
14 234 3 100 34230 2.016670819
29 121 3 100 307438 2.016750964
83 175 3 100 41268 2.016791841
103 114 3 100 1304609 2.016804688
82 138 3 100 7299 2.016886909
112 116 3 100 44835 2.016893847
8 196 3 100 1855591 2.016901917
24 81 3 100 5149018 2.016954086
110 139 3 100 2219 2.016970586
66 127 3 100 4331735 2.017014911
124 204 3 100 655802 2.017052036
70 41 3 100 20840207 2.017071652
109 205 3 100 7064 2.017150102
125 10 3 100 5622842 2.017196138
62 166 3 100 3144 2.017202160
79 123 3 100 5231 2.017260028
52 171 3 100 3222914 2.017307029
17 29 3 100 6494 2.017351664
105 147 3 100 17818 2.017380599
13 85 3 100 192238 2.017383594
12 161 3 100 131692 2.017467772
115 34 3 100 121170 2.017537808
6 169 3 100 3532124 2.017643942
64 4 3 100 47848 2.017662933
32 203 3 100 27070 2.017740505
117 106 3 100 55 2.017754332
47 184 3 100 4959 2.017774395
100 8 3 100 2640377 2.017804908
98 247 3 100 2850 2.017844879
21 82 3 100 2009069 2.017917800
62 198 3 100 2360822 2.017941951
118 21 3 100 2797898 2.018043733
61 175 3 100 18260 2.018064650
124 7 3 100 6897897 2.018072231
46 142 3 100 194373 2.018138180
41 90 3 100 67909 2.018250309
90 200 3 100 287668 2.018343746
33 45 3 100 791125 2.018347930
105 221 3 100 1149764 2.018351802
4 115 3 100 192508 2.018362636
25 147 3 100 2918 2.018379772
85 58 3 100 1839762 2.018383128
54 252 3 100 7718125 2.018438794
19 112 3 100 44409 2.018452219
49 149 3 100 199306 2.018454636
95 108 3 100 384 2.018457744
3 196 3 100 7626 2.018501331
23 0 3 100 2175 2.018513110
61 217 3 100 4704450 2.018611424
12 3 3 100 204127 2.018631086
117 227 3 100 69980 2.018660829
0 69 3 100 25408 2.018674272
16 129 3 100 63500 2.018736340
67 27 3 100 9040 2.018791904
118 129 3 100 15352 2.018804048
75 17 3 100 24457 2.018807922
7 170 3 100 225100 2.018858942
15 64 3 100 4888357 2.018908275
9 176 3 100 1714437 2.019013040
103 108 3 100 25486041 2.019054843
2 145 3 100 8387512 2.019127061
49 36 3 100 1351869 2.019174454
75 205 3 100 8236 2.019189633
26 0 3 100 8724 2.019222950
83 158 3 100 65956 2.019237599
117 48 3 100 52223 2.019242199
122 135 3 100 25566 2.019243138
24 73 3 100 3458 2.019250586
36 182 3 100 44105 2.019258228
24 122 3 100 709750 2.019261762
63 218 3 100 26382 2.019278987
89 42 3 100 68291 2.019315891
105 212 3 100 3080083 2.019360629
58 10 3 100 19796 2.019383271
50 186 3 100 154374 2.019406025
101 20 3 100 1808205 2.019427958
27 171 3 100 22629 2.019437937
11 5 3 100 2947 2.019476597
91 145 3 100 21772 2.019503042
83 87 3 100 145367 2.019522279
12 175 3 100 20210 2.019525021
22 105 3 100 9738 2.019532167
97 229 3 100 23530714 2.019573490
20 25 3 100 2437022 2.019638665
20 140 3 100 298730 2.019661347
21 117 3 100 686314 2.019676184
45 249 3 100 9266932 2.019678589
40 7 3 100 2275819 2.019715068
107 227 3 100 26536850 2.019722831
17 21 3 100 1979053 2.019737372
3 226 3 100 24627 2.019741140
67 102 3 100 50505 2.019799208
72 207 3 100 20735 2.019811966
60 78 3 100 23758 2.019876547
92 163 3 100 465 2.019953592
41 125 3 100 43298 2.020004249
36 205 3 100 12051 2.020025710
66 4 3 100 1814098 2.020121989
0 199 3 100 25465 2.020152212
85 0 3 100 6779 2.020170291
63 231 3 100 57192 2.020204310
83 8 3 100 25556 2.020205318
83 133 3 100 778264 2.020231767
60 125 3 100 319 2.020238867
53 211 3 100 23225582 2.020243522
108 122 3 100 60436 2.020244922
33 238 3 100 20172 2.020314196
101 57 3 100 48453 2.020400495
30 181 3 100 914281 2.020420690
7 122 3 100 531299 2.020425885
127 168 3 100 6021 2.020490895
26 96 3 100 465387 2.020493592
110 241 3 100 13217 2.020500379
26 13 3 100 1651583 2.020504634
91 157 3 100 3906374 2.020512447
41 3 3 100 1455045 2.020561000
95 244 3 100 47092 2.020580440
114 2 3 100 5323431 2.020604662
69 132 3 100 134078 2.020627419
68 86 3 100 656941 2.020631935
126 241 3 100 202602 2.020633853
4 13 3 100 160717 2.020691483
49 196 3 100 25072319 2.020724789
114 21 3 100 4421630 2.020733212
125 254 3 100 43832 2.020848823
4 63 3 100 4323 2.020884967
58 234 3 100 23220 2.020915970
64 83 3 100 3316041 2.020938242
67 248 3 100 61840 2.020974076
74 5 3 100 1381 2.021013802
68 245 3 100 55185 2.021107724
119 60 3 100 29714 2.021115496
124 205 3 100 105919 2.021176411
74 5 3 100 64774 2.021234099
97 193 3 100 65578 2.021283153
119 81 3 100 1675057 2.021311139
56 135 3 100 9582 2.021321589
3 30 3 100 196896 2.021327900
67 191 3 100 49000 2.021338895
104 63 3 100 7506685 2.021404671
115 233 3 100 7007 2.021520810
86 84 3 100 73014 2.021544274
96 188 3 100 3537880 2.021557337
13 84 3 100 1787949 2.021614879
62 204 3 100 47084 2.021651738
110 66 3 100 20405330 2.021684003
15 188 3 100 2688891 2.021709720
30 127 3 100 47375 2.021747047
55 239 3 100 2610911 2.021749765
16 21 3 100 140076 2.021755235
87 177 3 100 1012197 2.021771315
126 30 3 100 857529 2.021834694
3 237 3 100 93767 2.021880941
94 54 3 100 7568280 2.021893571
98 154 3 100 838591 2.021897405
37 4 3 100 481268 2.021914427
93 238 3 100 25942 2.021954281
4 30 3 100 1488 2.021968931
50 202 3 100 29833 2.021972044
35 94 3 100 21387 2.022013877
9 161 3 100 21740 2.022014556
103 55 3 100 8656 2.022082071
83 192 3 100 1410421 2.022128711
56 121 3 100 29481 2.022150430
47 197 3 100 18918 2.022155743
2 54 3 100 25050 2.022189125
97 132 3 100 1613851 2.022211671
46 117 3 100 75899 2.022224592
23 182 3 100 3980 2.022268898
8 40 3 100 2006 2.022290745
61 154 3 100 48111 2.022345081
127 12 3 100 102636 2.022387803
43 229 3 100 79154 2.022409162
112 23 3 100 894728 2.022432890
38 221 3 100 378787 2.022443914
45 0 3 100 14434 2.022463490
1 155 3 100 1774134 2.022473265
39 28 3 100 33511 2.022487011
87 183 3 100 1496850 2.022600129
119 11 3 100 4339 2.022623782
116 255 3 100 8127151 2.022652067
38 115 3 100 29946 2.022659442
54 148 3 100 29670351 2.022961083
56 53 3 100 4486712 2.022985648
86 149 3 100 50554 2.023018586
32 70 3 100 2900168 2.023024719
27 243 3 100 921199 2.023087564
13 8 3 100 9277113 2.023094400
65 236 3 100 16133 2.023101322
124 32 3 100 309538 2.023169092
73 175 3 100 163085 2.023209340
14 48 3 100 40925 2.023238562
112 136 3 100 25396 2.023348688
43 68 3 100 169766 2.023352362
106 129 3 100 28991410 2.023367072
88 116 3 100 53219 2.023372143
49 161 3 100 80069 2.023373089
79 89 3 100 185197 2.023475047
121 235 3 100 183237 2.023522868
4 15 3 100 21634 2.023598862
32 215 3 100 67515 2.023677294
49 54 3 100 78166 2.023680652
51 236 3 100 37929 2.023688208
88 47 3 100 568961 2.023741994
117 190 3 100 5760 2.023809400
103 70 3 100 27185 2.023816925
50 193 3 100 6400572 2.023857100
89 43 3 100 13749 2.023866888
103 219 3 100 47416 2.023904212
81 127 3 100 25020 2.023977393
4 245 3 100 118271 2.023993317
107 23 3 100 16194 2.023996802
84 239 3 100 9596 2.024003752
73 66 3 100 48786 2.024026068
18 242 3 100 1363835 2.024035619
51 9 3 100 177614 2.024130222
10 156 3 100 2499517 2.024145201
85 12 3 100 10217 2.024150366
99 185 3 100 2140539 2.024186024
119 100 3 100 60096 2.024197093
64 190 3 100 3124385 2.024250988
0 94 3 100 25512 2.024267858
21 232 3 100 58388 2.024271146
30 98 3 100 44730 2.024322729
109 158 3 100 425921 2.024385615
80 8 3 100 4130 2.024397249
106 207 3 100 821141 2.024415353
74 11 3 100 81108 2.024552703
87 199 3 100 8506 2.024554815
27 120 3 100 121293 2.024575043
126 253 3 100 26297 2.024598755
72 41 3 100 1617709 2.024651841
64 242 3 100 67864 2.024656209
23 71 3 100 7779 2.024669740
88 237 3 100 4979 2.024724847
61 103 3 100 1083352 2.024781441
66 252 3 100 18665 2.024785232
51 94 3 100 40189 2.024821154
74 214 3 100 39175 2.024832893
22 29 3 100 42556 2.024857580
115 178 3 100 45068 2.024880515
63 69 3 100 2563391 2.024900017
38 145 3 100 55854 2.024905078
102 91 3 100 13615 2.024905218
56 226 3 100 2884 2.024929410
28 89 3 100 9169105 2.024944373
52 210 3 100 1317 2.024947552
90 25 3 100 1424753 2.024949906
105 210 3 100 23538 2.024959441
73 85 3 100 4930665 2.024964136
114 183 3 100 5997 2.024982226
79 50 3 100 24070 2.024997527
58 185 3 100 24304 2.025083303
12 21 3 100 2989029 2.025113561
49 225 3 100 64097 2.025182935
0 122 3 100 525754 2.025380837
3 165 3 100 634909 2.025439324
71 98 3 100 3638117 2.025439442
107 215 3 100 1792429 2.025474511
38 59 3 100 85303 2.025495846
77 137 3 100 29331 2.025516266
91 72 3 100 1165315 2.025521807
57 155 3 100 5083303 2.025538823
60 118 3 100 52004 2.025627723
99 230 3 100 125053 2.025738785
19 40 3 100 8870895 2.025745014
94 153 3 100 39350 2.025763821
13 75 3 100 9724980 2.025787241
80 217 3 100 12317 2.025809096
94 112 3 100 705107 2.025826437
58 200 3 100 296308 2.025838618
97 58 3 100 1239197 2.025839810
20 199 3 100 15117 2.025891046
103 17 3 100 11484019 2.025891773
44 154 3 100 634027 2.025895871
34 67 3 100 62247 2.025979147
73 177 3 100 686203 2.025981119
109 69 3 100 3200672 2.026029567
100 217 3 100 10947 2.026086480
90 106 3 100 8865 2.026131986
125 167 3 100 7495 2.026134839
74 29 3 100 26525 2.026158122
68 173 3 100 27218 2.026168421
122 54 3 100 252 2.026194884
67 191 3 100 2918449 2.026261915
70 39 3 100 58842 2.026292742
79 249 3 100 52257 2.026294730
9 123 3 100 4563727 2.026431720
33 175 3 100 8266828 2.026437419
71 73 3 100 27929 2.026456048
87 128 3 100 167435 2.026460183
45 67 3 100 76094 2.026566603
22 214 3 100 78899 2.026584826
59 42 3 100 43081 2.026662497
102 144 3 100 2409079 2.026708728
23 19 3 100 1170272 2.026730925
55 164 3 100 1568415 2.026737539
103 99 3 100 1839983 2.026785432
67 206 3 100 163657 2.027032638
25 84 3 100 65653 2.027084718
58 243 3 100 8879170 2.027111784
102 71 3 100 37365 2.027116236
91 208 3 100 483392 2.027146673
35 42 3 100 167833 2.027219298
57 129 3 100 4084711 2.027289655
76 78 3 100 59619 2.027317233
16 150 3 100 48360 2.027344360
28 106 3 100 24745 2.027348280
5 211 3 100 11027 2.027395945
101 90 3 100 18103 2.027396610
29 229 3 100 78548 2.027438143
1 64 3 100 3752412 2.027477961
36 208 3 100 4885938 2.027534318
42 109 3 100 19904700 2.027586296
38 137 3 100 2533935 2.027618574
67 72 3 100 66662 2.027674435
119 242 3 100 3034969 2.027707995
84 33 3 100 742544 2.027726925
90 254 3 100 9098 2.027762734
118 74 3 100 36446 2.027765172
88 132 3 100 102142 2.027789436
68 97 3 100 22770 2.027830491
7 216 3 100 7739899 2.027835700
13 28 3 100 2297986 2.027838640
77 232 3 100 593158 2.027845884
77 50 3 100 21042 2.027850530
36 213 3 100 118238 2.027867543
9 58 3 100 276863 2.027923275
116 129 3 100 3220 2.027926298
78 17 3 100 28281 2.027976492
20 217 3 100 17570 2.028028655
71 45 3 100 63785 2.028148562
65 159 3 100 1851426 2.028205253
34 85 3 100 346 2.028236857
30 251 3 100 27226 2.028272043
78 127 3 100 9574 2.028346900
61 241 3 100 62202 2.028361525
67 101 3 100 62609 2.028416592
17 200 3 100 24825 2.028507059
42 71 3 100 77432 2.028576377
12 147 3 100 595047 2.028603836
59 112 3 100 28538 2.028620100
113 156 3 100 276201 2.028765896
65 77 3 100 698440 2.028808402
78 142 3 100 369283 2.028832387
120 12 3 100 26992 2.028891507
45 213 3 100 86977 2.028894797
103 62 3 100 65646 2.028898124
23 175 3 100 2557 2.028909813
42 61 3 100 931486 2.028925892
109 190 3 100 5694657 2.028929742
86 123 3 100 132126 2.029011524
105 204 3 100 7653960 2.029014657
16 5 3 100 16224409 2.029099410
79 173 3 100 1205895 2.029212886
49 68 3 100 665978 2.029249727
27 196 3 100 125927 2.029263007
71 96 3 100 74574 2.029326093
109 146 3 100 74840 2.029419380
12 21 3 100 39031 2.029435455
123 159 3 100 25954 2.029465231
73 116 3 100 1329358 2.029504119
61 151 3 100 572242 2.029540396
57 119 3 100 12209 2.029578877
120 161 3 100 902427 2.029644795
4 14 3 100 13553 2.029677714
7 173 3 100 1301928 2.029708235
4 56 3 100 3977646 2.029756052
4 153 3 100 8825 2.029766809
3 44 3 100 39462 2.029778755
104 200 3 100 6195 2.029793715
34 88 3 100 45931 2.029800147
91 253 3 100 65703 2.029869850
64 116 3 100 29708 2.029883251
103 137 3 100 60308 2.029889665
80 104 3 100 79019 2.029913307
110 170 3 100 1339228 2.029959993
31 84 3 100 1940906 2.030015110
98 179 3 100 5431863 2.030033673
22 81 3 100 29644 2.030047865
50 238 3 100 51440 2.030055042
89 107 3 100 11731 2.030071178
115 226 3 100 155142 2.030107332
37 55 3 100 50232 2.030107719
77 218 3 100 4682533 2.030153173
41 1 3 100 1334961 2.030158168
55 247 3 100 24028 2.030159914
21 85 3 100 4112 2.030272702
76 128 3 100 40735 2.030342148
33 96 3 100 54869 2.030351974
70 146 3 100 2882408 2.030365789
16 74 3 100 8423 2.030370248
60 243 3 100 45911 2.030374297
45 93 3 100 20587 2.030387489
84 137 3 100 1546751 2.030396872
26 50 3 100 143953 2.030428028
19 209 3 100 25702 2.030468434
43 42 3 100 204240 2.030554811
79 130 3 100 2743 2.030580844
108 1 3 100 3154 2.030612915
101 148 3 100 50520 2.030659340
64 71 3 100 78232 2.030688899
64 186 3 100 3868 2.030699383
50 68 3 100 31053 2.030744036
83 157 3 100 53662 2.030747352
73 92 3 100 30050 2.030755583
13 213 3 100 745985 2.030800818
123 116 3 100 15200 2.030837879
9 241 3 100 59377 2.030891545
96 113 3 100 8730 2.030912618
109 208 3 100 638740 2.031020499
61 79 3 100 7961 2.031129728
90 133 3 100 11212 2.031193192
69 20 3 100 56949 2.031225433
91 176 3 100 1652167 2.031266192
118 64 3 100 6798 2.031285566
66 163 3 100 22122 2.031294418
28 41 3 100 78282 2.031302962
9 146 3 100 1199009 2.031304538
72 49 3 100 1224623 2.031330356
79 235 3 100 31169 2.031337430
38 33 3 100 870521 2.031364491
122 189 3 100 1472452 2.031380225
29 7 3 100 88702 2.031393893
69 139 3 100 5499229 2.031395837
71 5 3 100 58774 2.031421170
53 155 3 100 19211 2.031473608
26 105 3 100 6858188 2.031474337
100 227 3 100 3247022 2.031492070
47 118 3 100 816 2.031525480
21 186 3 100 15320 2.031565193
30 42 3 100 58177 2.031595688
126 138 3 100 2429 2.031731912
108 69 3 100 63142 2.031735567
82 221 3 100 10307238 2.031744126
62 1 3 100 53916 2.031828473
14 200 3 100 1187 2.031859622
49 73 3 100 1129318 2.031873344
11 236 3 100 5879 2.031873986
119 120 3 100 165871 2.031927879
30 241 3 100 8788396 2.031959046
35 43 3 100 1399082 2.031974414
107 130 3 100 20578380 2.031980928
88 19 3 100 18401 2.032030760
69 229 3 100 70826 2.032129838
115 8 3 100 7847 2.032181349
31 183 3 100 34372 2.032238526
79 80 3 100 677007 2.032258646
68 239 3 100 9371595 2.032303378
75 113 3 100 6711 2.032323863
89 202 3 100 1281293 2.032418832
94 48 3 100 199083 2.032439514
70 220 3 100 1953139 2.032467281
94 81 3 100 55705 2.032480647
86 129 3 100 21940 2.032528665
64 100 3 100 20210688 2.032559459
75 165 3 100 23183 2.032632680
104 119 3 100 18096239 2.032718608
65 216 3 100 37341 2.032743142
57 71 3 100 3498123 2.032772953
9 209 3 100 79178 2.032775846
99 2 3 100 6738 2.032801685
107 178 3 100 25007 2.032878768
5 71 3 100 55139 2.032891939
79 177 3 100 1279084 2.033114264
116 105 3 100 87989 2.033130444
16 130 3 100 18656 2.033139170
73 106 3 100 9881 2.033445178
37 244 3 100 42660 2.033543287
95 97 3 100 4763322 2.033563314
96 250 3 100 4862 2.033581779
11 119 3 100 3470609 2.033612100
126 160 3 100 7011 2.033668090
8 89 3 100 65076 2.033668205
8 240 3 100 1247601 2.033705044
47 79 3 100 40066 2.033718915
64 187 3 100 26799 2.033725890
70 88 3 100 890843 2.033823627
6 210 3 100 8809 2.033824758
107 124 3 100 76032 2.033858454
116 231 3 100 79946 2.033904707
125 96 3 100 1817979 2.033930340
61 246 3 100 43267 2.033940258
36 82 3 100 8530156 2.034021256
3 245 3 100 23475623 2.034031452
63 102 3 100 863843 2.034049717
29 133 3 100 1338962 2.034051494
123 106 3 100 427958 2.034101370
113 180 3 100 30303 2.034150459
116 119 3 100 7692685 2.034156220
120 192 3 100 1827070 2.034172824
113 54 3 100 94228 2.034224670
59 146 3 100 35015 2.034272070
72 67 3 100 3331556 2.034276466
12 199 3 100 24824 2.034277655
72 70 3 100 617 2.034365279
93 249 3 100 501345 2.034380065
108 17 3 100 594111 2.034452016
82 249 3 100 25910 2.034466116
62 79 3 100 50993 2.034529171
35 134 3 100 5054 2.034581602
116 63 3 100 1050354 2.034654475
120 145 3 100 59933 2.034675658
65 117 3 100 56551 2.034721592
94 223 3 100 347 2.034770205
32 7 3 100 199220 2.034817518
16 206 3 100 813912 2.034901416
108 44 3 100 900 2.034964402
51 160 3 100 194941 2.034966349
30 109 3 100 1202 2.035007119
13 238 3 100 1343379 2.035037914
60 31 3 100 11834 2.035045086
39 152 3 100 15213 2.035072059
34 52 3 100 4380492 2.035098088
9 216 3 100 1748924 2.035181748
31 33 3 100 35202 2.035186498
112 200 3 100 25480 2.035192841
1 99 3 100 172713 2.035197181
29 192 3 100 73111 2.035199063
116 77 3 100 596 2.035212598
58 216 3 100 3376780 2.035214906
109 6 3 100 19178 2.035238530
78 241 3 100 1263859 2.035307446
85 37 3 100 2863 2.035386880
16 183 3 100 58 2.035396522
34 88 3 100 208136 2.035399721
61 158 3 100 147770 2.035404252
80 107 3 100 1237580 2.035452161
24 155 3 100 1186811 2.035495585
50 29 3 100 14236896 2.035498357
48 216 3 100 4769 2.035789576
32 29 3 100 22247 2.035819166
77 221 3 100 7343381 2.035862684
56 93 3 100 28584171 2.035907595
36 131 3 100 25142 2.035933476
9 18 3 100 31620 2.035960561
63 208 3 100 24223 2.035999165
106 74 3 100 46767 2.036014788
60 221 3 100 5801 2.036028660
16 66 3 100 77670 2.036035629
121 182 3 100 27092 2.036078772
76 37 3 100 57523 2.036126589
37 179 3 100 9471 2.036203530
64 106 3 100 23667 2.036220415
86 175 3 100 5305083 2.036234496
40 79 3 100 539725 2.036273368
83 225 3 100 9675 2.036357446
62 46 3 100 13477 2.036403367
39 140 3 100 1480799 2.036466369
22 13 3 100 5186080 2.036558173
58 223 3 100 29309 2.036655397
37 14 3 100 2455 2.036691079
17 174 3 100 2226075 2.036702607
63 127 3 100 69831 2.036711567
98 206 3 100 5775078 2.036778778
73 67 3 100 2574657 2.036779725
39 247 3 100 25916 2.036815117
8 28 3 100 79616 2.036817603
95 234 3 100 7282 2.036840268
126 13 3 100 713254 2.036871107
22 153 3 100 8316163 2.036929859
61 19 3 100 3031439 2.036955402
107 217 3 100 979788 2.037089882
106 22 3 100 35995 2.037107524
4 136 3 100 1507271 2.037111801
105 84 3 100 9325 2.037143931
69 138 3 100 7242 2.037172730
117 99 3 100 2162 2.037209522
73 252 3 100 54040 2.037240013
107 124 3 100 43418 2.037248808
26 161 3 100 863119 2.037304414
54 84 3 100 58032 2.037365431
62 251 3 100 1833 2.037382476
34 76 3 100 676822 2.037454210
50 171 3 100 23936586 2.037512610
115 19 3 100 4957748 2.037518696
60 148 3 100 28935 2.037585814
8 42 3 100 3758 2.037623641
20 164 3 100 503447 2.037633497
13 29 3 100 3313 2.037776538
15 208 3 100 37503 2.037829228
80 30 3 100 38523 2.037882668
112 206 3 100 117582 2.037886974
108 76 3 100 56431 2.037933379
126 136 3 100 68778 2.037934584
20 19 3 100 7439 2.037962718
30 223 3 100 1075 2.038013683
22 84 3 100 5426 2.038013759
42 129 3 100 32002 2.038017395
69 126 3 100 29401 2.038034068
111 245 3 100 7327 2.038146402
107 40 3 100 27080 2.038182036
2 217 3 100 9514 2.038187379
3 116 3 100 989 2.038373823
34 135 3 100 57400 2.038385323
101 29 3 100 1513558 2.038427568
54 213 3 100 2394251 2.038446823
50 58 3 100 43398 2.038455733
67 163 3 100 49629 2.038470134
5 117 3 100 63991 2.038501782
44 243 3 100 20290 2.038513749
41 2 3 100 782944 2.038548110
39 129 3 100 29443 2.038602530
102 71 3 100 7860925 2.038613379
90 215 3 100 1805 2.038667795
36 89 3 100 1615050 2.038691560
69 218 3 100 1544789 2.038758916
109 17 3 100 47843 2.038769898
36 196 3 100 3589941 2.038839526
123 112 3 100 11286 2.038920856
81 238 3 100 46221 2.038923095
107 28 3 100 178892 2.038964384
91 157 3 100 9296 2.039016379
42 87 3 100 23970857 2.039021256
28 206 3 100 1090799 2.039037021
43 78 3 100 4770217 2.039047409
100 196 3 100 458479 2.039064831
44 52 3 100 5054 2.039076822
45 252 3 100 1566532 2.039080128
10 7 3 100 18844 2.039093753
23 216 3 100 121481 2.039194201
105 117 3 100 22069 2.039224389
34 157 3 100 60021 2.039279996
71 45 3 100 26380037 2.039280870
101 196 3 100 22261 2.039349003
16 0 3 100 79391 2.039432737
21 219 3 100 3951442 2.039447814
125 89 3 100 41118 2.039464227
25 128 3 100 153749 2.039511148
73 65 3 100 1210360 2.039515965
85 226 3 100 28890 2.039575680
118 86 3 100 14451 2.039596883
64 163 3 100 36528 2.039650605
53 3 3 100 7225 2.039662030
126 236 3 100 924618 2.039692606
48 115 3 100 775630 2.039712131
84 255 3 100 798452 2.039795541
2 14 3 100 6298560 2.039802254
55 157 3 100 992592 2.039867168
16 74 3 100 3220769 2.039892042
27 211 3 100 4515 2.039914363
87 112 3 100 1677335 2.039985027
1 176 3 100 17365 2.040021498
91 107 3 100 1939862 2.040027242
90 134 3 100 49103 2.040099838
58 28 3 100 1407472 2.040130237
108 174 3 100 8270 2.040174621
49 19 3 100 7019971 2.040185916
118 208 3 100 23615 2.040210057
39 54 3 100 44853 2.040256433
113 189 3 100 24076 2.040289457
21 61 3 100 68559 2.040329429
88 242 3 100 9456068 2.040334060
17 62 3 100 28410 2.040338427
49 164 3 100 1405157 2.040344862
48 36 3 100 1689400 2.040347595
1 194 3 100 52512 2.040377627
10 4 3 100 1266506 2.040433981
121 243 3 100 20447 2.040461674
63 79 3 100 11227 2.040462662
54 143 3 100 911474 2.040495047
86 82 3 100 21439 2.040502947
12 192 3 100 7874 2.040513017
117 122 3 100 6471757 2.040516943
41 214 3 100 13973 2.040605836
25 127 3 100 28045 2.040675838
37 238 3 100 1246291 2.040681143
48 56 3 100 2628 2.040684673
98 188 3 100 50284 2.040768168
61 115 3 100 23545 2.040789624
12 176 3 100 8972916 2.040834972
106 122 3 100 3964388 2.040882587
100 255 3 100 3921 2.040882670
109 40 3 100 61437 2.040948673
91 232 3 100 22869 2.041020568
73 85 3 100 917920 2.041040933
93 238 3 100 70380 2.041043622
34 2 3 100 3763 2.041075294
97 205 3 100 9491 2.041109388
61 12 3 100 1989701 2.041126340
114 193 3 100 873 2.041273038
81 59 3 100 12648 2.041311818
80 143 3 100 14623 2.041338570
39 0 3 100 59992 2.041340888
105 193 3 100 30637 2.041499586
108 96 3 100 8750789 2.041518143
63 254 3 100 43307 2.041611623
60 114 3 100 9490 2.041614391
7 154 3 100 1078749 2.041621194
80 43 3 100 2977904 2.041683326
102 252 3 100 72266 2.041683906
38 13 3 100 26408 2.041690533
16 225 3 100 83965 2.041742829
121 11 3 100 29799 2.041768843
42 166 3 100 1893018 2.041772714
70 64 3 100 818 2.041841345
71 150 3 100 21728053 2.042053092
52 2 3 100 1725267 2.042068167
80 153 3 100 5093544 2.042079828
68 106 3 100 219523 2.042110301
32 199 3 100 94720 2.042110744
96 56 3 100 4999 2.042128140
56 202 3 100 8176 2.042204387
33 79 3 100 174190 2.042222147
9 143 3 100 226848 2.042229172
11 40 3 100 1675102 2.042265456
75 178 3 100 14288 2.042310159
32 13 3 100 599318 2.042382202
56 234 3 100 45244 2.042404416
91 29 3 100 515 2.042427037
29 231 3 100 237520 2.042430274
89 41 3 100 1022526 2.042479573
76 196 3 100 1233526 2.042542753
114 76 3 100 4382 2.042548701
120 226 3 100 65545 2.042549828
14 92 3 100 8224919 2.042561153
79 182 3 100 8353 2.042570112
99 123 3 100 44463 2.042640027
47 200 3 100 5608 2.042673449
111 95 3 100 20835 2.042682599
60 208 3 100 185379 2.042692525
90 24 3 100 63922 2.042731437
38 173 3 100 9150615 2.042734979
4 103 3 100 5040378 2.042860636
103 192 3 100 678420 2.042867181
124 41 3 100 1793153 2.042920424
55 251 3 100 91052 2.042961209
93 57 3 100 8482 2.043028101
66 168 3 100 2885559 2.043041733
30 78 3 100 22361 2.043089708
125 152 3 100 7772334 2.043102705
72 40 3 100 876967 2.043126530
44 172 3 100 27509732 2.043131458
76 35 3 100 1158186 2.043205414
105 198 3 100 8679738 2.043206797
81 118 3 100 1928681 2.043216091
19 188 3 100 3380534 2.043242649
36 2 3 100 4484271 2.043267825
76 194 3 100 610323 2.043307040
101 20 3 100 20313 2.043351383
17 197 3 100 99439 2.043374731
59 19 3 100 115143 2.043386882
114 184 3 100 7130310 2.043464072
115 49 3 100 4681813 2.043472453
119 243 3 100 29467 2.043536245
67 78 3 100 5176 2.043537929
46 141 3 100 676447 2.043563533
24 111 3 100 7705 2.043578209
80 247 3 100 23746 2.043664219
2 19 3 100 5585704 2.043689905
92 221 3 100 11836 2.043754368
101 105 3 100 50951 2.043778238
124 159 3 100 66597 2.043886172
125 48 3 100 4481 2.043889439
42 217 3 100 6974 2.043947773
24 73 3 100 288324 2.043954939
60 177 3 100 1590545 2.044081417
79 96 3 100 4313831 2.044111239
63 201 3 100 7459786 2.044118440
63 25 3 100 3594005 2.044157556
105 234 3 100 2544136 2.044164176
3 86 3 100 49789 2.044297123
0 218 3 100 5341491 2.044312634
125 74 3 100 15993 2.044379966
54 224 3 100 1251258 2.044445658
63 10 3 100 5668022 2.044484105
99 211 3 100 55924 2.044494117
108 61 3 100 43729 2.044516839
83 173 3 100 20632 2.044570320
6 115 3 100 4837038 2.044572549
13 247 3 100 1361266 2.044620079
80 63 3 100 16503 2.044642023
5 133 3 100 69052 2.044662350
93 105 3 100 79222 2.044766524
18 186 3 100 512839 2.044819925
7 123 3 100 1250137 2.044856509
98 137 3 100 26712 2.044913815
6 38 3 100 56357 2.044920074
27 235 3 100 2219822 2.044964931
66 1 3 100 4270 2.044986784
21 250 3 100 43114 2.045073391
124 93 3 100 25315 2.045105114
110 250 3 100 161077 2.045158656
54 111 3 100 55790 2.045181655
80 206 3 100 5877 2.045226036
40 126 3 100 4249699 2.045251117
91 242 3 100 29205 2.045273504
89 22 3 100 9344 2.045297597
21 235 3 100 7742742 2.045366066
21 103 3 100 79633 2.045447393
50 152 3 100 166523 2.045545539
83 22 3 100 384051 2.045561218
16 136 3 100 4644132 2.045675637
31 88 3 100 7191920 2.045686895
121 134 3 100 13991 2.045705853
122 51 3 100 41876 2.045802044
54 213 3 100 15078 2.045830551
121 119 3 100 19953 2.045859131
67 202 3 100 72938 2.045868333
113 56 3 100 15092 2.045886434
89 220 3 100 55387 2.045944087
82 92 3 100 46744 2.045959704
47 182 3 100 44556 2.046010244
97 104 3 100 325685 2.046049440
54 217 3 100 78495 2.046092117
24 120 3 100 40247 2.046205032
72 229 3 100 15531 2.046268540
28 115 3 100 192377 2.046288744
68 164 3 100 6016281 2.046323445
26 69 3 100 36011 2.046325219
39 155 3 100 9552 2.046328685
51 14 3 100 1905439 2.046403135
110 142 3 100 7863 2.046418049
66 72 3 100 29602 2.046450742
9 145 3 100 196956 2.046452434
64 121 3 100 4066249 2.046454404
95 145 3 100 48636 2.046494290
73 45 3 100 24142 2.046520660
2 236 3 100 2838 2.046534680
61 74 3 100 1380120 2.046558478
63 195 3 100 43832 2.046609919
86 112 3 100 20483 2.046618902
19 203 3 100 1668147 2.046632698
2 122 3 100 366139 2.046666503
108 136 3 100 503763 2.046676802
7 92 3 100 81246 2.046695861
36 156 3 100 1135703 2.046761206
53 84 3 100 53729 2.046782802
110 148 3 100 66390 2.046838878
93 103 3 100 30967 2.046843287
55 165 3 100 1633465 2.046843498
22 74 3 100 1963799 2.046859589
111 149 3 100 21210 2.046859763
11 88 3 100 45746 2.046860576
93 168 3 100 4840436 2.046908842
69 79 3 100 6397 2.047063194
118 217 3 100 90158 2.047080448
31 77 3 100 1526874 2.047092246
60 185 3 100 3930 2.047145896
17 58 3 100 78592 2.047159218
51 249 3 100 2431 2.047181846
127 3 3 100 8293 2.047224550
29 129 3 100 21283 2.047260186
77 96 3 100 98086 2.047272631
108 216 3 100 23496 2.047299533
65 112 3 100 1562417 2.047319345
20 248 3 100 22501 2.047362731
51 95 3 100 25138 2.047387222
15 194 3 100 65952 2.047565569
41 56 3 100 20718 2.047592829
63 200 3 100 68568 2.047608999
91 60 3 100 510293 2.047618591
79 225 3 100 444636 2.047717113
61 63 3 100 3051594 2.047732359
0 238 3 100 21180 2.047742633
124 70 3 100 1171462 2.047748619
115 149 3 100 5166 2.047833942
26 9 3 100 6500599 2.047890403
18 189 3 100 663742 2.047898777
94 15 3 100 20849 2.047991589
100 170 3 100 4441891 2.047993584
99 16 3 100 43402 2.048027556
3 162 3 100 2196029 2.048115101
89 121 3 100 4134322 2.048190098
25 154 3 100 2926032 2.048212361
74 80 3 100 43645 2.048222330
0 224 3 100 13685 2.048264034
3 35 3 100 20607 2.048270888
35 189 3 100 13342 2.048332428
52 71 3 100 2267572 2.048360596
110 187 3 100 45203 2.048384667
81 36 3 100 1089583 2.048426834
91 176 3 100 128823 2.048494907
82 108 3 100 7453925 2.048525582
5 190 3 100 7555 2.048548307
34 29 3 100 191864 2.048554822
12 225 3 100 1979167 2.048571423
65 106 3 100 17897 2.048652851
70 166 3 100 22096 2.048730484
31 12 3 100 29470 2.048853115
19 238 3 100 59498 2.048888076
106 95 3 100 23470 2.048932817
11 158 3 100 29127112 2.048972256
76 70 3 100 2435939 2.048972260
22 172 3 100 4146808 2.049037532
6 115 3 100 105873 2.049076323
54 166 3 100 3818 2.049097962
17 75 3 100 344298 2.049141086
85 172 3 100 824 2.049144246
18 6 3 100 23737 2.049168082
121 134 3 100 6753 2.049198378
75 116 3 100 59926 2.049247018
73 177 3 100 20801 2.049254711
81 40 3 100 49152 2.049335499
27 143 3 100 1590915 2.049505226
53 83 3 100 29379 2.049542906
34 240 3 100 4709 2.049598451
46 4 3 100 18714 2.049599905
125 194 3 100 661756 2.049713043
13 76 3 100 8024 2.049714491
13 193 3 100 7343 2.049723421
34 90 3 100 14785215 2.049741192
56 254 3 100 45917 2.049741229
66 65 3 100 467696 2.049775134
70 251 3 100 7872 2.049788626
76 25 3 100 9629885 2.049790905
10 247 3 100 6431 2.049853470
92 38 3 100 43911 2.049861756
50 186 3 100 39557 2.049889894
29 120 3 100 8625966 2.049912673
115 149 3 100 429795 2.049976721
107 68 3 100 1568157 2.049984812
59 226 3 100 1596383 2.049988125
121 123 3 100 9194451 2.050029985
39 181 3 100 75317 2.050081371
116 58 3 100 6242 2.050179414
101 155 3 100 7108844 2.050254849
92 22 3 100 6641 2.050267314
47 207 3 100 252666 2.050335404
97 125 3 100 16906 2.050335428
104 182 3 100 241512 2.050347199
115 36 3 100 1800756 2.050459645
71 163 3 100 1277215 2.050491262
33 99 3 100 31515 2.050511683
21 223 3 100 4459157 2.050577598
87 56 3 100 19757 2.050584502
45 189 3 100 26063 2.050588736
51 82 3 100 37873 2.050623148
46 221 3 100 3664 2.050694299
50 81 3 100 80953 2.050696441
59 197 3 100 71551 2.050707287
28 45 3 100 8719251 2.050715093
39 196 3 100 24496 2.050751418
118 100 3 100 816682 2.050753076
113 138 3 100 4071535 2.050766516
59 63 3 100 31585 2.050778920
33 220 3 100 42527 2.050830982
66 49 3 100 3982 2.050840411
120 144 3 100 72951 2.050849438
36 89 3 100 3526370 2.050912300
95 245 3 100 28731 2.051019976
112 45 3 100 9050116 2.051047579
102 227 3 100 2170 2.051094235
4 69 3 100 50751 2.051216637
38 182 3 100 7007168 2.051235753
97 118 3 100 9862 2.051242204
115 157 3 100 32253 2.051244278
4 50 3 100 52314 2.051360892
103 249 3 100 63674 2.051399866
111 72 3 100 21788 2.051458488
37 165 3 100 27367 2.051500689
83 60 3 100 182875 2.051513617
64 169 3 100 1420522 2.051583868
108 59 3 100 168416 2.051593185
69 165 3 100 17729 2.051652935
48 98 3 100 181921 2.051655546
90 146 3 100 1924729 2.051679092
20 30 3 100 8247208 2.051687036
81 210 3 100 35019 2.051687231
94 127 3 100 9249 2.051723851
124 151 3 100 790507 2.051750120
87 62 3 100 58096 2.051764186
2 190 3 100 4897 2.051835322
20 0 3 100 176973 2.051965654
76 128 3 100 58034 2.051974185
121 69 3 100 1039885 2.052042359
111 211 3 100 191 2.052047807
71 116 3 100 9328 2.052167601
63 197 3 100 3755788 2.052316966
105 5 3 100 3989764 2.052322460
99 200 3 100 1439382 2.052355004
4 38 3 100 1139171 2.052433712
116 201 3 100 7645996 2.052450162
74 91 3 100 6761 2.052450247
72 164 3 100 47302 2.052476751
31 24 3 100 74705 2.052497863
40 157 3 100 76979 2.052539972
29 68 3 100 2357 2.052604881
109 137 3 100 316691 2.052616703
83 67 3 100 29910 2.052645724
125 178 3 100 6395 2.052657396
25 16 3 100 42760 2.052667652
74 198 3 100 4757704 2.052755098
68 93 3 100 264780 2.052854529
77 133 3 100 56146 2.052859126
88 60 3 100 16492 2.052861052
13 209 3 100 1682751 2.052919937
34 94 3 100 4197764 2.052996761
37 165 3 100 799675 2.053120831
115 103 3 100 113524 2.053128891
60 223 3 100 4127173 2.053232637
58 125 3 100 7945874 2.053249088
40 225 3 100 1802242 2.053263377
36 27 3 100 1635 2.053319797
66 152 3 100 179661 2.053349585
110 71 3 100 6055049 2.053382629
102 220 3 100 44266 2.053450234
100 78 3 100 6787400 2.053491804
28 230 3 100 26887640 2.053502589
14 82 3 100 27575 2.053574377
98 217 3 100 28279 2.053607460
24 86 3 100 56557 2.053609712
112 179 3 100 4456764 2.053613789
65 123 3 100 5488 2.053623652
52 240 3 100 73930 2.053749997
104 9 3 100 5826364 2.053755791
106 163 3 100 22732 2.053759514
36 1 3 100 560048 2.053781090
65 175 3 100 409421 2.053811797
13 40 3 100 3166002 2.053826874
56 220 3 100 701650 2.053863553
33 124 3 100 1554276 2.053900820
79 195 3 100 3412646 2.053904584
23 83 3 100 8144 2.053938632
40 234 3 100 22945838 2.054132051
11 17 3 100 4260 2.054140007
61 215 3 100 821504 2.054201230
98 29 3 100 98486 2.054206489
32 224 3 100 25392 2.054226784
88 47 3 100 70043 2.054227514
84 138 3 100 31938 2.054252714
108 119 3 100 76898 2.054354875
67 227 3 100 8573 2.054362456
86 112 3 100 43956 2.054400647
123 226 3 100 512692 2.054414854
88 18 3 100 5740529 2.054449734
90 202 3 100 28033 2.054456364
111 79 3 100 50926 2.054458624
78 214 3 100 1520395 2.054541911
77 47 3 100 62424 2.054556406
28 158 3 100 2401 2.054592533
58 98 3 100 79815 2.054613224
67 184 3 100 176 2.054631818
66 91 3 100 935262 2.054634976
109 141 3 100 29574143 2.054689952
97 5 3 100 2500294 2.054694202
25 135 3 100 30319 2.054695038
20 26 3 100 5250 2.054738520
27 214 3 100 4320584 2.054742563
124 47 3 100 314693 2.054746491
56 158 3 100 28493 2.054755515
90 96 3 100 70716 2.054773214
89 247 3 100 21440 2.054812368
96 98 3 100 8054322 2.054836724
119 209 3 100 6684474 2.054853243
27 20 3 100 2778960 2.054859606
95 239 3 100 3241 2.054919637
51 55 3 100 41942 2.055035567
102 139 3 100 161936 2.055059366
88 94 3 100 47858 2.055089317
27 162 3 100 2770 2.055127567
83 11 3 100 2303442 2.055223903
28 215 3 100 6249780 2.055246149
94 101 3 100 130801 2.055292843
55 163 3 100 74192 2.055327172
93 24 3 100 73779 2.055355373
119 236 3 100 1744047 2.055396148
106 22 3 100 773466 2.055411302
68 232 3 100 4878404 2.055497081
83 110 3 100 50714 2.055530483
100 154 3 100 1071982 2.055545019
78 110 3 100 56543 2.055570965
36 138 3 100 710212 2.055579804
90 112 3 100 68505 2.055587261
17 188 3 100 160691 2.055607845
9 58 3 100 21511 2.055648237
5 147 3 100 3122 2.055674109
28 110 3 100 5412150 2.055698402
35 159 3 100 1683987 2.055747243
38 55 3 100 1274851 2.055768177
47 227 3 100 1463224 2.055802358
62 115 3 100 8210 2.055887615
38 186 3 100 42826 2.055968403
102 83 3 100 1114884 2.056019741
29 216 3 100 1930919 2.056035833
11 14 3 100 53479 2.056055451
122 233 3 100 33479 2.056100657
84 59 3 100 51694 2.056108584
82 183 3 100 24096 2.056190020
2 63 3 100 82148 2.056221620
77 157 3 100 453825 2.056299850
105 38 3 100 1365254 2.056308368
122 185 3 100 4641 2.056335521
4 85 3 100 1684593 2.056365583
123 177 3 100 26199 2.056376211
9 121 3 100 2655215 2.056429859
8 246 3 100 344502 2.056460131
17 115 3 100 1090215 2.056486656
119 177 3 100 77607 2.056489243
0 31 3 100 76622 2.056557518
39 136 3 100 45015 2.056566758
85 92 3 100 7432507 2.056595983
124 139 3 100 10271650 2.056604475
125 66 3 100 74941 2.056758677
50 160 3 100 905 2.056870278
80 115 3 100 3065216 2.056873469
82 131 3 100 1758531 2.056878550
114 77 3 100 7101 2.056926250
6 190 3 100 298793 2.056970757
26 105 3 100 2805 2.057001171
45 196 3 100 60983 2.057001180
125 17 3 100 2050856 2.057015594
79 232 3 100 29045 2.057067565
62 57 3 100 7065 2.057086858
110 175 3 100 2626371 2.057087128
68 93 3 100 8320546 2.057093491
117 162 3 100 27267067 2.057097613
2 88 3 100 775422 2.057127050
107 232 3 100 1447067 2.057129179
115 100 3 100 3277804 2.057194879
103 220 3 100 22520 2.057197271
82 33 3 100 9548 2.057206090
81 193 3 100 973463 2.057212986
103 75 3 100 10005 2.057215009
48 252 3 100 25533255 2.057303638
114 33 3 100 366470 2.057338812
70 173 3 100 11767 2.057343292
114 1 3 100 42318 2.057356185
109 134 3 100 536 2.057369060
55 19 3 100 4945621 2.057403220
2 179 3 100 1399405 2.057408230
71 74 3 100 64865 2.057417958
74 252 3 100 1202154 2.057444264
50 115 3 100 29871 2.057466121
4 216 3 100 7419237 2.057475752
91 118 3 100 53234 2.057491662
45 186 3 100 18353207 2.057535770
94 87 3 100 123921 2.057568253
110 146 3 100 29595016 2.057686961
82 74 3 100 4215886 2.057690516
44 193 3 100 38203 2.057718188
120 26 3 100 12840 2.057767564
99 189 3 100 74382 2.057803399
64 83 3 100 854072 2.058042964
105 178 3 100 72012 2.058045591
33 2 3 100 9554809 2.058077444
27 185 3 100 2780459 2.058118153
40 94 3 100 2433 2.058155129
19 200 3 100 5337215 2.058168484
1 91 3 100 7897 2.058181391
118 253 3 100 597604 2.058211157
59 55 3 100 8289 2.058256073
110 244 3 100 5323 2.058297974
60 11 3 100 1575 2.058301539
127 134 3 100 2244880 2.058304101
21 11 3 100 67233 2.058327810
54 247 3 100 1750782 2.058335582
122 23 3 100 1122567 2.058343974
68 165 3 100 28024 2.058369412
109 49 3 100 4563 2.058424778
32 143 3 100 22385 2.058502075
34 12 3 100 225584 2.058557585
102 144 3 100 883675 2.058607420
15 92 3 100 41058 2.058644921
21 148 3 100 63115 2.058646659
21 37 3 100 7036924 2.058657214
116 167 3 100 3243465 2.058716850
97 43 3 100 524890 2.058840454
14 191 3 100 949647 2.058847789
6 9 3 100 1425429 2.058857624
114 134 3 100 1835627 2.058893804
104 55 3 100 75815 2.058932080
73 164 3 100 35839 2.059059014
30 127 3 100 8855051 2.059079905
91 147 3 100 42158 2.059086778
123 82 3 100 26731 2.059192454
19 142 3 100 1690414 2.059208911
6 43 3 100 2646 2.059222027
55 233 3 100 638323 2.059257474
66 101 3 100 67316 2.059274836
40 223 3 100 12521138 2.059324162
13 111 3 100 4918 2.059367850
107 254 3 100 42621 2.059400186
13 108 3 100 3410462 2.059412312
104 194 3 100 672113 2.059455678
4 57 3 100 368612 2.059456441
78 194 3 100 191711 2.059484547
88 82 3 100 78089 2.059488737
23 234 3 100 49714 2.059608288
81 73 3 100 19693 2.059632553
30 237 3 100 7871 2.059652545
98 67 3 100 907 2.059714161
44 198 3 100 8709219 2.059720039
104 54 3 100 2645728 2.059796463
36 162 3 100 6425431 2.059827667
11 66 3 100 972304 2.059853341
54 228 3 100 4170914 2.059863449
108 94 3 100 3610 2.059881757
127 243 3 100 50463 2.059896291
70 0 3 100 54884 2.059901983
110 213 3 100 336651 2.059913444
123 13 3 100 7487986 2.059915200
34 160 3 100 57836 2.060046333
114 98 3 100 1891 2.060126849
90 189 3 100 878527 2.060280721
68 54 3 100 69143 2.060427275
125 200 3 100 1848873 2.060430739
95 85 3 100 771600 2.060438695
92 252 3 100 1686584 2.060441832
97 26 3 100 1548866 2.060499802
73 213 3 100 1471648 2.060504348
91 82 3 100 141179 2.060655954
3 234 3 100 3085845 2.060685081
125 25 3 100 4142 2.060736697
83 162 3 100 9003526 2.060748978
101 93 3 100 50249 2.060818716
110 237 3 100 1478993 2.060822881
55 95 3 100 37658 2.060825049
121 146 3 100 1954051 2.060842779
56 101 3 100 13214622 2.060853316
69 174 3 100 24350 2.060859363
50 120 3 100 45672 2.060882348
102 248 3 100 68912 2.060903243
70 42 3 100 1940 2.060921498
95 179 3 100 7004611 2.060961058
121 73 3 100 24855 2.060993109
62 192 3 100 8092 2.061021778
88 3 3 100 2249204 2.061060471
99 252 3 100 14856 2.061091847
31 1 3 100 120458 2.061161066
13 218 3 100 4491759 2.061185577
62 6 3 100 4398 2.061267030
61 229 3 100 72202 2.061291963
42 60 3 100 27870 2.061391282
68 183 3 100 3721 2.061395888
117 7 3 100 1774350 2.061436172
32 140 3 100 12213 2.061441942
113 126 3 100 6778848 2.061448889
26 153 3 100 9065 2.061522926
105 103 3 100 32682 2.061598501
89 165 3 100 33624 2.061604516
105 47 3 100 62147 2.061695774
73 174 3 100 4470458 2.061709054
106 93 3 100 51678 2.061738758
3 156 3 100 575517 2.061754881
106 109 3 100 19429 2.061764062
90 242 3 100 10269659 2.061767703
41 84 3 100 1115832 2.061792610
29 131 3 100 11124 2.061800798
99 116 3 100 67230 2.061801285
45 154 3 100 1454286 2.061811582
0 3 3 100 53907 2.061843342
7 234 3 100 24168802 2.061858093
46 26 3 100 29401 2.061910343
46 171 3 100 278544 2.061912434
96 76 3 100 3194661 2.062010656
46 168 3 100 7273 2.062011790
43 112 3 100 2912 2.062046603
12 254 3 100 55503 2.062115597
11 117 3 100 24795 2.062137148
55 205 3 100 98095 2.062193941
125 71 3 100 6003556 2.062223803
5 155 3 100 3673 2.062250472
57 66 3 100 58314 2.062258690
14 200 3 100 25383 2.062303027
61 86 3 100 49994 2.062337468
44 196 3 100 27785 2.062345329
47 18 3 100 66338 2.062377915
122 207 3 100 734503 2.062462102
37 95 3 100 32111 2.062466553
90 128 3 100 64152 2.062510280
6 102 3 100 37252 2.062511405
25 223 3 100 3088201 2.062522618
77 110 3 100 55766 2.062565858
125 158 3 100 51008 2.062578466
18 57 3 100 1373920 2.062633590
89 178 3 100 1883896 2.062659980
16 24 3 100 45896 2.062738797
124 162 3 100 1247 2.062760155
8 38 3 100 2639 2.062789468
25 145 3 100 6662589 2.062824113
50 36 3 100 1099778 2.062887788
25 156 3 100 2895412 2.062932981
87 94 3 100 1440655 2.062952391
124 163 3 100 6321 2.062953978
114 96 3 100 1799497 2.062984044
110 140 3 100 36932 2.063141478
68 64 3 100 45654 2.063145777
16 157 3 100 1958 2.063153508
120 3 3 100 8883 2.063181047
93 255 3 100 7557427 2.063264787
103 73 3 100 8703348 2.063279776
105 131 3 100 31149 2.063288330
42 37 3 100 4188 2.063300489
126 210 3 100 3216581 2.063335069
27 119 3 100 16542 2.063375992
27 189 3 100 955260 2.063442834
34 4 3 100 27872 2.063449887
50 218 3 100 7822 2.063472781
101 24 3 100 25695 2.063475766
123 206 3 100 1034553 2.063483842
53 85 3 100 4356618 2.063496777
26 217 3 100 25215 2.063568295
54 28 3 100 191275 2.063633162
57 255 3 100 429055 2.063639046
109 111 3 100 2927 2.063668594
9 128 3 100 34487 2.063680240
17 32 3 100 26498 2.063687274
71 156 3 100 7377099 2.063693133
24 30 3 100 926089 2.063730427
23 245 3 100 119742 2.063757933
37 117 3 100 191955 2.063759115
90 152 3 100 674136 2.063822126
123 5 3 100 3950882 2.063849311
5 195 3 100 2470 2.063866373
50 125 3 100 8215 2.063905887
124 151 3 100 10377 2.063979966
30 37 3 100 15493 2.064011318
47 135 3 100 5441 2.064100636
70 2 3 100 8297 2.064124366
91 155 3 100 9445604 2.064136921
67 97 3 100 4732262 2.064210180
42 215 3 100 574845 2.064216336
60 121 3 100 7258 2.064216631
16 236 3 100 696458 2.064347252
87 115 3 100 162683 2.064446822
93 191 3 100 589545 2.064563602
102 65 3 100 802097 2.064602404
13 180 3 100 3356 2.064626453
113 69 3 100 70176 2.064720871
79 236 3 100 79415 2.064845586
63 21 3 100 18954 2.064862157
123 185 3 100 1808937 2.064904367
56 58 3 100 2133311 2.064964688
106 167 3 100 390664 2.064967355
4 120 3 100 79599 2.065002240
119 240 3 100 47849 2.065027443
38 39 3 100 9620423 2.065090545
107 238 3 100 8566 2.065104059
117 88 3 100 43921 2.065115444
29 147 3 100 4119079 2.065131992
52 118 3 100 78444 2.065155632
89 230 3 100 27099 2.065159887
76 112 3 100 33746 2.065166060
97 130 3 100 1725159 2.065178827
3 17 3 100 1748 2.065234186
123 165 3 100 602685 2.065260950
67 120 3 100 16488039 2.065286093
35 222 3 100 36700 2.065287431
6 76 3 100 7554637 2.065289766
40 201 3 100 73637 2.065292182
49 66 3 100 379589 2.065334127
44 165 3 100 5728 2.065339154
41 112 3 100 26093 2.065355331
45 194 3 100 22290 2.065409760
70 7 3 100 1311397 2.065429306
38 167 3 100 9158394 2.065447369
83 9 3 100 9511 2.065481383
50 240 3 100 8261 2.065500452
23 8 3 100 64440 2.065510942
99 135 3 100 1677021 2.065546414
114 46 3 100 9759327 2.065624273
3 200 3 100 78023 2.065655443
127 46 3 100 25904 2.065699663
65 179 3 100 4401517 2.065752234
63 77 3 100 10227 2.065806061
86 215 3 100 68947 2.065810082
99 120 3 100 48022 2.065876502
19 132 3 100 1350034 2.065912912
56 9 3 100 749781 2.065968507
14 159 3 100 569 2.065981773
73 11 3 100 54577 2.066001416
124 198 3 100 1325448 2.066005539
64 24 3 100 525437 2.066013390
26 169 3 100 13698 2.066019284
62 48 3 100 78008 2.066030596
50 247 3 100 8029 2.066092004
66 113 3 100 25397 2.066138178
66 196 3 100 9401 2.066171564
82 118 3 100 66906 2.066218973
121 181 3 100 11486334 2.066236883
79 38 3 100 325499 2.066239838
71 182 3 100 21896 2.066304497
15 112 3 100 551350 2.066363826
66 251 3 100 3747731 2.066417866
51 1 3 100 1472 2.066446480
45 244 3 100 21968 2.066474845
116 30 3 100 20430 2.066492367
84 136 3 100 40412 2.066534721
56 83 3 100 45543 2.066577541
32 182 3 100 20284 2.066588962
98 20 3 100 1881534 2.066602704
54 184 3 100 326682 2.066622920
112 6 3 100 1293 2.066639923
55 213 3 100 40219 2.066719645
95 59 3 100 41913 2.066743863
61 154 3 100 29249 2.066750481
10 29 3 100 103838 2.066852645
66 217 3 100 1983274 2.066890747
14 119 3 100 2709 2.066913246
99 174 3 100 7790184 2.066935930
93 82 3 100 57036 2.066953258
41 231 3 100 1545497 2.066988138
88 14 3 100 18135 2.066992300
92 245 3 100 47923 2.067006527
33 15 3 100 30743 2.067027833
4 169 3 100 841627 2.067052009
107 100 3 100 182740 2.067215150
91 153 3 100 8810567 2.067225908
33 85 3 100 247388 2.067242692
55 159 3 100 40487 2.067243620
18 7 3 100 61646 2.067247119
44 162 3 100 88241 2.067273433
119 125 3 100 28560 2.067306051
111 133 3 100 1154062 2.067326085
91 101 3 100 123539 2.067329231
56 184 3 100 21697 2.067356692
100 58 3 100 328 2.067374656
49 201 3 100 8257834 2.067379156
27 65 3 100 56660 2.067382619
82 216 3 100 21994 2.067391009
46 73 3 100 761 2.067400269
106 189 3 100 28939 2.067420542
47 97 3 100 132746 2.067523640
35 242 3 100 4889346 2.067544787
5 84 3 100 24270 2.067552803
30 230 3 100 9678 2.067564175
98 77 3 100 34957 2.067573688
95 231 3 100 31233 2.067627707
112 83 3 100 4428352 2.067689737
112 141 3 100 770872 2.067717612
90 92 3 100 24153 2.067754985
101 210 3 100 9159817 2.067784067
113 112 3 100 62969 2.067854883
78 219 3 100 4501691 2.067859036
99 35 3 100 57583 2.067926100
48 145 3 100 22874 2.067957476
45 41 3 100 734 2.067990038
70 215 3 100 818545 2.068018162
123 80 3 100 3208 2.068025797
69 199 3 100 55682 2.068032771
3 119 3 100 79793 2.068073723
109 254 3 100 176900 2.068073723
15 71 3 100 1417970 2.068101739
7 232 3 100 3808981 2.068102152
63 75 3 100 1533802 2.068118099
37 235 3 100 1014497 2.068138450
23 26 3 100 24224 2.068163924
112 162 3 100 55397 2.068304824
22 121 3 100 58415 2.068334938
68 190 3 100 1942593 2.068420315
31 105 3 100 61667 2.068442193
120 231 3 100 1504641 2.068443277
116 109 3 100 58822 2.068447587
0 248 3 100 1515876 2.068456913
14 36 3 100 269689 2.068457602
43 134 3 100 2801928 2.068483349
45 10 3 100 27052 2.068505602
75 189 3 100 4363668 2.068552794
65 70 3 100 22240 2.068566112
123 244 3 100 5067178 2.068573327
36 61 3 100 15423 2.068595493
14 217 3 100 2492 2.068641737
115 39 3 100 8037594 2.068641778
107 251 3 100 1314484 2.068654491
82 86 3 100 415936 2.068666494
122 194 3 100 6478002 2.068693412
2 39 3 100 25355 2.068719824
50 135 3 100 22026 2.068748888
62 25 3 100 1712646 2.068780799
41 137 3 100 1502 2.068796146
20 101 3 100 65709 2.068823147
21 143 3 100 9440729 2.068826233
105 96 3 100 25703 2.068902019
99 174 3 100 58092 2.068907380
2 80 3 100 3724455 2.068912641
79 251 3 100 8321 2.068934644
122 46 3 100 2138465 2.068962065
8 190 3 100 66896 2.069046429
104 46 3 100 7542 2.069056725
108 188 3 100 441271 2.069064533
30 85 3 100 17208 2.069138231
16 189 3 100 22225 2.069151449
105 69 3 100 5480 2.069229419
44 169 3 100 6247 2.069326032
0 126 3 100 28657841 2.069383417
1 246 3 100 58226 2.069405261
17 119 3 100 20141 2.069430301
93 249 3 100 16867 2.069466383
4 43 3 100 24306 2.069494441
120 228 3 100 28706 2.069503257
36 34 3 100 140785 2.069503920
108 150 3 100 58035 2.069507143
87 10 3 100 1454289 2.069517411
35 153 3 100 66048 2.069526460
70 65 3 100 5355484 2.069566219
96 236 3 100 75842 2.069570043
107 118 3 100 164708 2.069700416
121 255 3 100 8914 2.069703107
87 62 3 100 21147 2.069739055
48 185 3 100 634565 2.069843638
102 108 3 100 179935 2.069890900
64 226 3 100 26878 2.069929479
86 115 3 100 2127880 2.069966438
15 197 3 100 155129 2.069988120
93 29 3 100 177284 2.069996968
62 171 3 100 632573 2.070017019
58 4 3 100 13714000 2.070027330
109 199 3 100 13429 2.070041272
98 104 3 100 3493803 2.070049890
94 168 3 100 143983 2.070054615
82 28 3 100 13725723 2.070080332
21 136 3 100 86875 2.070191056
44 29 3 100 9278035 2.070286495
56 194 3 100 42965 2.070302607
29 75 3 100 1301 2.070309741
31 183 3 100 36032 2.070358125
86 66 3 100 5463138 2.070452065
84 156 3 100 56472 2.070455757
14 48 3 100 1598429 2.070609236
113 157 3 100 51904 2.070667226
17 91 3 100 7628272 2.070687169
87 143 3 100 606095 2.070695918
44 38 3 100 34529 2.070715130
65 203 3 100 28214 2.070716271
66 26 3 100 12429 2.070724111
118 182 3 100 20693 2.070812467
27 91 3 100 66055 2.070918422
21 168 3 100 194269 2.070940981
70 51 3 100 200477 2.070952657
124 182 3 100 21062 2.071007836
65 105 3 100 372778 2.071027879
78 190 3 100 78112 2.071050506
81 115 3 100 102671 2.071091479
111 213 3 100 197276 2.071118752
13 116 3 100 5757 2.071187469
44 217 3 100 3466 2.071215021
97 51 3 100 1891422 2.071415549
84 196 3 100 8881 2.071445473
111 46 3 100 9474 2.071506754
124 233 3 100 825108 2.071507644
114 77 3 100 15430 2.071528085
34 137 3 100 27719258 2.071529979
104 28 3 100 9881011 2.071574630
77 247 3 100 6678 2.071615339
110 21 3 100 18432 2.071616963
113 161 3 100 9667 2.071635768
75 67 3 100 42005 2.071704680
0 203 3 100 43924 2.071710668
49 28 3 100 183779 2.071753304
98 215 3 100 2567363 2.071754889
61 108 3 100 17617935 2.071791374
78 138 3 100 11376 2.071802503
126 96 3 100 24612 2.071810340
14 181 3 100 4357606 2.071819037
63 19 3 100 50721 2.071890606
92 188 3 100 76731 2.071909047
49 76 3 100 679155 2.071915771
91 191 3 100 79000 2.071993390
127 66 3 100 1111869 2.072003774
80 250 3 100 26131 2.072043048
39 42 3 100 172761 2.072092694
68 247 3 100 1510241 2.072139245
9 119 3 100 130224 2.072201959
17 208 3 100 29863 2.072208113
37 55 3 100 24708 2.072257995
125 148 3 100 37571 2.072333894
74 31 3 100 69039 2.072385980
48 193 3 100 9291271 2.072421970
64 117 3 100 1507787 2.072440844
3 240 3 100 54011 2.072467973
94 55 3 100 26742871 2.072494436
10 165 3 100 6468 2.072514296
74 32 3 100 27349 2.072549192
109 241 3 100 5913525 2.072582214
97 3 3 100 1601208 2.072598600
39 145 3 100 5257 2.072678305
99 42 3 100 1320266 2.072694840
13 216 3 100 72454 2.072736796
60 22 3 100 4283808 2.072755358
10 242 3 100 35021 2.072825668
92 59 3 100 759019 2.072853514
51 157 3 100 63827 2.072901870
45 73 3 100 455642 2.072915583
121 210 3 100 26927 2.072945411
43 20 3 100 1144 2.072946911
104 171 3 100 123387 2.072955133
109 87 3 100 950747 2.073014616
91 158 3 100 3888 2.073018800
123 97 3 100 3529331 2.073025935
102 194 3 100 3232 2.073045320
86 23 3 100 1356552 2.073118900
103 194 3 100 48527 2.073143189
2 42 3 100 100052 2.073323598
50 182 3 100 3517044 2.073454033
45 13 3 100 22729 2.073516091
32 243 3 100 13159 2.073536898
11 58 3 100 1244163 2.073600737
125 161 3 100 387362 2.073617076
1 59 3 100 68172 2.073633928
26 221 3 100 753358 2.073644120
30 19 3 100 4022710 2.073652933
71 241 3 100 4128 2.073710894
10 90 3 100 3200 2.073714515
45 154 3 100 1950015 2.073733114
0 92 3 100 7894872 2.073794018
33 155 3 100 24228 2.073820951
113 105 3 100 178256 2.073880367
101 130 3 100 41522 2.074030518
45 46 3 100 19990 2.074171230
41 255 3 100 8357078 2.074202184
87 12 3 100 16407663 2.074296850
83 165 3 100 67669 2.074329789
0 71 3 100 40786 2.074376943
122 153 3 100 4139 2.074404900
62 40 3 100 1316 2.074478214
8 141 3 100 14301 2.074562115
29 47 3 100 196882 2.074659088
47 183 3 100 683 2.074697707
32 43 3 100 8973303 2.074735660
110 186 3 100 36092 2.074817539
87 114 3 100 472330 2.074822692
8 232 3 100 9627057 2.074935618
1 43 3 100 1430102 2.075038605
112 134 3 100 6845918 2.075056493
28 41 3 100 188249 2.075077488
21 164 3 100 15675 2.075084230
108 109 3 100 48686 2.075109196
80 128 3 100 2582290 2.075121910
55 86 3 100 2574740 2.075129009
105 242 3 100 43155 2.075181759
116 72 3 100 45241 2.075251302
74 238 3 100 768388 2.075269383
67 10 3 100 9175461 2.075384384
65 222 3 100 970627 2.075387366
60 39 3 100 625976 2.075398207
127 235 3 100 20457 2.075411856
79 55 3 100 60814 2.075420514
34 150 3 100 19875 2.075476614
49 80 3 100 34945 2.075575921
125 134 3 100 39131 2.075689426
83 108 3 100 65707 2.075699411
18 225 3 100 9411172 2.075743571
47 111 3 100 57003 2.075796417
28 158 3 100 1925982 2.075855089
96 81 3 100 47535 2.075909913
115 214 3 100 23645 2.075976395
81 4 3 100 93573 2.076020445
75 140 3 100 7165308 2.076082853
84 21 3 100 445433 2.076110690
81 158 3 100 610468 2.076183112
69 127 3 100 9920653 2.076243908
34 250 3 100 1356406 2.076268011
54 62 3 100 1184185 2.076304624
79 133 3 100 60548 2.076338749
41 11 3 100 5753 2.076422572
61 154 3 100 449130 2.076433799
3 22 3 100 35193 2.076522156
57 236 3 100 3956990 2.076534229
121 62 3 100 27191 2.076579725
80 192 3 100 5463184 2.076693039
47 62 3 100 7529 2.076744291
18 134 3 100 39400 2.076746918
78 109 3 100 24414 2.076774111
105 161 3 100 113142 2.076782065
50 41 3 100 57309 2.076793635
86 247 3 100 2882 2.076818077
0 66 3 100 9917 2.076832202
40 189 3 100 156166 2.076842419
83 50 3 100 31195 2.076877133
60 152 3 100 2142885 2.076891299
0 6 3 100 3471 2.076891806
123 203 3 100 67620 2.076909334
98 99 3 100 723198 2.076921281
10 214 3 100 6543 2.076924514
4 41 3 100 91981 2.076956158
76 170 3 100 1435888 2.076957714
95 42 3 100 1116859 2.076963956
9 238 3 100 9639005 2.076965972
95 98 3 100 294191 2.076993502
100 160 3 100 200507 2.077096207
62 50 3 100 50106 2.077108841
67 161 3 100 471393 2.077124902
6 10 3 100 7883599 2.077226190
76 179 3 100 66121 2.077227025
35 38 3 100 27869 2.077291013
111 130 3 100 542260 2.077314770
112 119 3 100 74413 2.077338325
30 241 3 100 2715153 2.077360778
96 17 3 100 29677918 2.077417863
62 222 3 100 2666 2.077525483
106 74 3 100 28238 2.077545056
97 229 3 100 6143 2.077559352
107 114 3 100 3506931 2.077567977
72 130 3 100 825561 2.077603367
79 125 3 100 60572 2.077676575
26 188 3 100 54180 2.077739337
78 26 3 100 68093 2.077827461
127 197 3 100 577948 2.077837861
53 118 3 100 18184 2.077874174
100 207 3 100 20121 2.077893850
115 117 3 100 124696 2.077899159
62 139 3 100 36693 2.077919617
92 59 3 100 1342342 2.077957074
65 225 3 100 2184362 2.077995277
37 30 3 100 39842 2.078090071
21 170 3 100 719147 2.078100069
52 122 3 100 45892 2.078124022
9 128 3 100 5282 2.078141414
12 112 3 100 2760026 2.078225971
91 160 3 100 6834 2.078292503
55 125 3 100 27636 2.078491684
7 215 3 100 8835757 2.078561878
50 84 3 100 24859 2.078583130
59 147 3 100 1769307 2.078624759
119 74 3 100 50376 2.078627580
84 248 3 100 5189 2.078628230
126 58 3 100 8317251 2.078634477
123 209 3 100 15090 2.078673269
0 50 3 100 65476 2.078678106
12 128 3 100 4201 2.078696355
76 123 3 100 2259706 2.078787805
105 190 3 100 1420338 2.078989545
28 44 3 100 54007 2.079033833
27 251 3 100 256729 2.079062113
56 4 3 100 987014 2.079094117
25 255 3 100 128670 2.079125763
0 92 3 100 26383 2.079152371
122 164 3 100 55579 2.079184213
73 124 3 100 68328 2.079216960
29 219 3 100 4524 2.079219896
3 79 3 100 13721840 2.079271840
45 229 3 100 14308566 2.079279823
88 120 3 100 274325 2.079293785
64 199 3 100 54119 2.079336217
81 61 3 100 39723 2.079343326
53 102 3 100 1486000 2.079365145
10 231 3 100 7672776 2.079436900
4 59 3 100 18120 2.079504704
43 130 3 100 169446 2.079546513
27 119 3 100 6111799 2.079727517
6 226 3 100 1183 2.079763151
48 2 3 100 6893 2.079795301
40 225 3 100 87264 2.079849876
8 93 3 100 1905724 2.079950521
59 213 3 100 22691 2.079950993
127 26 3 100 1986285 2.079956681
72 138 3 100 482810 2.079964637
105 7 3 100 20512 2.079981550
45 164 3 100 29362 2.079987383
60 218 3 100 62049 2.080005512
39 81 3 100 19914 2.080054162
41 136 3 100 7185 2.080070144
102 10 3 100 3766770 2.080079695
13 139 3 100 79826 2.080131525
100 74 3 100 26521 2.080191781
3 232 3 100 18713231 2.080236458
123 1 3 100 27311 2.080240686
36 149 3 100 1088987 2.080260105
89 125 3 100 99437 2.080292626
50 89 3 100 1770788 2.080355515
124 207 3 100 3968324 2.080377695
50 27 3 100 4940616 2.080396176
48 142 3 100 28727 2.080456562
63 19 3 100 1801 2.080456970
125 149 3 100 1527753 2.080458199
42 47 3 100 1663376 2.080462887
45 198 3 100 8675 2.080491151
41 10 3 100 16983 2.080493556
24 200 3 100 322115 2.080557143
0 58 3 100 3538485 2.080588806
114 139 3 100 92 2.080652983
31 7 3 100 6634 2.080666894
36 243 3 100 186274 2.080758152
44 2 3 100 65312 2.080776294
73 133 3 100 43660 2.080839715
120 96 3 100 74894 2.080842836
119 182 3 100 8286 2.080849395
54 108 3 100 324393 2.080972886
82 209 3 100 992675 2.080982604
106 117 3 100 1715534 2.081029629
96 224 3 100 41930 2.081124222
51 69 3 100 7915784 2.081155099
3 242 3 100 8923 2.081307729
46 118 3 100 8883785 2.081370445
76 163 3 100 1868492 2.081454621
27 127 3 100 41996 2.081465342
21 141 3 100 102951 2.081663827
40 22 3 100 24914 2.081722353
43 162 3 100 5199401 2.081726041
61 52 3 100 2811 2.081793039
31 219 3 100 6953 2.081821983
107 2 3 100 1815 2.081879574
116 152 3 100 63975 2.081928734
58 159 3 100 165053 2.082011210
51 92 3 100 1609301 2.082029873
71 133 3 100 3311937 2.082105467
105 6 3 100 5754500 2.082105649
45 144 3 100 187895 2.082169037
28 99 3 100 19757 2.082216476
33 181 3 100 2768481 2.082237785
98 108 3 100 39949 2.082349157
114 147 3 100 4433498 2.082350183
112 7 3 100 35740 2.082410703
36 227 3 100 115397 2.082461126
103 29 3 100 1186461 2.082467032
57 140 3 100 2586271 2.082487422
103 5 3 100 2390364 2.082513392
42 197 3 100 2700 2.082514571
38 47 3 100 55526 2.082518586
84 157 3 100 5768 2.082650269
53 114 3 100 9898 2.082741971
111 230 3 100 25657 2.082776348
114 54 3 100 1953469 2.082791864
126 183 3 100 47814 2.082908511
99 117 3 100 3202540 2.082966457
42 215 3 100 1497388 2.083042850
105 7 3 100 4562986 2.083057021
72 208 3 100 1900 2.083067517
55 116 3 100 8639 2.083109181
78 152 3 100 71546 2.083113183
17 11 3 100 66397 2.083144664
61 242 3 100 30155 2.083169201
86 69 3 100 177027 2.083171487
16 243 3 100 1972435 2.083171917
4 103 3 100 37095 2.083195493
49 185 3 100 1823103 2.083228281
109 15 3 100 70003 2.083247056
116 245 3 100 64546 2.083283582
80 124 3 100 14132518 2.083287024
5 203 3 100 6027 2.083358200
123 120 3 100 1152422 2.083386244
85 173 3 100 2930579 2.083397956
103 41 3 100 40371 2.083474241
115 222 3 100 107181 2.083477140
82 109 3 100 3443819 2.083533712
47 214 3 100 60941 2.083569797
85 55 3 100 8863 2.083583604
84 208 3 100 1024632 2.083650351
19 117 3 100 8903722 2.083735682
77 200 3 100 88236 2.083788458
100 116 3 100 6898 2.083797433
68 146 3 100 172837 2.083970471
43 68 3 100 96007 2.083975571
54 193 3 100 12707 2.083976354
45 54 3 100 22886 2.084017434
35 255 3 100 21626 2.084034420
91 109 3 100 35414 2.084142412
83 223 3 100 124595 2.084151155
12 116 3 100 10834375 2.084210642
86 244 3 100 195879 2.084253259
110 81 3 100 18031 2.084255421
4 217 3 100 5934 2.084259362
96 93 3 100 99699 2.084357609
24 152 3 100 10666 2.084382748
87 78 3 100 8098 2.084393422
39 245 3 100 1040318 2.084450681
111 120 3 100 27673 2.084502812
74 196 3 100 858853 2.084620556
43 20 3 100 20894 2.084621228
84 255 3 100 40984 2.084628563
35 26 3 100 19072 2.084641831
122 240 3 100 484170 2.084696976
6 15 3 100 2204094 2.084756467
57 163 3 100 287282 2.084786768
2 85 3 100 942 2.084797896
98 154 3 100 1731 2.084801685
51 8 3 100 855745 2.084816479
41 218 3 100 243785 2.084849067
9 12 3 100 17015 2.084853015
106 185 3 100 45487 2.084873699
40 98 3 100 44387 2.084897747
3 198 3 100 20061 2.084933024
11 81 3 100 29227 2.084939297
100 204 3 100 386921 2.084941839
31 43 3 100 52882 2.084961705
113 188 3 100 71966 2.084962199
92 75 3 100 66441 2.085009583
81 179 3 100 38093 2.085016703
88 110 3 100 1127318 2.085085620
3 153 3 100 67450 2.085108558
56 69 3 100 3699 2.085172268
28 190 3 100 19148780 2.085231349
31 82 3 100 1505849 2.085249786
89 187 3 100 22188 2.085306267
18 238 3 100 882197 2.085386513
23 7 3 100 73968 2.085395791
112 130 3 100 158477 2.085443684
91 41 3 100 756446 2.085450186
40 209 3 100 8703739 2.085462040
121 74 3 100 17877 2.085475031
91 198 3 100 33730 2.085477386
127 80 3 100 224450 2.085491291
110 152 3 100 7980 2.085509255
116 29 3 100 2733304 2.085558793
62 222 3 100 62211 2.085575285
45 7 3 100 2081752 2.085596184
18 20 3 100 26201625 2.085613434
96 195 3 100 59987 2.085653956
34 4 3 100 6910 2.085659184
84 133 3 100 47261 2.085677953
89 62 3 100 50624 2.085694531
57 144 3 100 72905 2.085699291
84 90 3 100 440731 2.085735004
3 163 3 100 1662045 2.085803545
88 112 3 100 17867 2.085921306
83 155 3 100 17503418 2.085926842
96 32 3 100 5958 2.085949316
70 192 3 100 68331 2.085955673
14 80 3 100 67227 2.085956076
39 184 3 100 8926668 2.085960986
45 108 3 100 36830 2.085965259
23 179 3 100 40246 2.085995405
67 13 3 100 1681835 2.086104156
64 198 3 100 976442 2.086172202
35 85 3 100 5795494 2.086227486
33 144 3 100 56185 2.086301029
52 62 3 100 1613675 2.086314091
123 235 3 100 311817 2.086320717
96 92 3 100 4086 2.086490808
10 143 3 100 20856789 2.086617744
39 106 3 100 4395 2.086642936
120 199 3 100 6505310 2.086660276
83 24 3 100 7078 2.086735731
108 143 3 100 72697 2.086743524
94 89 3 100 2352 2.086914805
85 131 3 100 37530 2.087044225
93 92 3 100 29144 2.087044802
108 244 3 100 54857 2.087105632
22 77 3 100 2831 2.087127945
121 210 3 100 1004512 2.087162497
23 20 3 100 57175 2.087236824
34 135 3 100 36249 2.087258911
112 97 3 100 27923 2.087334859
91 226 3 100 7887569 2.087374025
121 116 3 100 2779317 2.087403374
62 223 3 100 320 2.087442557
64 14 3 100 21500 2.087465516
125 158 3 100 45775 2.087483525
74 64 3 100 1552485 2.087526270
27 246 3 100 87738 2.087561968
37 72 3 100 923783 2.087617353
45 233 3 100 20868 2.087658555
83 234 3 100 4616576 2.087702938
28 54 3 100 4566 2.087732821
24 206 3 100 65103 2.087770733
31 124 3 100 2920946 2.087778062
16 221 3 100 2451638 2.087803045
27 11 3 100 26643 2.087809991
90 195 3 100 485559 2.087860397
56 48 3 100 575292 2.087959132
12 245 3 100 74075 2.088011861
116 127 3 100 54882 2.088048191
24 238 3 100 45644 2.088071892
123 56 3 100 14139 2.088101792
28 129 3 100 819687 2.088104966
24 200 3 100 4595 2.088107992
124 34 3 100 78560 2.088116559
115 237 3 100 25923 2.088121126
96 39 3 100 28801 2.088160403
42 192 3 100 100681 2.088175766
21 80 3 100 1901512 2.088184007
127 200 3 100 962995 2.088185511
79 18 3 100 45746 2.088194190
91 128 3 100 16691 2.088215490
82 249 3 100 2716067 2.088269932
90 37 3 100 5589579 2.088359920
23 147 3 100 818 2.088382117
47 56 3 100 731614 2.088418093
90 101 3 100 2028787 2.088480905
115 221 3 100 49912 2.088523836
87 97 3 100 39897 2.088535941
93 147 3 100 21040 2.088638284
7 18 3 100 5276 2.088649651
115 195 3 100 9206483 2.088700413
78 9 3 100 6263 2.088787139
48 187 3 100 25598 2.088829887
28 119 3 100 7016 2.088838593
21 244 3 100 1454 2.088891120
7 252 3 100 2712970 2.088973924
24 61 3 100 4312389 2.088990970
16 203 3 100 13464365 2.089040203
112 12 3 100 3363323 2.089113838
11 167 3 100 909020 2.089139681
101 105 3 100 61951 2.089143403
67 168 3 100 29097 2.089168385
70 107 3 100 58152 2.089246040
123 174 3 100 2892176 2.089317287
94 70 3 100 376205 2.089345659
17 210 3 100 59829 2.089347607
122 126 3 100 39530 2.089389028
8 116 3 100 24728 2.089462016
88 220 3 100 50114 2.089477375
49 2 3 100 1655803 2.089484891
54 156 3 100 50124 2.089536095
4 121 3 100 32033 2.089550727
51 228 3 100 46971 2.089585657
68 180 3 100 5425 2.089626054
8 108 3 100 3557569 2.089689690
42 217 3 100 119853 2.089691661
41 43 3 100 916647 2.089726752
118 247 3 100 9746 2.089736298
50 64 3 100 67806 2.089739217
5 206 3 100 22062 2.089753199
96 84 3 100 4931771 2.089760671
92 139 3 100 63251 2.089792405
62 105 3 100 23464 2.089843524
18 204 3 100 22834 2.089887249
111 7 3 100 6594712 2.089901626
89 144 3 100 68417 2.089999643
74 27 3 100 190376 2.090020783
51 115 3 100 20231 2.090125599
7 155 3 100 13839 2.090134544
48 122 3 100 4345640 2.090140232
13 247 3 100 27550 2.090151324
25 69 3 100 13888 2.090184861
21 140 3 100 2495957 2.090200404
25 67 3 100 245215 2.090201662
48 229 3 100 23677 2.090214914
103 160 3 100 5597 2.090219119
42 25 3 100 16388 2.090222046
40 171 3 100 2479 2.090279146
33 124 3 100 4925448 2.090300877
107 175 3 100 18051 2.090316763
13 40 3 100 1276140 2.090343090
32 229 3 100 1907040 2.090393474
10 105 3 100 2097 2.090399509
11 31 3 100 26800 2.090433458
66 15 3 100 21125 2.090480168
1 170 3 100 28353 2.090499232
74 80 3 100 28344263 2.090802034
29 227 3 100 162345 2.090803761
59 99 3 100 109683 2.090817912
40 3 3 100 1770518 2.090901554
115 210 3 100 28312 2.090906578
33 64 3 100 58168 2.090907159
43 128 3 100 528 2.090930634
41 88 3 100 42923 2.090974535
81 69 3 100 32125 2.091242886
111 189 3 100 7594 2.091319374
94 36 3 100 620132 2.091369332
108 246 3 100 5545 2.091386593
99 41 3 100 11924 2.091404404
108 130 3 100 48935 2.091425971
13 118 3 100 55437 2.091456529
17 152 3 100 1711636 2.091513107
0 147 3 100 9700704 2.091570271
94 2 3 100 2393915 2.091647509
81 186 3 100 52380 2.091673145
60 119 3 100 2881291 2.091757331
54 146 3 100 4034694 2.091783071
59 96 3 100 72420 2.091792013
20 240 3 100 23590 2.091793358
115 49 3 100 309011 2.091826843
70 138 3 100 1624246 2.091874286
78 36 3 100 7883638 2.091904119
99 142 3 100 2092 2.091927102
104 82 3 100 1507692 2.091928632
126 164 3 100 711375 2.091941767
13 95 3 100 61778 2.091978328
57 119 3 100 240708 2.091980892
126 46 3 100 6048 2.092234668
71 153 3 100 6920 2.092314619
20 110 3 100 4562530 2.092317465
45 158 3 100 5039 2.092322261
10 80 3 100 2147938 2.092358415
67 164 3 100 511018 2.092364568
87 25 3 100 19138 2.092388648
14 196 3 100 79681 2.092407717
11 98 3 100 49430 2.092441735
26 206 3 100 1103251 2.092444981
15 127 3 100 26555 2.092511278
44 80 3 100 922807 2.092581205
81 159 3 100 108100 2.092590337
13 9 3 100 8217 2.092636116
47 233 3 100 4385816 2.092643916
81 35 3 100 29257 2.092656345
70 214 3 100 4374572 2.092724243
57 14 3 100 1007993 2.092806267
24 163 3 100 2628 2.093025903
122 133 3 100 165678 2.093077541
127 102 3 100 3078 2.093083198
93 234 3 100 1000525 2.093118219
47 107 3 100 10552599 2.093128235
114 178 3 100 163720 2.093184943
116 80 3 100 76805 2.093219496
10 198 3 100 1353976 2.093232196
111 219 3 100 92367 2.093257701
89 3 3 100 7412504 2.093288598
49 167 3 100 9010399 2.093449391
32 22 3 100 187239 2.093452515
101 224 3 100 9665779 2.093465064
123 78 3 100 2277746 2.093475512
54 254 3 100 4229 2.093478499
33 87 3 100 1959266 2.093489621
111 225 3 100 51776 2.093567048
90 3 3 100 48330 2.093592200
8 202 3 100 3133321 2.093608408
108 58 3 100 21270 2.093611491
105 244 3 100 1477860 2.093648070
68 31 3 100 26006 2.093698672
68 220 3 100 21179 2.093707290
74 92 3 100 496471 2.093731085
121 226 3 100 5582890 2.093794261
22 111 3 100 1026 2.093794292
66 248 3 100 1048789 2.093801351
54 104 3 100 20619 2.093816234
108 168 3 100 4412740 2.093823812
13 111 3 100 13 2.093861867
7 104 3 100 1844516 2.093912614
34 221 3 100 2724652 2.093950567
62 27 3 100 8852628 2.093958881
53 198 3 100 1697257 2.093969387
90 169 3 100 38194 2.094132355
14 198 3 100 4678 2.094219904
92 105 3 100 63807 2.094228351
44 138 3 100 26476 2.094658629
21 2 3 100 32884 2.094777642
87 155 3 100 2201331 2.094780533
53 106 3 100 26859891 2.094822419
46 238 3 100 7409835 2.094836471
18 2 3 100 10591 2.094841427
11 212 3 100 21969 2.095007120
108 133 3 100 1661143 2.095026768
116 0 3 100 9025 2.095027211
122 226 3 100 27892 2.095039240
78 111 3 100 813266 2.095051345
78 154 3 100 53170 2.095069700
100 219 3 100 1094317 2.095178049
71 216 3 100 82934 2.095238570
111 222 3 100 431462 2.095341100
119 8 3 100 21230 2.095376199
32 217 3 100 8628207 2.095389067
72 114 3 100 20028 2.095392602
57 243 3 100 4428933 2.095430413
40 126 3 100 9794416 2.095433682
74 243 3 100 8363 2.095449519
63 88 3 100 6120479 2.095489414
93 232 3 100 3616742 2.095502889
101 157 3 100 22996975 2.095803780
19 81 3 100 1710935 2.095984377
126 231 3 100 1781068 2.095993718
107 220 3 100 6299 2.096047889
51 82 3 100 4916213 2.096094293
127 23 3 100 644984 2.096248429
28 224 3 100 20942 2.096248536
74 181 3 100 27348 2.096257620
66 33 3 100 1070112 2.096261929
42 153 3 100 26576 2.096354638
32 73 3 100 172180 2.096474005
4 111 3 100 54221 2.096617133
44 115 3 100 58456 2.096683662
41 203 3 100 29107 2.096694473
118 149 3 100 1214657 2.096725602
46 71 3 100 38027 2.096816795
46 19 3 100 5979 2.096835824
81 239 3 100 65435 2.096872695
81 30 3 100 43723 2.096897546
76 177 3 100 77526 2.097054020
22 86 3 100 194398 2.097068661
118 218 3 100 83640 2.097110118
58 94 3 100 1916115 2.097156893
28 18 3 100 54248 2.097171963
8 255 3 100 37195 2.097205268
54 42 3 100 458046 2.097222940
34 121 3 100 24551 2.097263589
24 22 3 100 5357028 2.097301927
90 174 3 100 51698 2.097515487
123 33 3 100 1109834 2.097657866
23 176 3 100 770385 2.097980221
127 200 3 100 11479 2.097999292
90 138 3 100 32684 2.098402505
15 149 3 100 7404 2.098718090
58 152 3 100 1962579 2.098845740
58 248 3 100 14065 2.098953210
66 36 3 100 19045489 2.099424937
126 233 3 100 70815 2.099425633
83 219 3 100 63014 2.099580511
