2719 
15 119 3 100 21461970 2.000060344
14 141 3 100 30591 2.000088118
33 233 3 100 51567 2.000096853
115 130 3 100 8533550 2.000175038
5 233 3 100 18766700 2.000217082
3 157 3 100 40846 2.000236984
100 179 3 100 21235 2.000261752
112 199 3 100 6672 2.000272407
19 218 3 100 20670430 2.000305485
3 232 3 100 6438450 2.000354814
21 94 3 100 34741 2.000407092
33 241 3 100 230 2.000416642
70 185 3 100 64199 2.000484717
112 187 3 100 48737 2.000567094
120 201 3 100 3750 2.000593330
53 204 3 100 19757 2.000620589
79 231 3 100 6436 2.000662674
78 213 3 100 3840384 2.000667144
61 139 3 100 1544864 2.000683392
36 185 3 100 28122 2.000733342
14 83 3 100 8217 2.000811113
56 137 3 100 5547 2.000832262
79 226 3 100 60021 2.000834237
10 206 3 100 2550 2.000836156
94 248 3 100 32163 2.000887075
98 207 3 100 233803 2.000913993
16 214 3 100 6272225 2.000922988
113 128 3 100 25014 2.000938106
108 148 3 100 25453 2.000943852
117 212 3 100 656074 2.000944971
99 31 3 100 3087815 2.000990553
52 238 3 100 1436164 2.001056701
82 155 3 100 1675665 2.001071381
72 251 3 100 1953261 2.001079899
108 224 3 100 2495817 2.001108388
33 196 3 100 91576 2.001116574
112 150 3 100 131394 2.001137650
12 162 3 100 3579206 2.001144255
102 220 3 100 605088 2.001183538
67 129 3 100 17840688 2.001194033
92 88 3 100 1223425 2.001242341
119 252 3 100 25389 2.001252123
106 173 3 100 12017 2.001295403
97 179 3 100 15196 2.001310584
71 254 3 100 3108182 2.001358588
56 212 3 100 6246104 2.001367239
99 252 3 100 1932041 2.001389864
74 169 3 100 41443 2.001396983
66 148 3 100 8266 2.001412779
8 211 3 100 21244 2.001485574
48 85 3 100 186059 2.001528055
10 245 3 100 1741517 2.001577812
10 231 3 100 6318768 2.001607223
25 198 3 100 76428 2.001661578
84 255 3 100 72140 2.001704833
102 167 3 100 62934 2.001712749
70 232 3 100 63589 2.001747158
96 176 3 100 5190 2.001779525
21 154 3 100 3744268 2.001797073
8 208 3 100 3130697 2.001797806
62 20 3 100 3054388 2.001976986
10 131 3 100 9635792 2.001995617
62 156 3 100 846581 2.002009454
12 194 3 100 29180 2.002051760
40 212 3 100 4975036 2.002088917
106 136 3 100 14389 2.002095951
70 152 3 100 24606 2.002147732
31 210 3 100 62418 2.002178715
106 203 3 100 73039 2.002184031
47 175 3 100 3132544 2.002190397
116 123 3 100 9951279 2.002279282
52 156 3 100 5615915 2.002279434
53 230 3 100 9736793 2.002334519
69 150 3 100 7223859 2.002353212
87 226 3 100 480684 2.002390129
114 160 3 100 9478 2.002452679
118 212 3 100 507327 2.002513370
81 203 3 100 9067812 2.002595533
4 193 3 100 73057 2.002630349
111 144 3 100 25507 2.002670582
23 47 3 100 23687 2.002740852
121 241 3 100 9872744 2.002752158
33 131 3 100 54962 2.002828403
117 195 3 100 328 2.002921445
7 128 3 100 3210826 2.003005776
54 131 3 100 14846891 2.003038932
95 171 3 100 24776 2.003072698
121 194 3 100 6275 2.003109263
59 236 3 100 201129 2.003139799
11 255 3 100 23643 2.003155992
103 24 3 100 8545 2.003190444
93 204 3 100 4417 2.003194672
24 187 3 100 57502 2.003260673
65 170 3 100 79654 2.003265209
104 192 3 100 2191149 2.003271892
42 155 3 100 1673004 2.003282934
90 182 3 100 406 2.003325185
82 227 3 100 5071 2.003405874
66 161 3 100 52461 2.003416082
104 187 3 100 11560983 2.003470797
55 24 3 100 62258 2.003492058
94 150 3 100 69937 2.003496468
65 144 3 100 2821571 2.003502045
32 135 3 100 1449120 2.003516119
99 225 3 100 6330 2.003560883
104 183 3 100 43689 2.003575363
61 142 3 100 4322132 2.003575838
75 229 3 100 4075588 2.003614568
61 210 3 100 1303956 2.003626871
40 128 3 100 6317783 2.003685024
113 116 3 100 71383 2.003697047
67 165 3 100 1073616 2.003699387
3 143 3 100 712784 2.003747851
11 232 3 100 1338013 2.003801051
60 229 3 100 162706 2.003823673
90 232 3 100 34586 2.003868043
47 235 3 100 3057374 2.003875712
45 178 3 100 1820460 2.003929027
36 190 3 100 7668 2.003969443
116 134 3 100 23856 2.003991256
27 87 3 100 111164 2.004002348
51 242 3 100 27599 2.004012362
4 232 3 100 1057874 2.004076118
25 205 3 100 3478776 2.004082442
110 167 3 100 1314498 2.004121878
79 144 3 100 9621806 2.004146394
69 213 3 100 42684 2.004150778
117 147 3 100 74288 2.004293647
32 190 3 100 4812987 2.004359341
34 156 3 100 3059703 2.004369161
27 113 3 100 46861 2.004464861
105 177 3 100 731533 2.004497550
86 201 3 100 43019 2.004512914
13 158 3 100 77551 2.004580521
58 142 3 100 1847890 2.004607376
48 141 3 100 65779 2.004621389
53 139 3 100 4666738 2.004633679
1 194 3 100 899286 2.004639606
16 223 3 100 1800006 2.004639847
2 237 3 100 51859 2.004656405
27 49 3 100 11361 2.004679555
121 164 3 100 3915937 2.004681270
14 193 3 100 26315 2.004683846
46 136 3 100 3785416 2.004695024
17 151 3 100 1984015 2.004699817
85 251 3 100 333899 2.004797617
22 228 3 100 8547108 2.004809662
76 253 3 100 43243 2.004889831
112 240 3 100 4082362 2.004923379
127 163 3 100 235 2.004937207
117 10 3 100 51137 2.004946435
70 246 3 100 16953 2.004963490
48 204 3 100 16708 2.004997766
14 203 3 100 192210 2.005006965
4 240 3 100 1973981 2.005018412
34 252 3 100 1585166 2.005039931
17 200 3 100 14547 2.005106793
58 227 3 100 27492 2.005140791
91 177 3 100 1491260 2.005210476
34 160 3 100 2721961 2.005231718
114 112 3 100 6797027 2.005292733
58 206 3 100 20769 2.005343832
71 233 3 100 1566965 2.005346096
27 170 3 100 1830613 2.005446774
37 158 3 100 8718 2.005457812
53 202 3 100 1681933 2.005462405
94 200 3 100 2337927 2.005472489
97 167 3 100 56296 2.005557776
13 229 3 100 27472 2.005580738
45 155 3 100 2459732 2.005615755
117 29 3 100 38175 2.005628857
122 207 3 100 4050123 2.005703818
6 208 3 100 68433 2.005817634
15 223 3 100 27745 2.005829163
115 213 3 100 881970 2.005890749
118 228 3 100 690456 2.005992538
96 252 3 100 176383 2.005999174
20 128 3 100 30333 2.006001210
110 231 3 100 544843 2.006066106
30 227 3 100 147276 2.006077272
70 76 3 100 59933 2.006078810
98 204 3 100 66922 2.006081373
20 195 3 100 2046856 2.006081970
21 182 3 100 528746 2.006150576
100 153 3 100 8306 2.006192085
71 202 3 100 5761771 2.006223770
18 242 3 100 219821 2.006239762
70 242 3 100 126868 2.006250499
9 248 3 100 479104 2.006269339
72 192 3 100 125087 2.006286971
3 74 3 100 9223 2.006326233
117 157 3 100 19170 2.006363988
110 222 3 100 26771568 2.006478466
75 185 3 100 5363251 2.006515387
15 236 3 100 1103092 2.006551445
57 254 3 100 26956 2.006552515
2 159 3 100 62505 2.006589976
5 212 3 100 27553 2.006617618
65 139 3 100 18385 2.006701653
0 227 3 100 1078527 2.006765442
71 84 3 100 63772 2.006776613
17 169 3 100 1888477 2.006790203
31 213 3 100 9112132 2.006796064
18 237 3 100 26509 2.006797316
67 169 3 100 9667676 2.006838118
92 220 3 100 182060 2.006840870
102 178 3 100 410676 2.006854092
27 162 3 100 26323271 2.007004145
19 176 3 100 5399160 2.007005517
59 181 3 100 146929 2.007042152
49 115 3 100 1557 2.007069834
24 144 3 100 17557 2.007082738
17 243 3 100 14780 2.007155938
108 180 3 100 109719 2.007268165
66 169 3 100 149731 2.007270501
2 226 3 100 79378 2.007290493
6 206 3 100 43540 2.007314546
76 154 3 100 752824 2.007317394
77 187 3 100 21774305 2.007588663
2 151 3 100 73062 2.007751984
102 122 3 100 72698 2.007763732
123 207 3 100 3910694 2.007805515
123 174 3 100 1475283 2.007888619
78 237 3 100 1783569 2.007977532
67 180 3 100 1117612 2.007989048
76 178 3 100 5525 2.007996338
84 250 3 100 596773 2.008031754
77 158 3 100 38119 2.008043260
91 134 3 100 1923018 2.008099233
58 194 3 100 3770340 2.008131729
39 40 3 100 22203 2.008133709
95 217 3 100 9684413 2.008141169
61 193 3 100 3715837 2.008182206
17 193 3 100 40962 2.008200174
38 243 3 100 25622828 2.008203995
93 154 3 100 13337 2.008219771
50 235 3 100 134579 2.008226864
65 174 3 100 7107 2.008354892
111 185 3 100 68999 2.008361251
65 158 3 100 2188 2.008363749
44 41 3 100 3358668 2.008384369
25 215 3 100 4758470 2.008554764
22 212 3 100 52397 2.008643140
65 254 3 100 8821 2.008653473
41 176 3 100 22634 2.008655670
23 130 3 100 26316 2.008675157
82 239 3 100 15028 2.008678297
85 223 3 100 25849 2.008721975
31 186 3 100 8655 2.008737900
64 178 3 100 32178 2.008746670
41 79 3 100 6379910 2.008780089
125 209 3 100 4202274 2.008832150
42 141 3 100 544404 2.008854943
31 236 3 100 25804 2.008901149
22 147 3 100 6808 2.008911465
69 170 3 100 7608 2.008916042
43 202 3 100 37534 2.008919874
85 241 3 100 67605 2.008959089
102 160 3 100 1140862 2.009038051
66 230 3 100 1662324 2.009148014
123 6 3 100 24378 2.009175835
121 158 3 100 3498348 2.009190751
100 159 3 100 147613 2.009192361
98 198 3 100 2673 2.009219570
68 148 3 100 31555 2.009294477
126 223 3 100 11868 2.009403656
122 137 3 100 40559 2.009490229
13 224 3 100 68311 2.009492485
22 221 3 100 22714 2.009493135
80 233 3 100 34534 2.009525072
111 22 3 100 591334 2.009643173
89 240 3 100 29176 2.009659066
83 131 3 100 2385 2.009685625
27 248 3 100 28349 2.009690858
45 225 3 100 5126 2.009704149
46 203 3 100 21744 2.009716160
30 183 3 100 27072399 2.009728867
45 206 3 100 169604 2.009737178
107 203 3 100 30122 2.009794358
47 200 3 100 1828313 2.010019871
122 72 3 100 826162 2.010053540
123 172 3 100 19582 2.010069936
64 179 3 100 38240 2.010144256
60 131 3 100 26752 2.010165773
6 138 3 100 27982 2.010167341
106 150 3 100 31362 2.010215208
52 243 3 100 1253718 2.010216005
124 153 3 100 36524 2.010265990
2 186 3 100 48417 2.010268305
95 151 3 100 75058 2.010318634
109 32 3 100 11382156 2.010346309
4 165 3 100 2771457 2.010381051
43 237 3 100 282350 2.010388430
89 173 3 100 9902 2.010391645
12 228 3 100 9580322 2.010404457
27 171 3 100 234439 2.010439537
113 209 3 100 51126 2.010487535
79 198 3 100 29730 2.010498193
55 193 3 100 2691 2.010525268
73 132 3 100 1977360 2.010565172
81 87 3 100 77429 2.010587446
119 160 3 100 6886 2.010594709
54 218 3 100 308882 2.010664700
97 233 3 100 168993 2.010746045
82 148 3 100 577028 2.010777562
56 228 3 100 6026 2.010795450
112 142 3 100 413556 2.010828975
28 206 3 100 66067 2.010872128
24 166 3 100 2216936 2.010942347
13 161 3 100 21245 2.010953405
60 113 3 100 68700 2.011013980
56 201 3 100 76160 2.011024154
63 181 3 100 6837447 2.011028508
32 202 3 100 66084 2.011049914
123 147 3 100 37728 2.011113692
119 130 3 100 1478204 2.011115065
97 215 3 100 135876 2.011168387
71 225 3 100 91312 2.011215094
82 239 3 100 2662348 2.011226501
127 188 3 100 9269981 2.011237594
86 124 3 100 142 2.011245475
105 227 3 100 26154 2.011250393
43 135 3 100 232624 2.011299499
3 249 3 100 1296550 2.011468064
31 214 3 100 1248959 2.011519959
98 136 3 100 8619 2.011536348
99 148 3 100 5386 2.011543085
60 189 3 100 69572 2.011570282
125 215 3 100 3512 2.011577529
56 205 3 100 23920 2.011615811
80 91 3 100 25981 2.011690582
6 131 3 100 9656 2.011720482
49 211 3 100 606945 2.011757358
35 206 3 100 3274748 2.011775973
33 176 3 100 6219069 2.011804300
47 203 3 100 7172 2.011858366
10 238 3 100 26875 2.011888137
75 244 3 100 17843 2.011890043
48 194 3 100 18002 2.011945597
88 188 3 100 76537 2.011968051
78 121 3 100 168787 2.012055231
105 184 3 100 451703 2.012087904
0 160 3 100 33192 2.012099825
77 224 3 100 8345 2.012151147
96 169 3 100 982621 2.012183037
78 196 3 100 64101 2.012309527
48 134 3 100 2014330 2.012351410
89 167 3 100 6181445 2.012426945
20 226 3 100 1302558 2.012427817
0 163 3 100 1963899 2.012467202
3 124 3 100 25621 2.012490657
82 215 3 100 21750 2.012508739
26 156 3 100 3928 2.012575353
120 165 3 100 195817 2.012585599
47 163 3 100 68727 2.012598144
16 217 3 100 4808950 2.012646557
12 239 3 100 4173850 2.012653131
57 169 3 100 452668 2.012713759
121 160 3 100 8870336 2.012783416
14 178 3 100 3496792 2.012792833
111 3 3 100 6322778 2.012852452
92 210 3 100 61875 2.012874956
37 176 3 100 26683 2.012920732
56 228 3 100 189476 2.013032006
78 174 3 100 8623 2.013051439
83 212 3 100 24444 2.013087731
91 134 3 100 48583 2.013100236
71 133 3 100 4250139 2.013127370
26 181 3 100 22415 2.013168972
55 255 3 100 21436 2.013175850
107 27 3 100 445476 2.013176743
32 164 3 100 762493 2.013231667
61 243 3 100 68330 2.013266594
56 143 3 100 150093 2.013360058
101 164 3 100 1980090 2.013375443
122 248 3 100 38771 2.013420843
11 233 3 100 9090037 2.013441685
93 174 3 100 256451 2.013456188
125 215 3 100 55335 2.013496876
122 227 3 100 1128332 2.013504933
24 111 3 100 5607508 2.013522173
12 255 3 100 63569 2.013545700
29 146 3 100 37540 2.013567066
74 246 3 100 452239 2.013575718
72 191 3 100 3524699 2.013598363
25 177 3 100 12847 2.013626950
87 240 3 100 2781875 2.013676076
124 144 3 100 14365 2.013686996
18 197 3 100 28134 2.013714549
74 133 3 100 4124504 2.013748051
84 15 3 100 187745 2.013813318
88 173 3 100 8756 2.013869164
23 219 3 100 8894 2.013872174
30 203 3 100 4041797 2.013892557
49 224 3 100 14877 2.013927969
84 233 3 100 70570 2.013966118
118 237 3 100 65993 2.013966915
39 138 3 100 9543 2.013976400
47 209 3 100 1365 2.014027667
81 244 3 100 31717 2.014113256
14 56 3 100 197509 2.014144877
96 246 3 100 79290 2.014191617
93 211 3 100 137198 2.014197400
40 253 3 100 43255 2.014331963
109 233 3 100 58942 2.014373269
0 152 3 100 1220818 2.014396202
4 177 3 100 21349 2.014434246
95 213 3 100 631339 2.014447626
93 201 3 100 9861 2.014463179
63 130 3 100 4845624 2.014468098
114 19 3 100 2895 2.014510604
85 188 3 100 28706 2.014515362
27 186 3 100 1088533 2.014656878
45 224 3 100 67894 2.014679600
114 245 3 100 1652165 2.014747105
75 206 3 100 75211 2.014809509
94 156 3 100 1001742 2.014883188
19 138 3 100 45582 2.014884275
112 229 3 100 1424575 2.014892372
98 198 3 100 24939 2.014937063
127 77 3 100 144376 2.014971804
75 168 3 100 504544 2.015023592
19 153 3 100 41082 2.015025010
28 191 3 100 11664 2.015038755
101 207 3 100 317897 2.015072785
77 242 3 100 2606021 2.015082371
103 201 3 100 2023803 2.015162498
89 212 3 100 6021 2.015189609
86 216 3 100 1915211 2.015208800
70 221 3 100 52768 2.015219587
105 91 3 100 19020 2.015265769
78 138 3 100 9817 2.015344809
19 159 3 100 352171 2.015397850
35 143 3 100 1034116 2.015443742
122 250 3 100 226680 2.015500514
124 146 3 100 5560 2.015502791
24 194 3 100 9685846 2.015530346
72 204 3 100 26037 2.015550776
72 186 3 100 4999 2.015647286
3 240 3 100 225508 2.015724618
105 110 3 100 36230 2.015737342
2 132 3 100 55686 2.015741337
73 216 3 100 8349732 2.015774061
45 195 3 100 60561 2.015827071
16 155 3 100 10505 2.015827244
94 186 3 100 4731 2.015847555
93 249 3 100 21524174 2.015858711
89 242 3 100 3331 2.015862226
106 160 3 100 2437497 2.015862252
117 199 3 100 13894 2.015974196
55 19 3 100 2807 2.015975519
19 139 3 100 27202 2.016021207
56 168 3 100 44523 2.016025366
116 136 3 100 12057 2.016030256
36 216 3 100 47020 2.016039464
43 233 3 100 14514 2.016069246
77 175 3 100 76128 2.016078357
95 151 3 100 14102964 2.016079854
49 159 3 100 4018 2.016090362
108 233 3 100 3310 2.016110936
44 98 3 100 7564266 2.016115707
13 178 3 100 419828 2.016148871
83 249 3 100 4774 2.016162950
78 191 3 100 104602 2.016179798
46 201 3 100 333564 2.016234327
119 140 3 100 27202 2.016243774
84 202 3 100 3221641 2.016257987
112 244 3 100 3216511 2.016264458
101 248 3 100 3600608 2.016284658
54 166 3 100 20801 2.016299439
26 28 3 100 43799 2.016299599
107 215 3 100 47333 2.016305800
14 200 3 100 16482 2.016309080
92 253 3 100 40497 2.016311837
81 172 3 100 9593739 2.016339104
91 230 3 100 63168 2.016369365
32 156 3 100 86311 2.016441193
22 207 3 100 1725650 2.016449204
98 246 3 100 1078238 2.016458347
103 254 3 100 4751456 2.016483634
117 69 3 100 231212 2.016516515
42 251 3 100 7606797 2.016546246
28 254 3 100 21556 2.016606476
42 135 3 100 56324 2.016642734
88 132 3 100 25763 2.016656964
125 207 3 100 633336 2.016717604
27 162 3 100 49010 2.016723545
83 228 3 100 7518 2.016765713
35 137 3 100 734358 2.016827529
34 146 3 100 7194 2.016877765
21 58 3 100 76782 2.016933714
101 230 3 100 1697514 2.016974836
110 158 3 100 22562 2.016987979
44 172 3 100 6931 2.016995526
46 250 3 100 74367 2.017004179
94 154 3 100 4635 2.017037879
88 190 3 100 23050 2.017108963
71 205 3 100 41120 2.017123445
26 222 3 100 1187183 2.017256585
58 169 3 100 4509 2.017285513
89 22 3 100 18454 2.017300761
21 138 3 100 21407 2.017310621
20 214 3 100 16709885 2.017326252
118 140 3 100 1766474 2.017331274
26 170 3 100 66651 2.017345973
30 162 3 100 79750 2.017454504
98 237 3 100 2848313 2.017495374
85 182 3 100 4265 2.017499167
13 251 3 100 2936 2.017510527
75 202 3 100 61064 2.017564636
0 30 3 100 68624 2.017626009
44 169 3 100 11740 2.017634419
43 161 3 100 9230845 2.017638546
96 253 3 100 5179320 2.017678416
126 146 3 100 31738 2.017738385
33 229 3 100 180851 2.017780479
116 169 3 100 5736 2.017796679
13 166 3 100 47834 2.017815329
98 220 3 100 14126 2.017869188
112 163 3 100 5041 2.017952586
7 119 3 100 41561 2.017960054
54 224 3 100 1075909 2.018049393
22 211 3 100 11001 2.018085059
2 160 3 100 245962 2.018101143
59 176 3 100 49058 2.018126499
24 224 3 100 7382 2.018152945
13 254 3 100 35474 2.018226066
31 160 3 100 21053 2.018232075
99 172 3 100 4468240 2.018287539
123 129 3 100 27378 2.018345535
112 64 3 100 14612 2.018424075
98 200 3 100 2758177 2.018476876
6 253 3 100 1868346 2.018484000
110 162 3 100 33179 2.018652198
30 250 3 100 446155 2.018669406
48 212 3 100 34644 2.018670840
18 219 3 100 18189 2.018678155
119 157 3 100 887573 2.018686112
91 228 3 100 67287 2.018688677
39 245 3 100 1652027 2.018729962
1 28 3 100 882583 2.018731535
67 199 3 100 19874 2.018769710
88 239 3 100 1139 2.018921498
105 139 3 100 71129 2.018968190
120 236 3 100 19213 2.018983186
77 213 3 100 21080873 2.019048643
66 187 3 100 756568 2.019053573
115 248 3 100 6219 2.019069835
79 178 3 100 3687893 2.019099878
108 173 3 100 38572 2.019106801
3 34 3 100 2575860 2.019123606
79 131 3 100 6665 2.019131667
125 139 3 100 29253 2.019140398
91 160 3 100 4683 2.019221375
44 147 3 100 6857 2.019237133
65 164 3 100 816 2.019274530
85 243 3 100 30565 2.019300802
30 235 3 100 3387 2.019339299
40 224 3 100 968 2.019340565
83 137 3 100 95831 2.019348740
74 50 3 100 7602 2.019394293
114 145 3 100 4252168 2.019400639
44 225 3 100 18353128 2.019432110
89 170 3 100 9877 2.019504128
95 146 3 100 76572 2.019521902
91 214 3 100 2583351 2.019531341
19 154 3 100 27609218 2.019573425
85 201 3 100 8809 2.019573987
112 136 3 100 1325920 2.019574822
56 186 3 100 2089863 2.019588728
78 117 3 100 4023335 2.019629763
40 152 3 100 1571212 2.019662652
59 233 3 100 27506 2.019677176
43 184 3 100 6433376 2.019714844
66 146 3 100 28779177 2.019720639
122 212 3 100 3520 2.019729926
46 230 3 100 58855 2.019786878
39 185 3 100 55738 2.019828632
64 171 3 100 6148236 2.019846106
76 206 3 100 673684 2.019872499
18 29 3 100 61124 2.019944054
105 194 3 100 2036572 2.019989780
94 157 3 100 42543 2.020000195
41 213 3 100 5034232 2.020056151
96 234 3 100 8407466 2.020066348
53 252 3 100 59142 2.020092179
69 221 3 100 62847 2.020135642
10 162 3 100 152749 2.020146074
98 157 3 100 880003 2.020213403
69 161 3 100 60141 2.020222671
105 97 3 100 9086585 2.020243359
73 155 3 100 752527 2.020316059
44 146 3 100 3927831 2.020402151
17 228 3 100 848727 2.020450713
18 158 3 100 4789901 2.020505679
11 197 3 100 811092 2.020602384
126 243 3 100 15654 2.020602532
5 244 3 100 34645 2.020629999
35 211 3 100 7054754 2.020660375
64 128 3 100 9809 2.020688483
63 54 3 100 942098 2.020721701
84 241 3 100 4105 2.020846398
77 214 3 100 58886 2.020902526
26 217 3 100 14548 2.020971460
90 161 3 100 7281122 2.020989295
43 129 3 100 639549 2.021028825
74 240 3 100 9501 2.021075757
0 226 3 100 7476671 2.021110366
0 251 3 100 152074 2.021114579
2 163 3 100 14672 2.021121837
38 27 3 100 6187 2.021154057
72 198 3 100 31914 2.021250221
11 189 3 100 2397891 2.021307688
107 179 3 100 9902087 2.021318955
50 173 3 100 68525 2.021341576
117 165 3 100 84326 2.021360816
17 220 3 100 75435 2.021378467
83 233 3 100 29972 2.021389620
24 227 3 100 23131605 2.021455783
31 249 3 100 1757511 2.021493790
121 125 3 100 242515 2.021497236
65 139 3 100 6967859 2.021619007
35 221 3 100 27132 2.021633147
69 206 3 100 1035375 2.021645394
95 223 3 100 21790 2.021673963
65 163 3 100 5434 2.021719926
59 168 3 100 2586 2.021726788
69 161 3 100 23 2.021736871
27 251 3 100 4903 2.021760602
44 146 3 100 13850 2.021834033
97 42 3 100 8848 2.021838055
80 193 3 100 7840 2.021879052
14 161 3 100 54202 2.021998246
53 249 3 100 163035 2.022049352
127 241 3 100 68039 2.022087843
76 177 3 100 2100585 2.022092224
54 157 3 100 98032 2.022128632
112 194 3 100 4030149 2.022224057
121 187 3 100 684198 2.022382271
63 240 3 100 464823 2.022446493
99 39 3 100 103 2.022529786
110 237 3 100 876300 2.022568606
37 176 3 100 5584 2.022570050
42 198 3 100 1730713 2.022583116
1 189 3 100 15046 2.022639454
43 199 3 100 67000 2.022653340
92 208 3 100 3780751 2.022684886
97 225 3 100 3233949 2.022714050
71 168 3 100 59854 2.022731246
69 182 3 100 45437 2.022760935
88 47 3 100 3097 2.022767515
111 217 3 100 1090572 2.022810972
98 189 3 100 7858140 2.022833514
19 240 3 100 57589 2.022840653
64 183 3 100 5442052 2.022903032
86 207 3 100 480067 2.022911906
119 230 3 100 6568 2.022966854
102 212 3 100 56822 2.022985057
7 227 3 100 6277 2.023036666
107 195 3 100 963154 2.023069356
78 101 3 100 29497 2.023229840
41 186 3 100 6787537 2.023248169
98 219 3 100 961 2.023456893
115 163 3 100 22515 2.023487117
36 219 3 100 980943 2.023520812
45 165 3 100 584198 2.023559632
25 205 3 100 178 2.023578448
121 157 3 100 12056016 2.023615472
72 218 3 100 3109 2.023636456
85 190 3 100 26475 2.023663707
103 87 3 100 263085 2.023714758
109 228 3 100 58088 2.023748131
114 129 3 100 1041583 2.023756042
76 240 3 100 5402 2.023792978
18 185 3 100 1387390 2.023837632
77 243 3 100 1395033 2.024035520
3 224 3 100 9407 2.024048861
115 219 3 100 43705 2.024068100
113 236 3 100 4341434 2.024091386
4 163 3 100 4529864 2.024129141
83 75 3 100 40037 2.024129251
37 173 3 100 37190 2.024164869
33 246 3 100 23921 2.024191355
113 137 3 100 7160107 2.024230198
123 179 3 100 40935 2.024238882
96 207 3 100 433414 2.024252279
102 215 3 100 110204 2.024262303
19 179 3 100 7360 2.024280290
7 212 3 100 2205 2.024282539
3 223 3 100 6623 2.024290125
18 47 3 100 4316308 2.024323511
33 235 3 100 519468 2.024336689
94 226 3 100 183201 2.024360642
97 142 3 100 79295 2.024408861
126 189 3 100 36936 2.024450637
8 243 3 100 58727 2.024455611
60 171 3 100 78399 2.024487758
18 162 3 100 2167 2.024495414
83 204 3 100 75674 2.024505412
42 165 3 100 6512 2.024516007
11 108 3 100 17553574 2.024650247
7 254 3 100 2212 2.024660950
66 175 3 100 4984 2.024679430
56 186 3 100 162250 2.024693100
18 174 3 100 40277 2.024699386
109 156 3 100 913521 2.024721987
8 147 3 100 9153 2.024725851
46 169 3 100 38670 2.024759885
11 248 3 100 641755 2.024774513
31 192 3 100 5293 2.024809384
1 106 3 100 8769784 2.024893556
62 187 3 100 10371 2.024920170
104 172 3 100 461080 2.024952622
15 199 3 100 16285 2.024975268
33 145 3 100 6515 2.025014715
70 212 3 100 390 2.025026533
44 223 3 100 358152 2.025040448
81 169 3 100 36950 2.025054702
104 238 3 100 6845215 2.025091551
77 223 3 100 1023325 2.025097846
39 88 3 100 8835 2.025147242
117 131 3 100 156039 2.025164243
27 148 3 100 9596 2.025165318
60 149 3 100 1167799 2.025192658
68 240 3 100 4200323 2.025360255
23 215 3 100 16386701 2.025372612
24 219 3 100 30227 2.025372763
65 128 3 100 387076 2.025408160
72 236 3 100 26676 2.025464684
108 221 3 100 32150 2.025480658
22 103 3 100 15620 2.025486395
76 209 3 100 2144508 2.025502167
43 160 3 100 155328 2.025521165
109 167 3 100 23387 2.025530902
127 130 3 100 57601 2.025549031
84 134 3 100 6789 2.025639422
89 231 3 100 9430 2.025675887
49 172 3 100 22650 2.025680568
53 223 3 100 7682008 2.025687780
2 203 3 100 9665110 2.025752635
49 124 3 100 4500128 2.025824556
43 247 3 100 9105 2.025894997
58 200 3 100 457 2.025904054
110 138 3 100 3548 2.026007678
30 143 3 100 722773 2.026069096
99 175 3 100 32493 2.026113603
109 248 3 100 119556 2.026190476
119 202 3 100 21199 2.026241145
81 202 3 100 3225751 2.026285121
103 220 3 100 35143 2.026306980
49 7 3 100 1649650 2.026306998
21 142 3 100 46976 2.026382921
9 231 3 100 1972887 2.026455740
77 149 3 100 43581 2.026586023
61 246 3 100 8591906 2.026589982
84 166 3 100 447103 2.026612345
82 236 3 100 9624573 2.026619653
107 176 3 100 73801 2.026699059
23 221 3 100 3894785 2.026700645
99 181 3 100 6685531 2.026906383
106 112 3 100 890020 2.026913572
77 254 3 100 14941833 2.026917986
48 223 3 100 862445 2.026958402
83 181 3 100 169678 2.026981158
7 166 3 100 1716594 2.026997940
68 162 3 100 164428 2.027081184
63 167 3 100 65720 2.027146273
15 154 3 100 907211 2.027208442
78 196 3 100 7235 2.027211645
85 129 3 100 1713912 2.027249663
28 50 3 100 23059 2.027336803
106 204 3 100 59306 2.027480662
93 139 3 100 23034 2.027487953
40 176 3 100 28978015 2.027510895
107 249 3 100 25311 2.027527234
114 242 3 100 8023355 2.027528334
42 255 3 100 1794999 2.027537632
2 226 3 100 35031 2.027580064
66 133 3 100 67875 2.027621201
3 141 3 100 25986963 2.027664587
57 75 3 100 2896 2.027721208
98 219 3 100 39092 2.027735885
83 183 3 100 126460 2.027792670
101 161 3 100 1082886 2.027797598
68 253 3 100 45105 2.027802492
26 237 3 100 2324 2.027853934
24 199 3 100 75805 2.027867007
51 149 3 100 2482269 2.027895323
78 216 3 100 6434417 2.027914471
68 161 3 100 1129452 2.027924916
125 84 3 100 1809976 2.027958799
105 182 3 100 3591 2.027986596
23 245 3 100 93197 2.028003272
67 157 3 100 13039 2.028012677
25 172 3 100 1048816 2.028041659
82 195 3 100 7654 2.028062567
5 168 3 100 12628 2.028086475
28 130 3 100 20153 2.028088362
1 240 3 100 17866 2.028098689
64 247 3 100 47763 2.028243673
71 88 3 100 3653745 2.028303707
56 200 3 100 23403 2.028339562
93 141 3 100 75730 2.028364599
61 247 3 100 45567 2.028433065
63 131 3 100 56083 2.028447770
68 161 3 100 1362704 2.028465893
79 240 3 100 8039203 2.028553624
80 163 3 100 10314 2.028617112
101 169 3 100 2310 2.028620744
64 221 3 100 1269937 2.028738604
28 88 3 100 916187 2.028754422
16 217 3 100 2121589 2.028760948
78 195 3 100 27185 2.028761121
105 199 3 100 672361 2.028808814
46 181 3 100 1758473 2.028853835
116 209 3 100 1629898 2.028879636
91 245 3 100 53646 2.028924368
126 179 3 100 15510 2.028940831
106 185 3 100 1994461 2.028981380
123 161 3 100 1358741 2.029017182
92 111 3 100 7396630 2.029054870
102 196 3 100 2892042 2.029079126
0 241 3 100 73537 2.029090780
73 172 3 100 26529 2.029148640
24 210 3 100 1091160 2.029163804
52 161 3 100 567827 2.029179883
40 204 3 100 835882 2.029199636
122 178 3 100 5639661 2.029251665
10 148 3 100 311239 2.029262761
55 226 3 100 25550 2.029272944
124 122 3 100 7054 2.029310152
28 129 3 100 12078 2.029482241
3 216 3 100 30237 2.029506195
68 140 3 100 9699533 2.029530126
4 137 3 100 3741620 2.029562538
117 167 3 100 13442 2.029563624
60 170 3 100 155766 2.029563973
114 183 3 100 338530 2.029670558
48 254 3 100 7483 2.029717108
55 226 3 100 521385 2.029792562
21 13 3 100 7192 2.029925064
1 136 3 100 24389 2.029974888
108 232 3 100 4551399 2.030003345
36 150 3 100 4991054 2.030012959
73 177 3 100 20930 2.030022458
46 225 3 100 26081 2.030037842
64 210 3 100 3113990 2.030046052
52 182 3 100 9783771 2.030130169
111 200 3 100 7295 2.030157457
6 156 3 100 1543 2.030168790
113 53 3 100 112485 2.030237022
17 155 3 100 3085273 2.030284326
9 243 3 100 7661 2.030298307
24 182 3 100 103492 2.030363714
20 162 3 100 4536 2.030395432
18 235 3 100 56645 2.030419572
12 129 3 100 29720 2.030457457
119 152 3 100 6408 2.030460467
2 155 3 100 2880 2.030469210
57 224 3 100 6370017 2.030611293
31 22 3 100 42669 2.030720168
85 253 3 100 38754 2.030748933
104 233 3 100 1913422 2.030770097
89 208 3 100 155332 2.030783400
44 254 3 100 8260312 2.030793834
60 135 3 100 22046 2.030870041
48 243 3 100 5680697 2.030928798
11 169 3 100 2136678 2.030959694
79 251 3 100 702999 2.031027290
97 212 3 100 74181 2.031054551
10 44 3 100 255632 2.031080827
123 157 3 100 2193563 2.031114192
35 161 3 100 486829 2.031122714
114 209 3 100 193890 2.031125240
11 215 3 100 203985 2.031148183
41 230 3 100 1013792 2.031171962
78 154 3 100 42986 2.031181069
113 134 3 100 64431 2.031190781
20 181 3 100 78695 2.031208641
85 159 3 100 1176029 2.031218663
27 108 3 100 6918 2.031233346
80 197 3 100 148056 2.031237006
41 246 3 100 25876 2.031286066
14 227 3 100 57942 2.031300593
98 233 3 100 371500 2.031318970
9 165 3 100 7308601 2.031343360
73 172 3 100 97444 2.031350301
53 180 3 100 1914557 2.031373248
81 160 3 100 8772 2.031415042
111 247 3 100 1476728 2.031563346
18 112 3 100 327749 2.031578127
107 203 3 100 9895715 2.031595985
70 139 3 100 27812 2.031651739
45 213 3 100 73138 2.031678235
55 248 3 100 6680918 2.031770786
9 255 3 100 3575688 2.031802484
119 214 3 100 149231 2.031824464
17 230 3 100 68909 2.031845941
73 162 3 100 65612 2.031925359
72 168 3 100 30390 2.031940916
122 32 3 100 78499 2.031942669
48 166 3 100 7742839 2.031997236
47 134 3 100 69754 2.032077870
72 142 3 100 132923 2.032087735
84 244 3 100 9782 2.032133658
13 249 3 100 67939 2.032145554
121 238 3 100 134385 2.032197891
16 131 3 100 2354641 2.032232356
71 166 3 100 63927 2.032236987
45 201 3 100 4687158 2.032263954
57 24 3 100 345909 2.032391716
61 247 3 100 1961155 2.032420577
55 174 3 100 728619 2.032464131
57 253 3 100 25566 2.032486773
62 230 3 100 64367 2.032538694
65 154 3 100 4185 2.032634278
23 161 3 100 25574 2.032638615
40 149 3 100 34876 2.032645214
4 255 3 100 1066656 2.032725480
89 206 3 100 1430396 2.032837562
106 98 3 100 8626926 2.032883561
9 180 3 100 999688 2.032901918
56 155 3 100 1251133 2.032946671
98 173 3 100 626108 2.032996950
101 196 3 100 78430 2.033047979
85 144 3 100 1995555 2.033113444
105 183 3 100 26076 2.033312732
55 131 3 100 79473 2.033325166
65 198 3 100 1888693 2.033332727
64 145 3 100 921173 2.033341590
80 124 3 100 136540 2.033341673
113 146 3 100 54905 2.033402752
69 208 3 100 21923 2.033430372
43 241 3 100 38687 2.033466609
102 174 3 100 13011 2.033518393
27 244 3 100 2116871 2.033562044
64 181 3 100 611999 2.033621276
95 243 3 100 942647 2.033644204
3 202 3 100 77097 2.033743074
75 140 3 100 34 2.033810385
2 105 3 100 1860102 2.033859585
98 245 3 100 4821 2.033887955
73 166 3 100 2899390 2.033968287
109 249 3 100 29456 2.033970890
11 176 3 100 27485 2.034105069
48 198 3 100 2477583 2.034126441
0 201 3 100 1351324 2.034143858
12 156 3 100 1962229 2.034167600
76 235 3 100 414292 2.034225897
35 135 3 100 357 2.034249195
15 53 3 100 197070 2.034251562
113 241 3 100 72662 2.034266788
27 139 3 100 40191 2.034288484
24 186 3 100 2861564 2.034291570
63 129 3 100 185025 2.034349272
26 131 3 100 1815205 2.034351347
87 185 3 100 1436618 2.034357742
3 158 3 100 1861879 2.034394705
30 182 3 100 4585282 2.034507186
47 157 3 100 622473 2.034544149
112 65 3 100 28184 2.034558974
89 130 3 100 507 2.034627473
85 132 3 100 3612809 2.034630544
33 225 3 100 223025 2.034639553
109 171 3 100 3339635 2.034649869
37 236 3 100 46816 2.034659173
119 131 3 100 3517763 2.034684856
119 143 3 100 1011290 2.034726979
75 247 3 100 25205 2.034743418
124 246 3 100 179300 2.034755568
108 100 3 100 13525 2.034767803
121 183 3 100 2857 2.034844271
1 180 3 100 33852 2.034893399
108 135 3 100 76947 2.034934637
6 224 3 100 67754 2.034984170
86 204 3 100 3593474 2.035003052
26 228 3 100 26285431 2.035079877
46 130 3 100 1101972 2.035126044
110 139 3 100 18950 2.035200063
53 222 3 100 4509161 2.035247283
1 51 3 100 4011795 2.035296692
117 150 3 100 9841 2.035318180
32 154 3 100 30662 2.035413547
20 210 3 100 4611412 2.035458123
93 201 3 100 1909473 2.035479745
87 250 3 100 5860 2.035552835
22 217 3 100 50962 2.035624760
33 221 3 100 135361 2.035654773
39 177 3 100 2879643 2.035748196
5 142 3 100 1197 2.035900349
77 67 3 100 529338 2.035902678
21 159 3 100 5152 2.035904691
83 138 3 100 17183 2.035919803
25 152 3 100 1850 2.035936150
12 158 3 100 1972036 2.035936349
61 252 3 100 1381985 2.035970324
96 182 3 100 56335 2.035979040
38 128 3 100 23581 2.036010591
70 167 3 100 4851871 2.036065358
122 246 3 100 20715 2.036095342
121 8 3 100 34091 2.036206241
97 177 3 100 91191 2.036243169
51 227 3 100 1303621 2.036247787
12 230 3 100 21782 2.036269964
56 233 3 100 1921744 2.036276653
31 227 3 100 61426 2.036327055
2 198 3 100 47595 2.036410820
105 133 3 100 9668 2.036434141
92 191 3 100 58824 2.036437765
44 170 3 100 30880 2.036457693
4 30 3 100 73885 2.036499677
1 158 3 100 41580 2.036500939
89 166 3 100 55136 2.036578063
80 206 3 100 49692 2.036580307
123 209 3 100 22220 2.036606586
117 165 3 100 49000 2.036607644
29 200 3 100 3256105 2.036610320
74 138 3 100 168009 2.036628579
56 237 3 100 1665 2.036631957
79 240 3 100 54125 2.036677630
3 50 3 100 36854 2.036682983
99 245 3 100 5298119 2.036756887
108 224 3 100 6687 2.036766689
84 210 3 100 5993 2.036780039
114 152 3 100 16223 2.036841306
103 182 3 100 192664 2.036938217
52 248 3 100 20939 2.036961973
29 147 3 100 28232 2.036998131
34 199 3 100 1660298 2.037016364
12 229 3 100 12660 2.037056881
35 43 3 100 2441724 2.037068027
66 235 3 100 1877119 2.037070351
16 150 3 100 10980 2.037102731
87 142 3 100 14903 2.037297092
80 169 3 100 69336 2.037323198
23 158 3 100 1030871 2.037386302
35 204 3 100 29302 2.037523971
93 140 3 100 59883 2.037524723
82 156 3 100 5128 2.037539006
102 253 3 100 100858 2.037544886
124 70 3 100 3779713 2.037546753
39 172 3 100 1794850 2.037562105
112 232 3 100 4589376 2.037594809
17 215 3 100 5790322 2.037670543
97 180 3 100 7250598 2.037678990
102 168 3 100 28965 2.037773815
53 233 3 100 3 2.037803321
94 236 3 100 7098209 2.037946323
36 201 3 100 35780 2.037997560
86 150 3 100 3314 2.038011086
28 107 3 100 2953208 2.038094202
122 229 3 100 23562 2.038170588
10 186 3 100 7038694 2.038248233
80 189 3 100 1586955 2.038278938
71 171 3 100 57904 2.038350621
69 130 3 100 4045 2.038380169
7 156 3 100 25726902 2.038380362
96 228 3 100 195817 2.038404064
72 193 3 100 4939807 2.038448047
52 142 3 100 191151 2.038472216
3 27 3 100 8751 2.038517046
98 159 3 100 42058 2.038524065
69 212 3 100 76376 2.038536006
25 243 3 100 6039553 2.038608051
120 192 3 100 54646 2.038630144
3 169 3 100 86966 2.038758956
123 140 3 100 17197 2.038837767
23 238 3 100 20560867 2.038887389
106 191 3 100 58465 2.038927184
46 253 3 100 212249 2.038963287
79 124 3 100 941036 2.038965926
24 162 3 100 72023 2.039011417
65 231 3 100 56397 2.039023384
84 174 3 100 128787 2.039038245
36 226 3 100 1379879 2.039073053
11 208 3 100 33143 2.039098519
119 245 3 100 14145 2.039219866
45 159 3 100 659 2.039294866
115 177 3 100 37232 2.039297576
44 249 3 100 9076 2.039305060
51 112 3 100 7335662 2.039384024
104 221 3 100 1577327 2.039408407
20 181 3 100 70422 2.039425323
6 209 3 100 1046505 2.039426649
109 200 3 100 75034 2.039437753
22 249 3 100 10155 2.039466525
5 238 3 100 5251321 2.039480427
106 202 3 100 53332 2.039524173
102 225 3 100 23347 2.039551057
88 241 3 100 9913 2.039565653
84 2 3 100 1605157 2.039583834
83 221 3 100 13035 2.039590850
7 255 3 100 12906 2.039595863
101 162 3 100 150298 2.039601244
35 178 3 100 71399 2.039623726
72 203 3 100 7426348 2.039662868
51 193 3 100 1324805 2.039738107
120 139 3 100 2880 2.039768919
52 152 3 100 7170 2.039809457
40 209 3 100 2133397 2.039827011
118 4 3 100 2688121 2.039844830
118 196 3 100 76819 2.039953252
56 142 3 100 79488 2.039973236
73 163 3 100 866221 2.040006881
7 177 3 100 4979 2.040013276
45 242 3 100 25207 2.040021641
93 186 3 100 25402 2.040046126
1 218 3 100 1935220 2.040121581
103 222 3 100 18926 2.040156416
97 196 3 100 56051 2.040163502
122 39 3 100 1065982 2.040277656
20 142 3 100 42718 2.040280865
61 227 3 100 66278 2.040334736
116 222 3 100 36143 2.040350552
64 141 3 100 7764 2.040362458
29 188 3 100 3318316 2.040372329
35 244 3 100 427186 2.040386964
104 177 3 100 2629925 2.040422604
30 133 3 100 30240 2.040433142
36 182 3 100 3208984 2.040448813
0 71 3 100 74130 2.040457025
115 195 3 100 23175 2.040470757
32 216 3 100 22760 2.040582550
86 187 3 100 76189 2.040616957
23 229 3 100 26843 2.040634173
80 156 3 100 9674636 2.040649523
118 227 3 100 11253 2.040664906
38 140 3 100 3599749 2.040698510
121 252 3 100 6749 2.040701088
120 143 3 100 4246567 2.040739137
24 22 3 100 342620 2.040740326
55 160 3 100 4053899 2.040742401
48 206 3 100 37166 2.040760524
75 241 3 100 5725 2.040786183
90 210 3 100 944411 2.040791886
16 177 3 100 61195 2.040805934
90 190 3 100 25069162 2.040812035
8 214 3 100 6600 2.040854315
14 247 3 100 1290 2.040892426
109 176 3 100 69106 2.040897747
18 59 3 100 154586 2.040908358
105 209 3 100 21689 2.040926238
25 128 3 100 9587 2.040946835
5 191 3 100 68146 2.040957411
60 135 3 100 11451 2.040982136
17 153 3 100 1073010 2.041002561
97 212 3 100 25553 2.041034147
90 144 3 100 1537990 2.041052121
27 163 3 100 19040231 2.041131159
31 207 3 100 1791733 2.041270601
94 14 3 100 371729 2.041292944
70 159 3 100 6284481 2.041311544
124 222 3 100 83 2.041334495
122 145 3 100 1277 2.041337283
7 154 3 100 25296801 2.041416523
9 171 3 100 1671541 2.041538847
58 236 3 100 73705 2.041641462
45 182 3 100 29637 2.041667090
81 248 3 100 45779 2.041685224
125 150 3 100 56091 2.041731858
127 63 3 100 144326 2.041752117
68 244 3 100 26523 2.041830107
34 163 3 100 4308877 2.041840044
60 223 3 100 2001713 2.041886966
30 243 3 100 1606752 2.041916111
95 130 3 100 1997484 2.042070836
122 140 3 100 74921 2.042074242
14 207 3 100 1281070 2.042081404
79 231 3 100 6602153 2.042119930
28 136 3 100 3215733 2.042185162
111 78 3 100 20238767 2.042224156
48 160 3 100 2816 2.042261975
65 237 3 100 2499527 2.042308963
60 194 3 100 22526 2.042451705
28 166 3 100 2845 2.042462870
94 240 3 100 58749 2.042469247
57 252 3 100 5550576 2.042545820
30 253 3 100 1080790 2.042658975
19 140 3 100 75087 2.042709033
21 227 3 100 21046 2.042714463
19 118 3 100 56619 2.042740808
31 198 3 100 3959117 2.042765225
106 246 3 100 39752 2.042767526
1 166 3 100 26451 2.042780839
124 164 3 100 48911 2.042808485
122 150 3 100 1906192 2.042865285
80 188 3 100 4484 2.042877079
68 249 3 100 5040 2.042939076
28 193 3 100 1562357 2.042954447
13 194 3 100 7013 2.043017045
78 52 3 100 2321 2.043026112
85 192 3 100 1195890 2.043035947
18 183 3 100 1839662 2.043040113
34 136 3 100 29038 2.043104188
12 216 3 100 34031 2.043145123
72 245 3 100 2727947 2.043158364
107 220 3 100 11975 2.043171585
83 201 3 100 17746 2.043184657
57 251 3 100 372373 2.043202887
77 222 3 100 78795 2.043209085
44 7 3 100 5559688 2.043212671
41 198 3 100 6972357 2.043306602
18 228 3 100 190816 2.043336982
14 156 3 100 48150 2.043382736
116 173 3 100 239 2.043384188
119 179 3 100 22913 2.043384760
59 137 3 100 3275175 2.043439379
14 198 3 100 136153 2.043459870
53 188 3 100 33762 2.043528581
74 153 3 100 28670 2.043622994
123 93 3 100 37815 2.043661381
113 199 3 100 40790 2.043671529
63 229 3 100 61844 2.043692498
48 217 3 100 74874 2.043696577
112 148 3 100 316 2.043735946
10 230 3 100 51848 2.043744510
1 131 3 100 184065 2.043758114
35 245 3 100 837874 2.043788061
106 191 3 100 5778918 2.043795459
66 184 3 100 4770 2.043807640
24 67 3 100 1518719 2.043822826
105 234 3 100 127538 2.043858454
71 162 3 100 51192 2.043879916
15 169 3 100 158525 2.043880027
85 217 3 100 185409 2.043904034
19 149 3 100 693803 2.043944429
51 187 3 100 81708 2.043982730
22 246 3 100 113777 2.043999235
0 226 3 100 764647 2.044043698
44 198 3 100 2351369 2.044089919
103 23 3 100 49540 2.044107647
18 214 3 100 72661 2.044143152
31 175 3 100 11968 2.044163425
100 212 3 100 41055 2.044172148
68 217 3 100 79308 2.044188699
123 165 3 100 3512402 2.044294601
31 238 3 100 7641614 2.044368868
37 170 3 100 53446 2.044378393
29 158 3 100 66889 2.044411935
38 253 3 100 42498 2.044423713
77 35 3 100 1734385 2.044458876
72 147 3 100 9243363 2.044560484
32 169 3 100 41593 2.044594869
33 227 3 100 59140 2.044670730
19 212 3 100 6624 2.044705050
96 133 3 100 28125 2.044736117
50 202 3 100 6173300 2.044789513
68 208 3 100 1220073 2.044847602
89 132 3 100 9582 2.044903378
67 237 3 100 9261922 2.044929943
65 8 3 100 1028897 2.044946573
45 252 3 100 32485 2.044984117
8 245 3 100 1119980 2.045027830
30 193 3 100 1265693 2.045048502
89 141 3 100 17830 2.045060807
42 248 3 100 22872 2.045069854
39 203 3 100 27682 2.045077763
73 150 3 100 131174 2.045093330
54 131 3 100 26847 2.045166416
57 131 3 100 55851 2.045201781
48 94 3 100 5271 2.045207000
58 197 3 100 7995 2.045207791
127 181 3 100 399636 2.045267996
106 247 3 100 54218 2.045329586
115 159 3 100 1137756 2.045353265
60 148 3 100 1514 2.045459630
55 198 3 100 115290 2.045482253
29 203 3 100 1848182 2.045482912
32 191 3 100 69080 2.045492143
36 139 3 100 3254 2.045507395
62 40 3 100 65968 2.045560382
96 172 3 100 3389748 2.045630790
118 153 3 100 2322 2.045763618
34 186 3 100 25354 2.045815180
120 188 3 100 77636 2.045820014
41 130 3 100 732 2.045828236
109 245 3 100 70253 2.045840324
126 136 3 100 140709 2.045872867
96 218 3 100 44491 2.045891726
86 230 3 100 44489 2.045923760
106 115 3 100 44483 2.045986663
23 224 3 100 54806 2.046005650
89 199 3 100 8353 2.046053072
119 211 3 100 1183040 2.046092026
98 194 3 100 49026 2.046100310
75 155 3 100 47115 2.046121156
6 159 3 100 91456 2.046207934
67 217 3 100 23796 2.046209360
28 193 3 100 34459 2.046220529
27 171 3 100 28120 2.046274772
81 13 3 100 10732540 2.046345451
61 162 3 100 5530 2.046347696
56 254 3 100 19391289 2.046356914
73 166 3 100 1304093 2.046388525
45 226 3 100 6888 2.046451505
42 180 3 100 7478952 2.046547780
124 201 3 100 2510384 2.046548920
125 145 3 100 3878543 2.046572504
57 128 3 100 518093 2.046577365
64 209 3 100 4797617 2.046631188
15 125 3 100 652465 2.046646521
85 208 3 100 28211 2.046654766
83 231 3 100 786 2.046705816
23 191 3 100 902 2.046781799
89 195 3 100 1914466 2.046782344
94 237 3 100 51997 2.046893547
92 165 3 100 5736 2.046893868
101 172 3 100 3460 2.046919479
114 242 3 100 20449 2.047005569
33 162 3 100 99425 2.047023090
16 74 3 100 3547646 2.047070902
4 238 3 100 4841296 2.047083696
121 166 3 100 1329857 2.047131439
62 228 3 100 7549 2.047259077
11 246 3 100 7359 2.047263604
8 139 3 100 3332206 2.047265415
81 136 3 100 6245875 2.047277565
77 235 3 100 4414 2.047294238
126 203 3 100 446 2.047341382
64 136 3 100 21217 2.047410325
17 118 3 100 2071 2.047432091
1 175 3 100 28442289 2.047471155
38 148 3 100 1073064 2.047489561
33 233 3 100 3981 2.047499191
9 146 3 100 9021 2.047522028
84 183 3 100 3606925 2.047526487
109 138 3 100 21274461 2.047540703
29 200 3 100 1677 2.047631679
103 223 3 100 1786685 2.047638207
111 203 3 100 3348 2.047656613
47 4 3 100 25204 2.047721110
126 178 3 100 46017 2.047750821
110 230 3 100 864272 2.047784445
110 180 3 100 55225 2.047845465
40 158 3 100 9751 2.047868359
121 138 3 100 43776 2.047882107
91 225 3 100 779623 2.047891431
89 150 3 100 63214 2.047905569
24 169 3 100 6139628 2.047958236
82 201 3 100 23060 2.048017970
3 67 3 100 2630179 2.048030938
92 244 3 100 23869 2.048038625
1 216 3 100 1624698 2.048111752
60 247 3 100 5472560 2.048132063
95 247 3 100 13824 2.048233093
34 142 3 100 26147 2.048254438
33 207 3 100 13441 2.048296617
107 133 3 100 6861 2.048325052
80 131 3 100 25240 2.048350046
23 213 3 100 4234228 2.048359474
53 37 3 100 30640 2.048431190
77 163 3 100 5748428 2.048534227
27 151 3 100 66329 2.048565364
74 140 3 100 72545 2.048615615
113 143 3 100 7935 2.048623528
104 170 3 100 22025 2.048633386
56 178 3 100 1733005 2.048635613
74 145 3 100 75533 2.048637720
124 132 3 100 23584 2.048684986
16 204 3 100 269364 2.048686194
81 9 3 100 3551698 2.048691568
38 185 3 100 6986 2.048782564
36 193 3 100 112209 2.048786878
96 173 3 100 6880019 2.048797318
126 222 3 100 61736 2.048819180
86 214 3 100 26665 2.048878805
26 137 3 100 31864 2.048909247
45 239 3 100 383506 2.048918140
26 233 3 100 59018 2.048944824
119 142 3 100 1564021 2.048981469
105 87 3 100 53946 2.048986651
17 216 3 100 7619484 2.048999450
17 162 3 100 24410 2.049034169
20 242 3 100 9806764 2.049038736
68 146 3 100 25641 2.049076148
15 220 3 100 13984 2.049232380
125 205 3 100 2737816 2.049244280
118 231 3 100 77716 2.049244879
32 235 3 100 60722 2.049270451
25 162 3 100 258276 2.049338249
18 119 3 100 26375 2.049343118
93 128 3 100 49084 2.049362931
26 184 3 100 8083472 2.049402719
32 160 3 100 29026 2.049414632
7 215 3 100 102570 2.049471766
72 143 3 100 920869 2.049521381
66 152 3 100 577271 2.049549700
24 246 3 100 3453220 2.049565724
30 234 3 100 8670 2.049573694
122 169 3 100 1474434 2.049704083
11 35 3 100 44775 2.049761204
68 200 3 100 21518 2.049829360
8 236 3 100 28332 2.049836989
33 172 3 100 7050 2.049837662
74 183 3 100 2837319 2.049842563
2 175 3 100 20196 2.049857854
101 234 3 100 3704 2.049870164
127 148 3 100 34 2.049887187
88 198 3 100 33770 2.049918762
79 189 3 100 6094 2.049943407
10 87 3 100 20595151 2.049955506
46 128 3 100 1410387 2.049988924
99 139 3 100 6840 2.050024805
105 237 3 100 8466 2.050039460
7 168 3 100 8597477 2.050047641
103 133 3 100 1368 2.050070142
48 190 3 100 42103 2.050081537
74 219 3 100 22772 2.050102389
110 128 3 100 3158 2.050121671
115 168 3 100 13640513 2.050147771
111 115 3 100 19169 2.050159353
80 157 3 100 7784 2.050220340
18 216 3 100 25107 2.050270798
124 134 3 100 34711 2.050340209
66 150 3 100 1734072 2.050407519
53 177 3 100 3388 2.050457986
104 174 3 100 23448 2.050488433
52 205 3 100 8964 2.050515234
46 180 3 100 38396 2.050554775
55 209 3 100 29162 2.050573080
25 31 3 100 4448082 2.050673494
4 137 3 100 1348716 2.050795795
16 150 3 100 19390476 2.050881914
88 230 3 100 13131536 2.050943635
79 247 3 100 151203 2.050979652
13 204 3 100 1253038 2.051034047
81 132 3 100 718737 2.051071033
60 168 3 100 39993 2.051112443
71 197 3 100 33108 2.051142024
97 243 3 100 27948 2.051153677
18 92 3 100 42291 2.051159271
49 252 3 100 16382 2.051174257
5 178 3 100 9680130 2.051182307
62 186 3 100 901754 2.051199842
66 243 3 100 21338 2.051206500
72 180 3 100 1460466 2.051237479
46 142 3 100 8637467 2.051299336
60 211 3 100 3429785 2.051381556
26 183 3 100 76458 2.051444418
125 242 3 100 740488 2.051453496
115 117 3 100 21220 2.051486576
17 201 3 100 57594 2.051520612
12 235 3 100 16539 2.051526819
29 223 3 100 1979883 2.051557849
24 167 3 100 9386 2.051567297
115 235 3 100 12191 2.051572189
98 221 3 100 38397 2.051608013
98 223 3 100 8861 2.051671615
40 197 3 100 945690 2.051715987
73 241 3 100 199856 2.051722562
80 21 3 100 59558 2.051745286
5 167 3 100 46241 2.051763073
9 135 3 100 26173 2.051765800
93 144 3 100 8908981 2.051769520
59 190 3 100 4278563 2.051775739
83 144 3 100 56717 2.051895335
115 207 3 100 1331805 2.051920342
44 241 3 100 21368 2.051979527
47 220 3 100 6347762 2.051979881
15 217 3 100 68127 2.052014400
32 8 3 100 63994 2.052024030
72 194 3 100 1156256 2.052028069
24 193 3 100 604 2.052036819
4 244 3 100 1870733 2.052062760
80 227 3 100 4486 2.052138824
2 128 3 100 1856400 2.052165508
61 130 3 100 22728 2.052165894
45 195 3 100 13101 2.052181170
82 243 3 100 15331 2.052186415
85 186 3 100 31715 2.052249121
97 79 3 100 58156 2.052260933
113 225 3 100 8267748 2.052275196
47 249 3 100 17585885 2.052341853
74 239 3 100 197655 2.052352315
2 254 3 100 2096 2.052453139
30 131 3 100 923 2.052498365
95 160 3 100 1468561 2.052533319
14 229 3 100 35726 2.052556937
30 158 3 100 159877 2.052564343
93 148 3 100 43538 2.052581561
114 13 3 100 298519 2.052594525
75 135 3 100 228732 2.052615026
79 177 3 100 385608 2.052629920
75 253 3 100 6126072 2.052673905
36 180 3 100 3551031 2.052693614
68 166 3 100 889445 2.052736944
91 191 3 100 41615 2.052787803
22 128 3 100 2498804 2.052868526
36 152 3 100 68565 2.052886903
125 224 3 100 3945627 2.052899408
81 12 3 100 23000 2.052976729
114 169 3 100 3549 2.053013315
18 214 3 100 2953112 2.053055189
47 173 3 100 3471 2.053057788
68 252 3 100 1199536 2.053175736
94 195 3 100 36322 2.053185279
91 254 3 100 2228209 2.053202854
19 169 3 100 7387535 2.053214228
21 136 3 100 6249 2.053247223
49 191 3 100 1242 2.053365653
30 70 3 100 96600 2.053428306
1 150 3 100 290 2.053438695
33 201 3 100 513819 2.053446395
1 185 3 100 8948 2.053460319
6 232 3 100 1138009 2.053498087
64 177 3 100 6030 2.053566781
55 153 3 100 43864 2.053581334
79 134 3 100 1452001 2.053681748
76 159 3 100 1905135 2.053694176
44 188 3 100 3547567 2.053704290
125 114 3 100 27838 2.053707143
93 241 3 100 9563 2.053717000
17 210 3 100 2689 2.053748309
29 219 3 100 837390 2.053779504
72 210 3 100 27917 2.053789140
63 170 3 100 1209442 2.053807390
44 132 3 100 521346 2.053818911
57 219 3 100 3890 2.053821944
33 174 3 100 43230 2.053860456
2 195 3 100 1934100 2.053898223
66 98 3 100 30832 2.053933428
71 204 3 100 113390 2.053965715
77 198 3 100 3578762 2.053993158
81 247 3 100 20825 2.054047799
57 244 3 100 62042 2.054052463
54 202 3 100 1017 2.054073565
72 206 3 100 49397 2.054087982
105 200 3 100 27318773 2.054127175
72 192 3 100 40057 2.054142281
99 129 3 100 5547 2.054166840
24 86 3 100 46951 2.054199171
90 243 3 100 2614019 2.054248968
112 222 3 100 1107 2.054284932
46 231 3 100 16917 2.054325205
82 174 3 100 850396 2.054360083
49 147 3 100 12676 2.054373832
95 135 3 100 101010 2.054376683
69 145 3 100 7300 2.054390103
30 149 3 100 66347 2.054420637
98 216 3 100 1250271 2.054455200
98 111 3 100 638804 2.054470904
85 219 3 100 20405 2.054471272
86 236 3 100 2937886 2.054498132
86 179 3 100 3330 2.054724866
93 191 3 100 2790856 2.054735438
115 204 3 100 6476 2.054736793
63 243 3 100 3299702 2.054766620
104 214 3 100 2367219 2.054891493
4 138 3 100 21680 2.054903931
56 242 3 100 360482 2.054976959
108 10 3 100 6611 2.054991267
62 212 3 100 2009656 2.055043767
8 140 3 100 11662636 2.055103455
37 223 3 100 570512 2.055108941
17 210 3 100 32291 2.055151649
51 207 3 100 643 2.055241377
37 242 3 100 24500271 2.055304073
79 223 3 100 34828 2.055308076
55 203 3 100 3162 2.055312337
59 182 3 100 7488024 2.055345799
70 26 3 100 43940 2.055351395
58 207 3 100 1455257 2.055440180
45 230 3 100 67170 2.055446458
66 209 3 100 173780 2.055471713
61 225 3 100 8126 2.055473535
13 227 3 100 74238 2.055497518
25 145 3 100 24039 2.055498884
37 211 3 100 26395 2.055540935
27 174 3 100 20552 2.055541048
69 138 3 100 1225781 2.055543109
116 100 3 100 5053 2.055592299
102 199 3 100 2989 2.055606453
68 197 3 100 238491 2.055633719
45 171 3 100 47605 2.055709460
48 214 3 100 8848 2.055716961
105 158 3 100 3897748 2.055719659
15 137 3 100 320929 2.055768733
124 185 3 100 27892 2.055792333
99 165 3 100 51413 2.055796216
35 197 3 100 34892 2.055824634
35 122 3 100 21736 2.055938564
122 153 3 100 5771 2.056008344
114 190 3 100 593671 2.056069482
60 194 3 100 27388 2.056093983
58 227 3 100 9924158 2.056109598
94 161 3 100 26546 2.056114040
48 175 3 100 2490196 2.056187651
126 237 3 100 4608 2.056231477
45 181 3 100 12449 2.056240049
12 139 3 100 190449 2.056247808
0 121 3 100 7145 2.056270527
46 215 3 100 74672 2.056285038
20 165 3 100 5277259 2.056312232
47 192 3 100 54682 2.056314066
83 185 3 100 134004 2.056345310
48 166 3 100 3395497 2.056424882
69 208 3 100 28451 2.056427546
99 180 3 100 23531 2.056531627
123 225 3 100 8972914 2.056626912
68 210 3 100 42506 2.056637160
92 5 3 100 35205 2.056680735
66 182 3 100 11899 2.056717791
99 152 3 100 56623 2.056752950
79 205 3 100 31478 2.056755429
26 208 3 100 794874 2.056793686
94 222 3 100 834002 2.056834257
38 242 3 100 17266 2.056872387
22 171 3 100 24915 2.056970369
76 164 3 100 153844 2.056970599
86 166 3 100 22802 2.056974371
74 79 3 100 2999 2.057067527
20 236 3 100 243330 2.057088139
125 234 3 100 12635 2.057136234
113 174 3 100 65015 2.057165077
116 152 3 100 19432 2.057301548
28 171 3 100 55732 2.057302471
123 240 3 100 1301823 2.057366566
118 155 3 100 6992988 2.057371457
101 210 3 100 7610 2.057378439
101 239 3 100 7225 2.057398143
4 28 3 100 6129196 2.057448558
15 209 3 100 8728 2.057512383
67 133 3 100 1158831 2.057543388
32 132 3 100 46365 2.057586173
109 235 3 100 1349415 2.057599620
50 203 3 100 66074 2.057631905
117 238 3 100 21601 2.057638368
74 141 3 100 8796564 2.057681112
111 173 3 100 1651 2.057724153
112 215 3 100 323528 2.057738439
118 121 3 100 1361257 2.057763470
102 230 3 100 20076 2.057773720
39 234 3 100 63353 2.057792734
74 252 3 100 22959 2.057852652
25 175 3 100 86436 2.058001360
13 141 3 100 69979 2.058065845
13 231 3 100 76778 2.058131668
12 223 3 100 72145 2.058328604
22 211 3 100 6726899 2.058403145
21 154 3 100 17664 2.058409565
83 31 3 100 14378 2.058443165
106 207 3 100 1546808 2.058491623
86 198 3 100 1304900 2.058588443
56 227 3 100 2220 2.058654474
14 243 3 100 59316 2.058665596
87 188 3 100 11881858 2.058680816
92 216 3 100 189762 2.058719422
83 217 3 100 51014 2.058725833
84 156 3 100 3666558 2.058796994
58 252 3 100 984062 2.058818217
37 83 3 100 7028 2.058826010
99 197 3 100 73321 2.058935762
103 237 3 100 620265 2.058953945
36 196 3 100 2046 2.058966733
88 211 3 100 8973 2.058995884
4 152 3 100 1586923 2.059001101
17 248 3 100 63385 2.059039054
72 150 3 100 1127171 2.059052314
98 148 3 100 51512 2.059063440
113 156 3 100 1670911 2.059091304
63 65 3 100 1986495 2.059097502
108 164 3 100 3257056 2.059099847
4 245 3 100 269722 2.059121908
12 218 3 100 38363 2.059197331
78 202 3 100 28891 2.059203370
53 149 3 100 10031 2.059221423
37 178 3 100 65582 2.059296043
41 208 3 100 129577 2.059321288
0 169 3 100 31638 2.059417558
122 249 3 100 64844 2.059431807
83 47 3 100 4118430 2.059459674
69 145 3 100 23885 2.059473892
99 152 3 100 538224 2.059559542
127 165 3 100 3785675 2.059629094
71 143 3 100 484921 2.059636951
49 156 3 100 25484 2.059639310
58 236 3 100 5329134 2.059653879
22 253 3 100 8158 2.059662479
14 164 3 100 191 2.059702041
5 146 3 100 28261 2.059768639
69 59 3 100 9117 2.059780954
50 235 3 100 18969 2.059833182
118 223 3 100 95436 2.059901889
55 187 3 100 6430588 2.059930859
61 254 3 100 73067 2.059953764
53 174 3 100 7663007 2.059957803
52 155 3 100 66746 2.059968348
4 148 3 100 4585553 2.060011198
127 155 3 100 77794 2.060015865
86 156 3 100 43982 2.060038641
64 32 3 100 69422 2.060086581
120 147 3 100 8816054 2.060242927
35 198 3 100 37123 2.060278423
69 252 3 100 7928 2.060308757
45 199 3 100 34722 2.060339596
24 252 3 100 33530 2.060356252
95 142 3 100 4131074 2.060377314
20 216 3 100 351318 2.060440298
61 208 3 100 52243 2.060466465
77 243 3 100 29471 2.060468808
119 37 3 100 4180369 2.060514787
78 130 3 100 1111534 2.060523522
38 247 3 100 47595 2.060532063
37 214 3 100 4387604 2.060593271
95 150 3 100 4251627 2.060599279
17 160 3 100 11820175 2.060633503
49 187 3 100 40132 2.060720997
15 198 3 100 559755 2.060723592
73 196 3 100 1005604 2.060726157
25 206 3 100 753663 2.060746439
4 100 3 100 957802 2.060774179
47 235 3 100 25337 2.060775140
78 152 3 100 8013 2.060812627
2 142 3 100 1693455 2.060893161
127 217 3 100 3562943 2.060893963
117 144 3 100 5611113 2.060938449
12 168 3 100 3482187 2.060965951
2 145 3 100 2278040 2.061053580
38 187 3 100 110760 2.061171966
62 136 3 100 1882966 2.061189840
73 105 3 100 18856 2.061272814
28 167 3 100 1774 2.061386314
50 145 3 100 740818 2.061388474
69 189 3 100 27141 2.061433826
36 245 3 100 20994140 2.061578296
63 135 3 100 2785681 2.061727364
9 169 3 100 27258 2.061749667
30 226 3 100 1772847 2.061754592
62 131 3 100 25291 2.061828263
70 253 3 100 4687410 2.061885791
65 52 3 100 576411 2.061933526
88 249 3 100 76593 2.062007929
16 130 3 100 1612701 2.062039878
120 156 3 100 5499680 2.062052443
42 140 3 100 29274 2.062053135
4 213 3 100 76199 2.062054067
100 188 3 100 77831 2.062116562
67 195 3 100 56435 2.062123423
53 215 3 100 1137785 2.062142312
61 242 3 100 2124 2.062151171
60 101 3 100 43899 2.062182163
114 205 3 100 36441 2.062230688
79 183 3 100 890278 2.062232725
93 229 3 100 64583 2.062235564
70 216 3 100 6875977 2.062340025
53 179 3 100 1591077 2.062353069
4 235 3 100 1225 2.062381428
38 129 3 100 175903 2.062388227
50 209 3 100 6228192 2.062425318
61 151 3 100 345 2.062453647
114 69 3 100 3517773 2.062574063
0 229 3 100 30688 2.062584859
109 239 3 100 828138 2.062590308
5 128 3 100 1520925 2.062608963
50 224 3 100 5122 2.062619819
98 145 3 100 2450898 2.062689212
40 151 3 100 4591033 2.062757167
50 129 3 100 74248 2.062781100
25 225 3 100 31491 2.062807979
57 129 3 100 198271 2.062813341
30 15 3 100 29169 2.062822356
120 242 3 100 3324435 2.062838365
108 140 3 100 2830136 2.062841445
107 209 3 100 2744959 2.062848458
75 205 3 100 802631 2.062855496
1 158 3 100 11554094 2.062866591
89 231 3 100 22725 2.062867894
120 158 3 100 42948 2.062932845
43 172 3 100 9739634 2.062943786
15 227 3 100 73880 2.062952396
63 86 3 100 9105 2.062956040
42 131 3 100 52143 2.063002800
44 228 3 100 16526704 2.063113015
95 152 3 100 723605 2.063159557
30 197 3 100 1953466 2.063181201
71 193 3 100 42797 2.063250771
41 168 3 100 159172 2.063262307
74 193 3 100 71073 2.063266334
76 220 3 100 9226836 2.063275646
74 228 3 100 17665 2.063338497
111 32 3 100 192590 2.063349862
56 190 3 100 21070 2.063350919
84 155 3 100 18561 2.063365471
59 150 3 100 7017945 2.063367590
13 171 3 100 7962 2.063381553
8 251 3 100 691 2.063441957
70 198 3 100 3042960 2.063500557
48 227 3 100 79030 2.063516882
53 190 3 100 1389473 2.063668265
82 182 3 100 645669 2.063688298
29 110 3 100 13085 2.063699212
82 178 3 100 25028 2.063718001
125 173 3 100 9306933 2.063731234
127 162 3 100 1615 2.063818179
84 183 3 100 79089 2.063842686
78 244 3 100 1007271 2.063943556
19 222 3 100 10188 2.063963725
89 231 3 100 69855 2.064000956
34 187 3 100 9118313 2.064037517
31 150 3 100 848477 2.064076621
88 67 3 100 45286 2.064088535
109 207 3 100 4208081 2.064123244
18 206 3 100 230996 2.064148833
119 242 3 100 9479691 2.064263592
35 255 3 100 57506 2.064307334
21 132 3 100 27243 2.064366157
115 185 3 100 24179 2.064456113
50 220 3 100 43628 2.064470269
74 164 3 100 1505 2.064589474
12 220 3 100 65309 2.064590315
44 104 3 100 650049 2.064612005
57 239 3 100 1550276 2.064625039
125 129 3 100 9131 2.064816679
0 202 3 100 2863 2.064851999
26 177 3 100 43780 2.064899345
76 251 3 100 21050 2.064918756
108 239 3 100 4242 2.064978194
52 208 3 100 45104 2.065068230
108 175 3 100 64690 2.065155255
92 172 3 100 4247833 2.065173338
102 63 3 100 7230 2.065174199
21 154 3 100 82740 2.065217229
93 175 3 100 9212729 2.065220827
106 227 3 100 7145 2.065238085
66 128 3 100 7898 2.065255564
85 200 3 100 8960338 2.065273390
64 231 3 100 6089590 2.065274949
37 229 3 100 70770 2.065277702
75 223 3 100 3909 2.065294261
97 205 3 100 33170 2.065301589
12 126 3 100 76904 2.065371746
60 241 3 100 46771 2.065400152
31 172 3 100 466683 2.065411478
21 195 3 100 4892353 2.065442360
2 242 3 100 2432 2.065461036
86 182 3 100 1778191 2.065574124
7 152 3 100 28199 2.065577248
19 153 3 100 4061322 2.065609941
29 253 3 100 76356 2.065656815
62 206 3 100 289190 2.065716411
33 63 3 100 124823 2.065742733
70 144 3 100 25222 2.065782531
43 185 3 100 67362 2.065824071
13 240 3 100 740616 2.065866713
25 218 3 100 1142761 2.065891961
37 201 3 100 39760 2.065893821
69 229 3 100 419616 2.065905493
127 219 3 100 44914 2.065911046
121 216 3 100 54284 2.065940252
29 162 3 100 1404409 2.065982449
109 63 3 100 7311254 2.066004030
38 196 3 100 2884916 2.066006397
56 139 3 100 892315 2.066034482
63 182 3 100 3583756 2.066064202
111 155 3 100 57263 2.066070570
75 176 3 100 22360 2.066158289
11 241 3 100 6462 2.066166229
64 233 3 100 78375 2.066208395
63 197 3 100 133573 2.066218615
36 140 3 100 59750 2.066255228
79 125 3 100 41702 2.066327244
66 149 3 100 22733 2.066336770
46 204 3 100 600664 2.066355918
62 247 3 100 11672 2.066364387
10 179 3 100 811413 2.066379533
26 157 3 100 5667 2.066379985
16 155 3 100 26879 2.066386009
119 156 3 100 296597 2.066469447
124 186 3 100 40517 2.066526028
92 146 3 100 15695 2.066527700
31 88 3 100 862912 2.066624721
22 227 3 100 693048 2.066658933
45 233 3 100 69258 2.066662289
126 154 3 100 53995 2.066668576
62 228 3 100 181101 2.066684527
41 229 3 100 45448 2.066707115
61 220 3 100 7723196 2.066733060
37 162 3 100 2742901 2.066776831
82 199 3 100 27208 2.066819954
90 196 3 100 9624 2.066831132
23 76 3 100 67569 2.066885203
72 175 3 100 123252 2.066912495
120 230 3 100 437595 2.066916636
57 139 3 100 475612 2.067022796
126 234 3 100 259505 2.067033908
75 149 3 100 89098 2.067042512
0 217 3 100 383293 2.067146486
21 215 3 100 58874 2.067187617
14 158 3 100 7743 2.067274479
114 169 3 100 3400012 2.067296037
123 62 3 100 9980774 2.067312759
12 227 3 100 121095 2.067435956
20 198 3 100 1774 2.067549792
80 153 3 100 1816308 2.067558526
89 142 3 100 33706 2.067578663
121 207 3 100 53131 2.067617704
34 235 3 100 129151 2.067637266
22 215 3 100 1492247 2.067642662
96 215 3 100 21896 2.067692894
4 184 3 100 7226 2.067758964
8 106 3 100 1133372 2.067823893
110 172 3 100 153062 2.067865448
35 224 3 100 40212 2.067912509
71 129 3 100 1305271 2.067989411
86 178 3 100 8465379 2.068032396
55 169 3 100 1098454 2.068044056
55 139 3 100 24435 2.068053806
117 132 3 100 272373 2.068101262
78 228 3 100 118335 2.068142543
115 210 3 100 1011316 2.068144482
21 12 3 100 4327 2.068174620
59 170 3 100 8523 2.068182482
10 204 3 100 1474881 2.068298393
109 198 3 100 9263 2.068298407
38 203 3 100 1620566 2.068317490
118 249 3 100 55782 2.068384877
10 239 3 100 2065243 2.068443081
95 164 3 100 20308 2.068449121
40 209 3 100 8823 2.068515440
82 202 3 100 270064 2.068549775
78 8 3 100 3558 2.068574210
50 219 3 100 25834 2.068576500
118 224 3 100 21657 2.068580695
47 174 3 100 18509259 2.068604955
61 241 3 100 49963 2.068631483
42 166 3 100 344 2.068632101
19 188 3 100 66156 2.068657058
33 230 3 100 22923 2.068657162
119 180 3 100 2173 2.068722116
37 138 3 100 6903 2.068747841
61 0 3 100 33321 2.068760549
3 163 3 100 61979 2.068860151
27 214 3 100 1281406 2.068897867
94 154 3 100 26444 2.068911653
104 165 3 100 8004 2.068915165
5 184 3 100 35032 2.068964746
87 248 3 100 2070436 2.068984506
67 131 3 100 15992 2.069020211
66 221 3 100 75548 2.069052427
65 214 3 100 947936 2.069057479
107 93 3 100 41091 2.069074116
22 173 3 100 71560 2.069096788
123 133 3 100 9794199 2.069101210
92 228 3 100 467442 2.069110045
105 216 3 100 186506 2.069137846
99 207 3 100 25337 2.069142446
112 223 3 100 56571 2.069142664
40 236 3 100 834699 2.069209495
124 198 3 100 2836664 2.069312051
35 203 3 100 45869 2.069315872
93 91 3 100 1454717 2.069353041
61 243 3 100 6412 2.069380734
62 250 3 100 100745 2.069401681
20 177 3 100 118229 2.069407540
75 139 3 100 145680 2.069453484
122 135 3 100 35473 2.069461681
82 151 3 100 24071 2.069467986
55 222 3 100 2992548 2.069481795
2 147 3 100 2988 2.069534864
17 188 3 100 8739692 2.069547353
60 113 3 100 30511 2.069552217
23 192 3 100 464816 2.069647878
23 210 3 100 1742 2.069786481
6 140 3 100 26985 2.069931404
63 204 3 100 996941 2.069969846
126 184 3 100 92227 2.070051759
36 184 3 100 11879 2.070077162
118 212 3 100 1496336 2.070169339
63 135 3 100 177376 2.070217776
40 234 3 100 606295 2.070228769
84 99 3 100 18657392 2.070231558
104 135 3 100 56352 2.070241071
67 234 3 100 4594339 2.070246391
106 250 3 100 22555 2.070367132
92 215 3 100 39790 2.070449489
73 206 3 100 1667294 2.070452269
75 212 3 100 25394 2.070482536
43 172 3 100 81763 2.070507540
75 243 3 100 20986131 2.070541059
72 234 3 100 211720 2.070573268
11 111 3 100 59069 2.070628439
39 204 3 100 63319 2.070641474
14 213 3 100 67271 2.070648733
48 254 3 100 48308 2.070661102
72 135 3 100 2713035 2.070665721
67 195 3 100 25220 2.070720271
56 156 3 100 62913 2.070722995
89 144 3 100 16481 2.070758509
1 215 3 100 9513877 2.070772527
19 245 3 100 45371 2.070798072
25 67 3 100 3512113 2.070852213
14 246 3 100 29182872 2.070857569
68 241 3 100 57588 2.070863454
102 223 3 100 5867 2.070906072
54 141 3 100 8625 2.070952892
54 243 3 100 907074 2.070975485
14 147 3 100 4278476 2.071142401
102 182 3 100 26261 2.071159144
78 148 3 100 10165707 2.071194864
115 169 3 100 1712 2.071218981
101 82 3 100 989493 2.071246725
51 249 3 100 6722 2.071247547
68 132 3 100 71587 2.071272417
115 252 3 100 1373916 2.071301836
21 191 3 100 609 2.071316741
35 236 3 100 75372 2.071396631
16 228 3 100 21982 2.071404592
5 186 3 100 6382 2.071413772
7 161 3 100 3194671 2.071443164
85 171 3 100 524767 2.071448555
109 90 3 100 49385 2.071455911
41 253 3 100 9234 2.071456132
57 136 3 100 16328 2.071494697
118 131 3 100 32611 2.071541206
0 228 3 100 79651 2.071547526
13 208 3 100 139188 2.071571598
27 156 3 100 586017 2.071595941
11 184 3 100 8900 2.071669186
24 196 3 100 193231 2.071728366
76 177 3 100 1365512 2.071779047
14 76 3 100 21506 2.071852314
52 149 3 100 73408 2.071996374
97 237 3 100 64581 2.072053526
61 236 3 100 16912 2.072054609
29 231 3 100 506178 2.072057383
76 228 3 100 15287 2.072070822
76 215 3 100 56930 2.072075174
66 253 3 100 100957 2.072121256
35 209 3 100 182290 2.072162510
90 137 3 100 39915 2.072179566
70 85 3 100 61458 2.072212075
15 235 3 100 4677 2.072266000
30 199 3 100 27811 2.072380047
24 254 3 100 37749 2.072396722
123 172 3 100 60875 2.072467403
35 184 3 100 360906 2.072498798
117 245 3 100 24999 2.072511580
116 253 3 100 42578 2.072518308
112 199 3 100 71178 2.072531890
94 211 3 100 2236218 2.072540971
79 48 3 100 8185805 2.072584031
76 251 3 100 243253 2.072584256
19 159 3 100 48254 2.072611760
39 176 3 100 72623 2.072642040
51 170 3 100 531498 2.072646935
27 182 3 100 2440457 2.072659246
40 188 3 100 34997 2.072663861
45 211 3 100 25047225 2.072687339
113 128 3 100 155515 2.072692213
36 146 3 100 1709373 2.072938765
78 59 3 100 51171 2.072999928
67 157 3 100 2073283 2.073017641
6 216 3 100 1245684 2.073078700
80 167 3 100 9571 2.073114139
10 244 3 100 8348737 2.073121775
38 146 3 100 1354618 2.073268905
64 230 3 100 4464594 2.073306210
4 253 3 100 1620513 2.073310103
85 173 3 100 125118 2.073340908
45 128 3 100 578008 2.073366675
45 124 3 100 22680975 2.073408479
80 161 3 100 2401775 2.073414825
92 211 3 100 1291 2.073418505
58 158 3 100 559164 2.073495788
12 143 3 100 1572601 2.073513967
119 251 3 100 77555 2.073572747
117 253 3 100 21057 2.073650391
96 238 3 100 6567 2.073660279
106 150 3 100 25801 2.073785563
126 136 3 100 8535360 2.073785572
112 107 3 100 19223 2.073807496
41 152 3 100 9504245 2.073821006
9 174 3 100 75746 2.073826855
6 238 3 100 701 2.073856903
12 228 3 100 246904 2.073921220
119 147 3 100 1224710 2.073966560
70 245 3 100 4892 2.074005146
89 243 3 100 20441 2.074013675
123 210 3 100 1200 2.074053210
28 204 3 100 4314056 2.074055852
6 43 3 100 53654 2.074065822
21 202 3 100 1649080 2.074069566
25 216 3 100 2253140 2.074089989
22 233 3 100 854687 2.074098471
63 236 3 100 8312314 2.074192632
3 228 3 100 37079 2.074208407
127 161 3 100 2223 2.074226811
12 220 3 100 20690 2.074231863
15 186 3 100 24665 2.074284553
36 226 3 100 22012 2.074389631
110 26 3 100 2527 2.074395139
70 148 3 100 9298138 2.074531297
38 252 3 100 41031 2.074559363
15 222 3 100 22405 2.074637316
69 128 3 100 11570 2.074643484
23 227 3 100 28053 2.074699400
120 155 3 100 246221 2.074737232
57 223 3 100 64872 2.074779945
123 156 3 100 157366 2.074858752
100 201 3 100 717526 2.074944246
97 126 3 100 30708 2.074950827
21 219 3 100 1897027 2.074987470
17 172 3 100 31333 2.075003351
54 214 3 100 177771 2.075020221
86 212 3 100 429625 2.075027653
68 129 3 100 7712363 2.075070901
42 161 3 100 71254 2.075137412
106 136 3 100 33197 2.075169655
59 145 3 100 5441003 2.075293602
22 220 3 100 23021 2.075318766
19 63 3 100 4379800 2.075346117
54 148 3 100 1299954 2.075387185
93 175 3 100 606241 2.075527018
88 253 3 100 511745 2.075533558
44 209 3 100 111365 2.075535802
67 238 3 100 434550 2.075550717
100 148 3 100 78810 2.075559257
106 227 3 100 103379 2.075593921
4 134 3 100 3640026 2.075763462
21 249 3 100 883576 2.075876088
25 30 3 100 2479703 2.075877703
117 225 3 100 8896 2.075882148
108 166 3 100 1110827 2.075886234
60 147 3 100 22098 2.075938376
63 204 3 100 435256 2.075992978
108 178 3 100 16227 2.076005283
112 175 3 100 8030 2.076017439
125 196 3 100 35056 2.076018145
41 246 3 100 41067 2.076117466
74 244 3 100 468446 2.076118630
112 53 3 100 26957 2.076121492
65 220 3 100 866309 2.076124252
77 251 3 100 6518556 2.076127325
110 190 3 100 37403 2.076207590
34 144 3 100 1807395 2.076209561
73 207 3 100 127245 2.076235571
80 146 3 100 366652 2.076287461
7 154 3 100 63507 2.076306646
104 203 3 100 3111 2.076383386
26 206 3 100 4544897 2.076416005
124 1 3 100 47864 2.076430932
19 136 3 100 57177 2.076440905
120 219 3 100 2491 2.076441521
10 146 3 100 554791 2.076464595
88 185 3 100 12825 2.076473749
60 158 3 100 41711 2.076474788
54 224 3 100 9885 2.076537689
26 172 3 100 1833560 2.076548832
13 171 3 100 157062 2.076579888
122 252 3 100 8046549 2.076580410
56 127 3 100 42796 2.076590683
43 199 3 100 708770 2.076619145
3 134 3 100 70269 2.076621182
19 231 3 100 38256 2.076629291
58 190 3 100 53843 2.076651415
12 169 3 100 37140 2.076697095
34 162 3 100 26895 2.076773770
106 145 3 100 1348421 2.076813069
65 140 3 100 9829 2.076824173
67 208 3 100 62406 2.076833387
17 101 3 100 3106670 2.076893580
79 220 3 100 3591 2.076904738
33 206 3 100 6726 2.076907662
78 231 3 100 152343 2.076935794
79 192 3 100 561234 2.076939094
0 170 3 100 4751 2.077039884
55 169 3 100 1292208 2.077049049
122 161 3 100 947572 2.077072415
8 135 3 100 4753 2.077125464
55 139 3 100 9967373 2.077155197
63 23 3 100 40196 2.077325911
3 195 3 100 9654 2.077326964
60 170 3 100 18444 2.077333590
26 186 3 100 62167 2.077399152
5 239 3 100 194155 2.077406574
116 246 3 100 1649481 2.077450431
124 154 3 100 26768 2.077478811
35 217 3 100 1301700 2.077494393
59 141 3 100 3197 2.077496128
121 218 3 100 37373 2.077501058
64 101 3 100 27657 2.077518301
37 250 3 100 50545 2.077544914
116 247 3 100 1603698 2.077547210
36 227 3 100 23762 2.077671554
20 215 3 100 3804911 2.077731194
91 151 3 100 595 2.077749544
34 161 3 100 4211081 2.077804590
38 139 3 100 863240 2.077813108
36 206 3 100 40638 2.077826647
127 157 3 100 20738 2.077857661
19 42 3 100 9477895 2.077866597
29 128 3 100 35787 2.077878034
0 139 3 100 28354 2.077950306
91 140 3 100 4764267 2.077966323
95 193 3 100 1019320 2.077975293
83 250 3 100 175581 2.078006718
115 249 3 100 9444651 2.078032245
110 164 3 100 26890 2.078058471
5 169 3 100 4549 2.078063892
86 176 3 100 61335 2.078078333
115 153 3 100 69546 2.078137103
105 166 3 100 101524 2.078145777
33 243 3 100 327371 2.078162667
88 175 3 100 6531834 2.078205746
66 236 3 100 63456 2.078234213
51 201 3 100 7978349 2.078280349
30 155 3 100 24571 2.078287279
27 167 3 100 6952605 2.078289129
102 234 3 100 162563 2.078302359
87 94 3 100 8901 2.078302449
21 157 3 100 48183 2.078327162
54 152 3 100 36667 2.078337744
38 238 3 100 79433 2.078379918
114 147 3 100 1494 2.078399029
122 208 3 100 77166 2.078400631
95 241 3 100 2996734 2.078452343
8 179 3 100 15289 2.078477475
78 229 3 100 799941 2.078494902
107 193 3 100 1174540 2.078495463
21 3 3 100 8809093 2.078528672
96 210 3 100 1878 2.078539797
102 217 3 100 65288 2.078552876
45 224 3 100 889981 2.078565156
56 154 3 100 135891 2.078581423
39 218 3 100 21146 2.078618541
70 151 3 100 24145 2.078626909
34 137 3 100 4866 2.078637273
80 166 3 100 13571 2.078640323
74 212 3 100 21126 2.078728365
46 127 3 100 3210945 2.078756028
103 236 3 100 3245978 2.078826866
112 248 3 100 278173 2.078832008
43 155 3 100 29066 2.078835239
102 218 3 100 65562 2.078900749
30 198 3 100 51510 2.078933417
100 204 3 100 4227 2.078956094
122 152 3 100 49543 2.078956327
84 146 3 100 2811772 2.079007250
46 138 3 100 25323 2.079094755
53 80 3 100 17902 2.079100817
95 215 3 100 57773 2.079105159
73 247 3 100 3555453 2.079112533
10 179 3 100 1971884 2.079168130
20 129 3 100 72187 2.079200482
8 248 3 100 136003 2.079229111
49 254 3 100 870088 2.079241580
6 245 3 100 78906 2.079334461
65 144 3 100 59456 2.079359398
109 228 3 100 39335 2.079361249
89 73 3 100 1315248 2.079462515
22 210 3 100 5188 2.079490766
112 154 3 100 25769 2.079590382
0 128 3 100 8878 2.079593115
13 136 3 100 29548 2.079604237
82 219 3 100 13034431 2.079634572
109 131 3 100 9158 2.079660721
108 237 3 100 2315764 2.079664930
59 188 3 100 65721 2.079696329
9 189 3 100 25602 2.079720437
67 50 3 100 23694 2.079754350
56 130 3 100 3360839 2.079796712
89 201 3 100 21735598 2.079809651
11 169 3 100 26209 2.079824550
71 187 3 100 136758 2.079826723
125 153 3 100 3316359 2.079860896
86 234 3 100 1729114 2.079880144
23 240 3 100 13646260 2.079911642
93 148 3 100 50753 2.080012198
80 132 3 100 35754 2.080032712
17 13 3 100 38058 2.080113547
96 134 3 100 4530 2.080187364
47 216 3 100 1522326 2.080199103
86 159 3 100 48107 2.080199605
73 128 3 100 22046 2.080290626
102 253 3 100 28225 2.080338223
47 178 3 100 4754 2.080383584
76 194 3 100 255 2.080443631
7 223 3 100 4783632 2.080447355
30 200 3 100 59328 2.080468014
96 120 3 100 1052176 2.080493629
123 216 3 100 115536 2.080504886
108 159 3 100 7292433 2.080517206
28 184 3 100 426846 2.080519091
41 168 3 100 8154430 2.080565271
47 193 3 100 151948 2.080583011
99 248 3 100 137295 2.080584522
105 134 3 100 1109970 2.080595933
64 146 3 100 9698 2.080599204
31 143 3 100 4216 2.080617776
67 33 3 100 6979699 2.080638540
21 192 3 100 9649 2.080656448
18 179 3 100 6874 2.080673234
9 246 3 100 9013721 2.080698677
57 252 3 100 28203 2.080714769
77 234 3 100 5837 2.080733280
24 156 3 100 41103 2.080765369
103 147 3 100 9417606 2.080775665
72 228 3 100 352485 2.080787033
10 225 3 100 42966 2.080814274
92 73 3 100 6711279 2.080860518
61 208 3 100 1994960 2.080863350
64 215 3 100 29473 2.080939927
74 141 3 100 614695 2.080963660
69 128 3 100 829453 2.080978325
65 178 3 100 23921 2.081000332
49 174 3 100 57182 2.081021020
15 196 3 100 695386 2.081100867
68 142 3 100 880840 2.081272378
48 178 3 100 2660230 2.081281090
46 99 3 100 3511359 2.081338317
57 174 3 100 16164 2.081338349
41 200 3 100 170954 2.081348937
42 221 3 100 1158752 2.081357875
67 230 3 100 4257 2.081422310
10 169 3 100 21484 2.081459851
61 173 3 100 9128 2.081497840
57 168 3 100 46709 2.081519256
121 167 3 100 234728 2.081525355
30 137 3 100 4024481 2.081570708
83 30 3 100 8986 2.081587683
77 135 3 100 1492138 2.081597927
108 247 3 100 961007 2.081607436
120 218 3 100 43264 2.081676536
41 254 3 100 4887 2.081776338
7 181 3 100 24992 2.081777784
117 163 3 100 7900361 2.081876853
116 202 3 100 39684 2.081882715
119 165 3 100 419885 2.081920525
44 183 3 100 66825 2.081921988
90 14 3 100 9249 2.081960090
46 232 3 100 1402542 2.081971489
90 243 3 100 2257933 2.081974940
101 129 3 100 31129 2.081975899
114 199 3 100 9465916 2.081979330
34 226 3 100 16492 2.082051222
55 208 3 100 551534 2.082059072
115 174 3 100 69254 2.082061475
15 148 3 100 72037 2.082104430
47 210 3 100 4632 2.082106947
13 40 3 100 8736212 2.082109825
102 142 3 100 7999 2.082152725
124 158 3 100 4835998 2.082162969
97 232 3 100 9430485 2.082192608
40 139 3 100 173833 2.082331141
8 224 3 100 19968922 2.082405212
52 182 3 100 1629360 2.082407370
86 167 3 100 40914 2.082409432
70 199 3 100 2635558 2.082442727
76 21 3 100 237583 2.082460588
104 171 3 100 41353 2.082464797
6 232 3 100 566039 2.082471758
99 184 3 100 20130 2.082531983
113 177 3 100 55711 2.082547000
20 186 3 100 42084 2.082587152
4 154 3 100 37874 2.082664606
72 237 3 100 181412 2.082701798
88 186 3 100 42679 2.082725603
52 165 3 100 79713 2.082732869
110 35 3 100 47216 2.082748472
124 148 3 100 971223 2.082752417
66 160 3 100 1241 2.082760095
82 237 3 100 8111456 2.082763927
76 134 3 100 7519167 2.082848135
81 188 3 100 9870 2.082867950
2 249 3 100 28300162 2.082891695
81 177 3 100 1713714 2.082894978
103 231 3 100 10073 2.082938522
127 217 3 100 37861 2.082961849
122 20 3 100 4215510 2.083074138
83 137 3 100 23826 2.083075014
25 169 3 100 15780 2.083163851
110 137 3 100 752594 2.083249241
6 176 3 100 22205 2.083312098
51 176 3 100 48594 2.083335652
29 245 3 100 303227 2.083367373
55 252 3 100 183949 2.083370978
70 218 3 100 1736830 2.083395658
118 197 3 100 56306 2.083414129
101 104 3 100 15309 2.083417257
105 174 3 100 27877 2.083422758
35 201 3 100 1623236 2.083429907
39 228 3 100 1428777 2.083463649
120 239 3 100 4023890 2.083523284
57 179 3 100 24522 2.083562137
60 202 3 100 15919 2.083662571
34 242 3 100 3276 2.083696751
115 208 3 100 656683 2.083744801
26 134 3 100 1462464 2.083771473
71 34 3 100 9052310 2.083785362
70 142 3 100 4654753 2.083818717
120 246 3 100 905489 2.083934471
53 207 3 100 32008 2.084019163
54 144 3 100 6784 2.084142634
41 219 3 100 30523 2.084158033
47 139 3 100 192612 2.084217600
3 205 3 100 561750 2.084252298
45 173 3 100 61473 2.084269379
96 62 3 100 1452 2.084282459
16 174 3 100 68476 2.084283318
48 137 3 100 4652 2.084295863
63 223 3 100 44428 2.084336916
45 173 3 100 62734 2.084421281
27 177 3 100 2311360 2.084421755
24 173 3 100 60923 2.084466023
102 218 3 100 42001 2.084490963
50 196 3 100 28192 2.084497169
115 134 3 100 93810 2.084502742
110 72 3 100 527750 2.084518192
118 152 3 100 8936 2.084537619
69 160 3 100 29427 2.084561152
125 248 3 100 6957 2.084667056
40 197 3 100 1460 2.084788926
58 231 3 100 2711704 2.084875105
11 162 3 100 1941389 2.084875549
105 218 3 100 3169628 2.084890336
99 167 3 100 8585269 2.084895700
87 250 3 100 1528070 2.084920719
29 11 3 100 589526 2.084952800
77 228 3 100 7371 2.084982744
29 190 3 100 1526129 2.085003291
51 203 3 100 10234 2.085024454
19 147 3 100 31314 2.085086670
77 229 3 100 76127 2.085182850
110 180 3 100 74193 2.085227111
49 239 3 100 30047 2.085266317
17 139 3 100 1521 2.085274344
112 201 3 100 77349 2.085276924
123 0 3 100 1001 2.085297863
104 171 3 100 153239 2.085368075
45 235 3 100 2322928 2.085506788
55 188 3 100 33021 2.085509121
82 179 3 100 2379762 2.085559863
45 246 3 100 1852104 2.085643871
90 132 3 100 5817 2.085779965
30 139 3 100 33177 2.085811133
59 174 3 100 189545 2.085911387
57 145 3 100 3407841 2.085980498
65 73 3 100 3863546 2.085986861
2 170 3 100 98162 2.086000428
104 201 3 100 20015743 2.086113747
97 228 3 100 16128409 2.086154603
102 135 3 100 71645 2.086227966
53 182 3 100 112708 2.086243418
81 181 3 100 2545 2.086257954
102 152 3 100 4866252 2.086269024
98 199 3 100 20267 2.086332582
66 172 3 100 34394 2.086364830
89 84 3 100 77469 2.086478283
44 165 3 100 555 2.086483869
108 247 3 100 524318 2.086541913
97 170 3 100 2711928 2.086545228
10 229 3 100 54582 2.086620520
51 229 3 100 569819 2.086768481
75 141 3 100 23392 2.086788085
52 241 3 100 67143 2.086817991
119 233 3 100 63969 2.086831030
52 180 3 100 63388 2.086853270
55 66 3 100 357142 2.086922916
8 165 3 100 64081 2.086955777
11 254 3 100 9349 2.086975886
59 220 3 100 4681842 2.087027886
54 204 3 100 1561468 2.087049429
77 227 3 100 2408 2.087066668
40 174 3 100 1860733 2.087116010
19 160 3 100 5390408 2.087152073
125 128 3 100 3284 2.087166018
107 31 3 100 4490937 2.087181464
105 156 3 100 4053 2.087194387
80 253 3 100 6032573 2.087282367
88 174 3 100 57891 2.087290886
7 164 3 100 57751 2.087350401
55 137 3 100 6891 2.087411466
98 243 3 100 22091 2.087423401
34 183 3 100 13320 2.087446347
114 202 3 100 102336 2.087472930
26 84 3 100 151781 2.087476018
91 129 3 100 62543 2.087525646
26 222 3 100 1598916 2.087592679
106 202 3 100 5460333 2.087625010
50 136 3 100 718 2.087723442
66 245 3 100 1945 2.087729599
13 192 3 100 1650611 2.087733721
34 248 3 100 9452 2.087831628
118 166 3 100 41584 2.087842723
21 4 3 100 96 2.087864587
18 239 3 100 3339 2.088144641
23 211 3 100 360692 2.088145172
93 135 3 100 80819 2.088159512
114 132 3 100 44255 2.088186325
31 157 3 100 4982593 2.088206386
34 254 3 100 31349 2.088231842
0 242 3 100 1326276 2.088248911
4 136 3 100 29221 2.088254490
61 28 3 100 543939 2.088260904
74 188 3 100 27951 2.088272577
60 207 3 100 709023 2.088301008
88 196 3 100 1935 2.088418349
21 240 3 100 24824 2.088425249
33 182 3 100 354908 2.088466465
95 156 3 100 24215 2.088477538
116 244 3 100 414 2.088488135
77 159 3 100 40577 2.088507554
86 139 3 100 140652 2.088524040
116 60 3 100 22133 2.088549141
94 136 3 100 564783 2.088549996
48 225 3 100 1148464 2.088624956
118 141 3 100 62711 2.088627283
48 128 3 100 33230 2.088633293
63 255 3 100 59977 2.088716401
49 138 3 100 597200 2.088750534
41 242 3 100 440 2.088785064
56 182 3 100 6321 2.088879803
49 12 3 100 8300065 2.088888021
10 144 3 100 69016 2.088889053
114 132 3 100 45384 2.088913007
84 174 3 100 24146 2.089019422
42 189 3 100 18783 2.089098342
126 162 3 100 1839758 2.089151520
29 196 3 100 13899 2.089160836
126 233 3 100 116214 2.089200059
66 179 3 100 2325267 2.089268243
58 157 3 100 5597 2.089292058
68 39 3 100 22376 2.089312633
88 249 3 100 4269 2.089322525
40 232 3 100 420031 2.089328360
116 129 3 100 472284 2.089333556
39 200 3 100 9416471 2.089370400
8 212 3 100 4044202 2.089468876
19 171 3 100 1683000 2.089534816
51 243 3 100 6662 2.089552573
95 54 3 100 1725940 2.089563860
63 176 3 100 52375 2.089566785
74 201 3 100 17189 2.089569065
48 224 3 100 550 2.089569526
37 194 3 100 65110 2.089587035
54 242 3 100 33440 2.089634010
91 137 3 100 16273 2.089645084
77 216 3 100 307 2.089666101
106 201 3 100 67155 2.089699566
72 162 3 100 1468312 2.089701748
19 49 3 100 13034350 2.089814708
98 189 3 100 111098 2.089816529
65 147 3 100 1772142 2.089837840
19 186 3 100 272039 2.089842660
76 212 3 100 1977097 2.089875973
64 209 3 100 4049068 2.089876931
48 238 3 100 10185 2.090042379
102 55 3 100 1466645 2.090145776
23 222 3 100 8893538 2.090169163
36 163 3 100 452775 2.090177050
92 194 3 100 1878887 2.090185496
28 209 3 100 2907665 2.090190555
118 171 3 100 4901383 2.090267024
126 236 3 100 64581 2.090282531
10 189 3 100 40217 2.090352656
64 102 3 100 23400 2.090434642
113 245 3 100 9207104 2.090530548
126 145 3 100 21422 2.090579363
9 217 3 100 19594 2.090583294
79 186 3 100 3649 2.090649964
0 244 3 100 35007 2.090654288
102 249 3 100 53173 2.090657055
24 178 3 100 36346 2.090683923
118 236 3 100 3071339 2.090695407
121 87 3 100 38838 2.090706821
45 152 3 100 952 2.090731498
127 156 3 100 11821 2.090845039
52 254 3 100 60474 2.090880114
105 148 3 100 73514 2.090941335
69 198 3 100 3107585 2.090942415
22 197 3 100 78735 2.090947219
31 198 3 100 1295984 2.090980168
102 190 3 100 4093462 2.091055369
21 110 3 100 4374 2.091097973
34 219 3 100 6132057 2.091123637
42 189 3 100 231679 2.091143638
59 146 3 100 39598 2.091286095
50 224 3 100 826607 2.091302213
118 140 3 100 1586 2.091320791
35 175 3 100 1823070 2.091381903
35 168 3 100 2529 2.091386851
80 73 3 100 32636 2.091491487
3 206 3 100 897220 2.091543529
96 187 3 100 1406226 2.091615364
47 131 3 100 1644846 2.091750207
10 224 3 100 2044 2.091761044
97 131 3 100 673802 2.091772816
110 87 3 100 4303077 2.091773769
82 201 3 100 3167998 2.091814687
34 151 3 100 1988150 2.091833366
97 249 3 100 58129 2.091837410
96 189 3 100 5859490 2.091837749
12 243 3 100 11423 2.091922331
66 132 3 100 38785 2.092032897
107 142 3 100 2021 2.092042099
8 138 3 100 158298 2.092067220
4 109 3 100 26612 2.092069719
22 226 3 100 28444 2.092095652
126 161 3 100 11116 2.092166655
68 211 3 100 13848 2.092225198
12 166 3 100 1226332 2.092314178
33 243 3 100 21255 2.092344481
41 15 3 100 674961 2.092346022
79 185 3 100 60766 2.092692836
32 174 3 100 59766 2.092693049
47 237 3 100 54944 2.092734140
34 134 3 100 64743 2.092750509
36 203 3 100 1057847 2.092909485
71 182 3 100 73164 2.092990349
0 160 3 100 138396 2.092992917
68 20 3 100 12077 2.093046084
13 240 3 100 291151 2.093080020
34 206 3 100 149299 2.093107447
0 175 3 100 6284777 2.093162991
42 172 3 100 2688 2.093331482
35 230 3 100 48330 2.093416390
104 206 3 100 170365 2.093438453
101 178 3 100 51833 2.093494309
55 246 3 100 25111 2.093496266
98 147 3 100 5544372 2.093623187
51 35 3 100 2342 2.093628804
47 158 3 100 37743 2.093639423
34 205 3 100 776876 2.093640457
120 133 3 100 6632681 2.093653511
62 196 3 100 949192 2.093681756
98 200 3 100 699157 2.093700457
59 165 3 100 67600 2.093724024
12 230 3 100 28539 2.093765035
93 172 3 100 1852741 2.093948002
30 60 3 100 9755 2.093948718
50 150 3 100 27181 2.093950527
110 213 3 100 6163 2.094039523
83 159 3 100 16643177 2.094042964
54 135 3 100 284305 2.094043683
93 213 3 100 47607 2.094054048
30 200 3 100 13608 2.094172627
37 160 3 100 3968 2.094195587
41 220 3 100 55750 2.094336616
83 217 3 100 7591 2.094343769
77 203 3 100 67958 2.094358201
12 172 3 100 820386 2.094384937
13 158 3 100 23769 2.094549969
0 212 3 100 96282 2.094552351
52 157 3 100 1832 2.094570345
42 240 3 100 10415786 2.094649946
6 250 3 100 12456 2.094672811
103 173 3 100 19678 2.094673165
104 200 3 100 583961 2.094695671
16 196 3 100 4636241 2.094747429
60 134 3 100 9857925 2.094800833
40 106 3 100 15611 2.094801525
88 190 3 100 48319 2.094827477
43 219 3 100 1789214 2.094882361
33 206 3 100 380918 2.094903446
45 191 3 100 50779 2.094995867
28 231 3 100 159747 2.095046708
89 211 3 100 97976 2.095049206
16 65 3 100 867898 2.095136215
30 241 3 100 1556427 2.095316041
36 211 3 100 21158 2.095323848
73 173 3 100 4408510 2.095412087
34 195 3 100 2456092 2.095579920
127 149 3 100 166978 2.095659805
55 212 3 100 15891 2.095670282
62 19 3 100 1189899 2.095671018
63 178 3 100 7379708 2.095683252
53 149 3 100 37096 2.095689875
59 239 3 100 164202 2.095699510
75 198 3 100 9341 2.095730826
62 191 3 100 2774088 2.095888630
93 29 3 100 1954216 2.095931070
100 229 3 100 2133108 2.095942811
51 136 3 100 21938 2.095981170
126 175 3 100 45783 2.096069995
95 220 3 100 1291617 2.096171404
43 17 3 100 49274 2.096174279
36 158 3 100 28447 2.096206745
82 157 3 100 1612810 2.096228162
93 195 3 100 118 2.096234862
110 214 3 100 1980962 2.096273913
80 180 3 100 76178 2.096320398
126 197 3 100 519940 2.096327301
101 148 3 100 77908 2.096529792
110 161 3 100 28398 2.096578604
64 180 3 100 735949 2.096606527
75 245 3 100 70416 2.096670611
68 136 3 100 1635092 2.096728606
72 202 3 100 7811 2.096763993
9 215 3 100 703108 2.096764354
64 59 3 100 77329 2.096821642
28 149 3 100 51231 2.096907730
91 210 3 100 16908945 2.097040705
60 187 3 100 6560289 2.097156090
16 177 3 100 12657 2.097248434
35 197 3 100 52976 2.097494816
121 221 3 100 971450 2.097516204
73 181 3 100 331339 2.097659282
89 56 3 100 1191740 2.097670313
58 141 3 100 69615 2.097805806
35 136 3 100 1588634 2.097832114
110 38 3 100 3345133 2.097887900
62 237 3 100 372403 2.097987334
98 150 3 100 1936981 2.098047455
56 218 3 100 1770197 2.098186021
74 172 3 100 6192 2.098555905
31 131 3 100 48508 2.098582120
41 129 3 100 20897 2.098586019
98 183 3 100 76533 2.098620309
67 142 3 100 45792 2.098674963
60 71 3 100 6055 2.098676988
48 228 3 100 9395236 2.098735508
68 157 3 100 4115849 2.098787802
10 169 3 100 258 2.098811607
72 189 3 100 26049 2.098888325
110 141 3 100 1083861 2.099063633
110 132 3 100 17238 2.099313160
0 134 3 100 1100463 2.099429315
58 145 3 100 6318 2.099517977
80 46 3 100 2231 2.099647008
