2578 
33 30 3 100 30888 2.000006437
60 95 3 100 1041428 2.000022428
33 119 3 100 54641 2.000078601
27 104 3 100 1932021 2.000095536
55 66 3 100 27999 2.000121987
2 9 3 100 1908 2.000183329
40 62 3 100 35064 2.000196605
89 137 3 100 42374 2.000260510
86 168 3 100 24131 2.000294034
119 146 3 100 65440 2.000324997
87 79 3 100 2910 2.000399195
81 76 3 100 42003 2.000417726
4 109 3 100 1520534 2.000502634
19 6 3 100 4816558 2.000538432
36 5 3 100 38738 2.000550777
62 115 3 100 9213832 2.000630832
101 44 3 100 66000 2.000676825
13 155 3 100 4534428 2.000763049
50 147 3 100 408615 2.000773589
83 253 3 100 27611 2.000860487
21 7 3 100 20038 2.000912624
90 17 3 100 1712047 2.000917243
40 26 3 100 5403 2.000930376
10 79 3 100 4397950 2.000969068
72 8 3 100 77044 2.000999183
41 80 3 100 1740050 2.001024432
4 103 3 100 66993 2.001057136
124 189 3 100 26158 2.001125026
89 136 3 100 55034 2.001249882
11 248 3 100 42530 2.001295095
106 19 3 100 27983 2.001333647
58 86 3 100 25458 2.001344635
117 34 3 100 2351509 2.001378922
125 89 3 100 4274204 2.001384682
47 123 3 100 1577950 2.001460502
66 81 3 100 1307519 2.001474936
12 55 3 100 2266672 2.001478001
89 181 3 100 3325719 2.001524941
14 146 3 100 4085465 2.001586866
13 188 3 100 921312 2.001612589
107 85 3 100 28810 2.001650057
38 60 3 100 1149 2.001665304
62 117 3 100 56818 2.001699245
52 101 3 100 38891 2.001707260
8 1 3 100 1200025 2.001810898
115 66 3 100 7865 2.001866361
20 115 3 100 1041249 2.001928770
114 205 3 100 196927 2.001932592
18 154 3 100 3162474 2.002003855
57 227 3 100 96124 2.002049470
54 28 3 100 90156 2.002054821
18 57 3 100 3326350 2.002059326
59 3 3 100 1991601 2.002104815
10 24 3 100 320006 2.002130505
105 79 3 100 8253055 2.002134439
126 56 3 100 44531 2.002189776
112 78 3 100 44046 2.002262455
105 139 3 100 55839 2.002275515
1 207 3 100 5392321 2.002280274
81 159 3 100 27726 2.002286811
80 94 3 100 196557 2.002326936
10 68 3 100 852037 2.002376997
9 61 3 100 2877119 2.002379017
51 17 3 100 414067 2.002449147
43 19 3 100 436122 2.002475284
12 34 3 100 118781 2.002517881
1 12 3 100 14278409 2.002530651
33 162 3 100 11080 2.002543188
35 253 3 100 17426146 2.002628978
30 248 3 100 7172697 2.002724912
50 19 3 100 17268445 2.002740393
35 96 3 100 32098 2.002783746
26 29 3 100 49915 2.002887434
118 60 3 100 67882 2.002923814
54 112 3 100 66362 2.002969026
41 60 3 100 153675 2.002979297
112 57 3 100 2896446 2.003004380
42 244 3 100 153387 2.003017613
9 150 3 100 3820909 2.003020439
31 139 3 100 9854715 2.003074018
106 46 3 100 76247 2.003080120
111 115 3 100 143219 2.003216439
60 112 3 100 34016 2.003249229
94 27 3 100 62949 2.003272290
92 102 3 100 23384 2.003312976
117 45 3 100 4536634 2.003322063
43 24 3 100 4619134 2.003373571
78 130 3 100 78870 2.003381829
23 169 3 100 330286 2.003430844
125 131 3 100 52943 2.003482852
118 127 3 100 7589 2.003505344
22 111 3 100 79607 2.003570459
44 43 3 100 20157 2.003619032
59 75 3 100 5329767 2.003651957
94 93 3 100 70162 2.003698378
23 19 3 100 2017972 2.003793892
60 58 3 100 4068270 2.003839770
8 235 3 100 66453 2.003842315
25 225 3 100 8158 2.003862774
45 228 3 100 1015 2.003871137
103 63 3 100 27347 2.003956572
62 74 3 100 8376314 2.003971562
45 117 3 100 782622 2.003993790
16 37 3 100 29327 2.004024158
46 105 3 100 2867730 2.004040563
65 64 3 100 407071 2.004064012
94 118 3 100 63495 2.004132671
0 242 3 100 61032 2.004140575
19 220 3 100 8095574 2.004151402
96 187 3 100 4681490 2.004158351
122 0 3 100 10849 2.004183002
79 56 3 100 49501 2.004189334
46 7 3 100 49999 2.004191917
106 32 3 100 3971291 2.004260000
79 17 3 100 25626 2.004269650
62 109 3 100 60184 2.004282841
19 74 3 100 2943804 2.004290820
28 246 3 100 20912 2.004495289
16 146 3 100 78496 2.004550967
58 215 3 100 611636 2.004567329
6 127 3 100 2994368 2.004762102
118 87 3 100 1309427 2.004767578
90 82 3 100 4006100 2.004778804
104 93 3 100 1291930 2.004796310
59 97 3 100 2943730 2.004801477
20 26 3 100 2875668 2.004828685
76 99 3 100 3950 2.004870507
103 188 3 100 2072 2.004887645
29 184 3 100 2833724 2.004933377
5 195 3 100 4963795 2.004946681
74 115 3 100 59501 2.004961074
127 43 3 100 48994 2.005020996
127 123 3 100 782059 2.005103186
35 93 3 100 104708 2.005108052
54 125 3 100 94845 2.005131887
114 2 3 100 288386 2.005136406
5 64 3 100 7582 2.005183381
113 238 3 100 49686 2.005198985
115 170 3 100 9426173 2.005210679
31 197 3 100 2867889 2.005277313
39 20 3 100 3521 2.005331623
67 35 3 100 661255 2.005360907
35 75 3 100 79512 2.005486791
46 93 3 100 18649 2.005509950
41 18 3 100 2951301 2.005523849
120 10 3 100 31914 2.005534648
83 112 3 100 3922 2.005582031
106 156 3 100 20805899 2.005621738
12 128 3 100 65230 2.005667880
62 238 3 100 64062 2.005725585
88 24 3 100 26927 2.005748071
58 62 3 100 68065 2.005761838
45 79 3 100 7437717 2.005800252
57 11 3 100 7004751 2.005986694
89 113 3 100 6880361 2.006094692
74 41 3 100 4698528 2.006201007
87 22 3 100 23172 2.006205335
22 156 3 100 5042 2.006227749
123 141 3 100 9647 2.006264925
98 223 3 100 3794531 2.006310855
52 38 3 100 1520966 2.006313713
67 34 3 100 183102 2.006327420
39 67 3 100 161486 2.006345508
73 28 3 100 5504 2.006360409
2 66 3 100 23520 2.006374543
46 40 3 100 8654145 2.006400475
109 1 3 100 9389073 2.006404276
116 133 3 100 1799489 2.006410556
27 155 3 100 705163 2.006494361
0 199 3 100 170393 2.006525493
42 66 3 100 12437 2.006537949
30 63 3 100 1869 2.006581110
19 105 3 100 39399 2.006620783
23 8 3 100 26749 2.006640392
96 61 3 100 70660 2.006741073
93 79 3 100 39333 2.006742128
37 39 3 100 8246069 2.006763166
51 251 3 100 5215 2.006857198
45 220 3 100 35766 2.006864631
2 253 3 100 652680 2.006880392
127 28 3 100 60399 2.006918064
29 45 3 100 23219 2.006946747
60 127 3 100 17440 2.006976400
10 39 3 100 90385 2.006979379
113 105 3 100 103 2.006983983
72 107 3 100 44770 2.007107736
76 65 3 100 49538 2.007124476
76 233 3 100 42116 2.007162173
5 240 3 100 26626 2.007164119
33 164 3 100 191904 2.007166422
120 27 3 100 330257 2.007339220
26 41 3 100 1018819 2.007383661
18 59 3 100 40068 2.007402416
124 72 3 100 1502915 2.007410444
25 55 3 100 2195 2.007414008
82 3 3 100 258121 2.007477968
54 78 3 100 1876136 2.007482168
78 214 3 100 441901 2.007541076
87 148 3 100 70892 2.007543985
5 135 3 100 4290170 2.007567710
59 55 3 100 25273 2.007603637
101 123 3 100 19879 2.007605003
35 81 3 100 2778527 2.007608139
61 20 3 100 37132 2.007618043
4 97 3 100 1836615 2.007621420
112 70 3 100 183028 2.007715430
85 33 3 100 909999 2.007719135
123 228 3 100 27017430 2.007790410
48 164 3 100 1858070 2.007814830
52 240 3 100 193328 2.007841513
122 32 3 100 8143166 2.007906253
47 56 3 100 8023247 2.007908881
111 93 3 100 20635 2.007912893
9 121 3 100 5145 2.007918720
33 108 3 100 139550 2.007941586
28 40 3 100 97619 2.008011197
89 57 3 100 34027 2.008048864
111 146 3 100 21675 2.008158040
49 140 3 100 7934916 2.008159769
51 133 3 100 124973 2.008234013
50 74 3 100 22947 2.008295370
105 12 3 100 4947764 2.008323315
0 19 3 100 9647421 2.008340001
8 77 3 100 18902546 2.008386790
15 55 3 100 25528 2.008398756
1 106 3 100 62319 2.008450778
45 48 3 100 169973 2.008516980
60 233 3 100 4794928 2.008586152
6 214 3 100 67537 2.008614325
52 182 3 100 70707 2.008643893
13 41 3 100 12291 2.008658903
71 16 3 100 956007 2.008748241
11 20 3 100 1351 2.008761990
119 63 3 100 1441689 2.008768166
69 86 3 100 76945 2.008779335
33 46 3 100 2126144 2.008824679
63 17 3 100 1639743 2.008923902
103 201 3 100 4262092 2.008944006
127 207 3 100 24852 2.008965726
2 193 3 100 75934 2.008992583
120 5 3 100 24460 2.009028443
85 6 3 100 9581574 2.009072280
11 96 3 100 24538 2.009086100
45 72 3 100 24140 2.009123976
58 101 3 100 1770480 2.009146591
12 51 3 100 11662 2.009218555
96 14 3 100 1577341 2.009222836
122 213 3 100 1915051 2.009278153
3 230 3 100 2256 2.009312784
109 174 3 100 30617 2.009336502
113 14 3 100 488329 2.009390220
58 16 3 100 27808 2.009393952
65 15 3 100 1554776 2.009579317
18 49 3 100 6130915 2.009666792
18 116 3 100 22492 2.009712886
94 75 3 100 29997941 2.009734778
33 41 3 100 56122 2.009803353
33 203 3 100 5790 2.009803363
74 204 3 100 19095 2.009855834
120 206 3 100 244075 2.009892171
6 43 3 100 3640 2.009895204
26 17 3 100 426656 2.009960845
81 85 3 100 3121 2.010009237
10 26 3 100 1259777 2.010046308
39 22 3 100 6928432 2.010055425
72 124 3 100 2221285 2.010076631
109 117 3 100 23396 2.010083705
125 149 3 100 2140746 2.010127745
8 134 3 100 793085 2.010136116
86 199 3 100 1611972 2.010225279
51 40 3 100 3977651 2.010267008
3 37 3 100 13067 2.010287041
98 76 3 100 574468 2.010331231
28 114 3 100 22102 2.010353266
97 6 3 100 15902 2.010409115
84 20 3 100 3351 2.010412528
93 21 3 100 1460085 2.010450673
117 219 3 100 8545 2.010571352
48 230 3 100 763459 2.010581302
109 220 3 100 67467 2.010600295
63 56 3 100 24692703 2.010605560
71 0 3 100 3527097 2.010610365
47 11 3 100 4986 2.010636420
79 37 3 100 5985822 2.010723175
26 65 3 100 8245427 2.010736965
62 95 3 100 46506 2.010794109
17 40 3 100 1578466 2.010809332
111 227 3 100 54291 2.010821560
121 207 3 100 597712 2.010831211
97 245 3 100 29428 2.010835306
108 6 3 100 1882071 2.010839753
5 6 3 100 655837 2.010841182
48 86 3 100 73718 2.010889986
37 93 3 100 20794 2.010969337
111 63 3 100 6389408 2.010979508
51 125 3 100 821810 2.011015406
120 5 3 100 17700 2.011115002
72 168 3 100 3512 2.011124169
67 162 3 100 10074856 2.011246344
110 235 3 100 11029 2.011304500
52 26 3 100 1474 2.011315464
25 60 3 100 7322 2.011352676
82 93 3 100 96103 2.011392080
14 15 3 100 6726 2.011487231
20 68 3 100 183032 2.011519403
40 107 3 100 138469 2.011595546
61 14 3 100 1939413 2.011619217
14 144 3 100 48989 2.011636685
51 133 3 100 3523576 2.011760316
64 179 3 100 94461 2.011803163
107 37 3 100 75355 2.011804323
76 124 3 100 2275667 2.011804542
83 78 3 100 14495 2.011861827
106 20 3 100 20390 2.011889681
52 40 3 100 9074 2.011913522
74 109 3 100 1731839 2.011950157
25 88 3 100 4780398 2.011965195
70 251 3 100 59132 2.011995125
2 177 3 100 40232 2.012039906
7 169 3 100 678027 2.012113871
126 58 3 100 1276556 2.012129922
71 50 3 100 1815 2.012146545
31 109 3 100 21127 2.012175567
70 127 3 100 77202 2.012279739
17 58 3 100 7239527 2.012358437
63 20 3 100 137267 2.012484348
51 46 3 100 1148343 2.012503819
84 135 3 100 21737222 2.012568752
103 187 3 100 8736 2.012647430
65 198 3 100 972178 2.012656194
122 28 3 100 1009624 2.012677458
20 29 3 100 116251 2.012776142
117 127 3 100 21269 2.012776623
69 111 3 100 978565 2.012779244
118 12 3 100 4983315 2.012781058
71 15 3 100 309055 2.012809406
20 22 3 100 1847463 2.012813948
82 162 3 100 8924986 2.012846100
46 134 3 100 17055687 2.012868283
49 192 3 100 3777743 2.013002019
119 92 3 100 53296 2.013002368
99 110 3 100 26192 2.013011893
62 41 3 100 5453409 2.013061638
44 112 3 100 6506 2.013089892
33 45 3 100 27128 2.013116394
127 31 3 100 112380 2.013151567
80 58 3 100 368584 2.013189526
119 188 3 100 1062907 2.013206855
73 231 3 100 5040 2.013240443
73 196 3 100 8617998 2.013249465
53 99 3 100 29349 2.013250607
116 27 3 100 9376185 2.013272379
58 106 3 100 4193325 2.013274877
28 81 3 100 1696652 2.013311542
127 112 3 100 8302379 2.013382750
80 26 3 100 9356526 2.013450586
64 123 3 100 103130 2.013459097
81 132 3 100 77974 2.013464189
125 227 3 100 75813 2.013542363
20 235 3 100 492711 2.013560723
18 56 3 100 48982 2.013586463
52 45 3 100 11479 2.013600080
45 64 3 100 29435 2.013613383
89 46 3 100 26665 2.013647971
12 81 3 100 54800 2.013678855
91 85 3 100 1179150 2.013683703
118 15 3 100 47848 2.013779342
0 142 3 100 1777797 2.013841875
71 249 3 100 4882092 2.013887894
67 139 3 100 710561 2.013920382
100 5 3 100 341188 2.013955223
72 56 3 100 1563235 2.013963715
67 9 3 100 51472 2.014104079
20 56 3 100 28138 2.014119025
28 60 3 100 173989 2.014135131
24 58 3 100 49208 2.014144059
55 18 3 100 76919 2.014246308
64 233 3 100 1759513 2.014261097
27 155 3 100 625229 2.014265943
38 206 3 100 198263 2.014294479
5 22 3 100 2554 2.014323068
115 55 3 100 47330 2.014350957
80 18 3 100 6670 2.014376059
84 4 3 100 3190 2.014403096
124 39 3 100 5258 2.014415920
119 3 3 100 336680 2.014476322
10 115 3 100 1336 2.014575025
98 132 3 100 6383 2.014622830
108 136 3 100 1714163 2.014653685
80 249 3 100 7006078 2.014664603
123 74 3 100 347609 2.014723479
89 75 3 100 2242 2.014765745
17 109 3 100 3578034 2.014844002
85 76 3 100 68980 2.014904008
20 28 3 100 37347 2.014947438
78 12 3 100 41797 2.014971745
24 13 3 100 39680 2.015018114
112 134 3 100 702634 2.015033384
7 151 3 100 57990 2.015105582
81 157 3 100 592040 2.015119728
108 112 3 100 3890772 2.015132814
12 41 3 100 9327 2.015145232
39 71 3 100 300239 2.015161910
107 60 3 100 3357391 2.015200950
52 120 3 100 3718845 2.015224863
86 17 3 100 37569 2.015244103
82 28 3 100 49369 2.015429132
63 242 3 100 1618451 2.015443855
89 233 3 100 4064 2.015449997
111 172 3 100 1066 2.015468979
63 103 3 100 6188 2.015521764
63 35 3 100 6678 2.015557129
76 34 3 100 129180 2.015566761
14 120 3 100 29146 2.015628290
23 112 3 100 80187 2.015684592
111 35 3 100 4550723 2.015721299
57 115 3 100 9678 2.015721468
119 203 3 100 188406 2.015732618
36 196 3 100 16182 2.015743971
27 141 3 100 4610930 2.015793185
11 35 3 100 65905 2.015795795
52 48 3 100 36987 2.015808365
28 49 3 100 943978 2.015813527
79 94 3 100 8777 2.015823514
48 13 3 100 5825679 2.015835207
96 22 3 100 31431 2.015835825
94 11 3 100 48489 2.015851327
86 180 3 100 72578 2.015899755
21 132 3 100 76950 2.015911767
23 249 3 100 468902 2.015954306
105 26 3 100 6018 2.015966973
67 119 3 100 3657053 2.016056207
30 94 3 100 28525 2.016070638
89 100 3 100 7566 2.016153549
9 65 3 100 9152 2.016173721
60 10 3 100 506344 2.016217536
49 90 3 100 73743 2.016222068
60 207 3 100 970742 2.016224754
0 176 3 100 23769310 2.016306784
24 140 3 100 155750 2.016420041
120 57 3 100 21867 2.016434902
115 45 3 100 42027 2.016462066
103 51 3 100 1447613 2.016473140
122 23 3 100 5553399 2.016492161
71 11 3 100 7371 2.016510593
97 29 3 100 5946 2.016535117
111 20 3 100 187011 2.016575705
73 252 3 100 23939 2.016578756
59 255 3 100 753090 2.016718184
83 182 3 100 605378 2.016737728
23 20 3 100 9838663 2.016752090
76 22 3 100 25434 2.016759018
67 96 3 100 30669 2.016791447
0 39 3 100 73382 2.016833710
92 53 3 100 2582 2.016839175
116 40 3 100 77077 2.016858748
113 4 3 100 5286354 2.016864699
74 139 3 100 318046 2.016870993
7 218 3 100 63725 2.016978330
112 234 3 100 4280261 2.017024680
86 22 3 100 1946691 2.017025278
20 80 3 100 136376 2.017031782
72 19 3 100 9387783 2.017181296
50 122 3 100 66401 2.017229082
26 119 3 100 25602 2.017336033
15 115 3 100 181 2.017340218
0 120 3 100 1755168 2.017387481
39 137 3 100 8268363 2.017405835
50 199 3 100 195457 2.017438009
27 142 3 100 1291354 2.017453726
60 96 3 100 3851034 2.017460784
65 93 3 100 6393 2.017467286
90 60 3 100 27370 2.017512899
124 60 3 100 4128846 2.017519032
118 107 3 100 61230 2.017529810
88 42 3 100 11802 2.017555719
31 55 3 100 2465 2.017648995
97 132 3 100 4824 2.017739754
7 156 3 100 1676424 2.017833833
67 146 3 100 50166 2.017839446
57 108 3 100 155932 2.017875702
63 19 3 100 45205 2.017880088
49 102 3 100 684 2.017895817
91 36 3 100 26093 2.017898538
7 39 3 100 66567 2.017909055
83 58 3 100 50751 2.017909159
108 40 3 100 5446 2.018055583
106 168 3 100 102794 2.018100161
36 188 3 100 26658 2.018100535
108 234 3 100 681 2.018137650
88 80 3 100 119183 2.018150343
15 36 3 100 4524355 2.018194503
54 10 3 100 26125 2.018366414
42 6 3 100 29770 2.018403970
72 116 3 100 1811 2.018417496
48 102 3 100 24131 2.018463555
19 117 3 100 209971 2.018477989
122 143 3 100 1509479 2.018480478
70 217 3 100 3705473 2.018558686
45 213 3 100 1081 2.018570996
45 124 3 100 26487 2.018577704
56 6 3 100 58888 2.018723765
78 40 3 100 21984 2.018773162
34 116 3 100 31924 2.018783436
86 27 3 100 15618 2.018826319
113 106 3 100 56238 2.018883231
112 26 3 100 859935 2.018902773
45 129 3 100 40363 2.018914167
27 165 3 100 10818408 2.018918268
98 245 3 100 19529955 2.018944186
111 2 3 100 7818 2.018988500
61 52 3 100 1511080 2.019000921
120 97 3 100 21756990 2.019031594
31 89 3 100 2466695 2.019056482
73 102 3 100 3242084 2.019087281
54 97 3 100 13641 2.019098644
55 19 3 100 687642 2.019152220
36 223 3 100 18335 2.019183158
62 151 3 100 124658 2.019231488
88 189 3 100 876042 2.019253889
0 49 3 100 77985 2.019272318
108 88 3 100 3330 2.019275467
67 58 3 100 1583967 2.019303427
30 54 3 100 3721 2.019326588
82 84 3 100 156842 2.019336002
26 76 3 100 21693 2.019427363
121 87 3 100 114080 2.019543290
34 153 3 100 700026 2.019549299
20 207 3 100 34957 2.019618278
106 230 3 100 24830 2.019669035
45 29 3 100 690 2.019684317
39 70 3 100 78592 2.019794402
29 30 3 100 7060 2.019828239
69 61 3 100 2862 2.019832624
106 39 3 100 4975044 2.019907176
102 6 3 100 18672 2.019911027
4 79 3 100 17360116 2.019921744
116 153 3 100 10962 2.019936728
97 207 3 100 8931980 2.019954799
86 151 3 100 39028 2.020086430
94 96 3 100 198827 2.020161225
106 75 3 100 8986781 2.020162209
85 106 3 100 53818 2.020186066
19 69 3 100 1091954 2.020307350
19 31 3 100 53195 2.020307896
38 31 3 100 20466524 2.020399992
60 57 3 100 45329 2.020427304
65 180 3 100 6224185 2.020455062
9 231 3 100 7622663 2.020502581
126 236 3 100 5774 2.020539883
27 114 3 100 3036339 2.020544539
89 13 3 100 53400 2.020555171
98 119 3 100 63112 2.020655934
93 111 3 100 37532 2.020701363
6 13 3 100 12502 2.020776527
3 96 3 100 1323301 2.020795085
126 16 3 100 1481207 2.020826336
12 145 3 100 2074792 2.020838138
84 237 3 100 18015142 2.020934962
32 196 3 100 38526 2.020966293
88 26 3 100 1804096 2.020967023
94 99 3 100 14268 2.020967446
89 30 3 100 98231 2.020987927
26 42 3 100 59954 2.020994454
122 66 3 100 1383526 2.021002545
111 52 3 100 72529 2.021071363
56 37 3 100 9627 2.021129910
47 212 3 100 2305628 2.021131312
31 133 3 100 28431 2.021169983
29 229 3 100 39708 2.021189137
112 6 3 100 24927 2.021191440
90 46 3 100 22100 2.021203413
26 46 3 100 25358 2.021358192
105 16 3 100 1654904 2.021378385
70 77 3 100 79594 2.021485802
6 102 3 100 20196 2.021506497
52 74 3 100 38103 2.021513445
89 194 3 100 99587 2.021604918
75 221 3 100 3701318 2.021622185
61 157 3 100 920245 2.021634589
11 6 3 100 2419147 2.021673051
10 115 3 100 24927 2.021699685
38 62 3 100 1819748 2.021850399
75 89 3 100 23248 2.021940479
22 28 3 100 7033 2.022011893
77 39 3 100 422433 2.022082081
95 3 3 100 52829 2.022114805
126 137 3 100 607332 2.022149026
16 138 3 100 380761 2.022149565
127 133 3 100 86770 2.022205240
12 92 3 100 9725 2.022300232
81 27 3 100 802581 2.022355847
50 5 3 100 4886438 2.022380323
35 117 3 100 50769 2.022407541
43 118 3 100 5736 2.022483029
8 30 3 100 111951 2.022602509
61 38 3 100 69930 2.022612947
84 217 3 100 22879 2.022638620
70 152 3 100 40314 2.022689492
14 162 3 100 10578 2.022714310
93 61 3 100 19025 2.022735508
86 72 3 100 7828 2.022755529
93 53 3 100 9829 2.022767756
55 22 3 100 5508793 2.022791867
15 92 3 100 3291136 2.022793967
18 121 3 100 169760 2.022807396
43 61 3 100 1605801 2.022826861
83 139 3 100 7761 2.022831863
25 201 3 100 6927 2.022850045
4 133 3 100 2626 2.022897564
20 101 3 100 660767 2.022918860
123 77 3 100 5673 2.022921942
14 112 3 100 242 2.022944757
32 127 3 100 6424869 2.022954311
112 52 3 100 1110785 2.022981022
78 28 3 100 69421 2.022994036
50 72 3 100 3871960 2.023039069
6 232 3 100 972751 2.023051424
117 216 3 100 2869836 2.023131654
11 143 3 100 25759 2.023187949
39 73 3 100 54726 2.023196262
51 100 3 100 34023 2.023206439
32 13 3 100 1698909 2.023211259
78 109 3 100 40163 2.023362700
63 65 3 100 5387 2.023470176
31 42 3 100 4409911 2.023486299
113 106 3 100 780069 2.023510290
57 253 3 100 1811873 2.023549908
17 135 3 100 2444 2.023585172
71 176 3 100 58777 2.023672828
25 50 3 100 52177 2.023727189
74 52 3 100 65225 2.023773995
10 106 3 100 5546655 2.023780541
114 89 3 100 59563 2.023795334
80 103 3 100 6695 2.023804238
100 71 3 100 142042 2.023855958
98 122 3 100 34152 2.023879548
4 145 3 100 5974 2.023948472
86 248 3 100 5016553 2.023968265
73 183 3 100 5191 2.023977232
55 31 3 100 1048450 2.023995801
60 84 3 100 311 2.024009687
110 67 3 100 9761059 2.024019647
88 42 3 100 1415873 2.024029282
44 57 3 100 7373757 2.024063992
120 93 3 100 91580 2.024109902
83 84 3 100 20259 2.024180385
20 156 3 100 3905403 2.024192814
122 146 3 100 661123 2.024214955
93 170 3 100 9751 2.024307630
112 31 3 100 2858 2.024363943
103 100 3 100 19263612 2.024370975
66 76 3 100 5986918 2.024376129
92 118 3 100 58846 2.024378172
103 69 3 100 77229 2.024463155
80 13 3 100 2546416 2.024530411
2 88 3 100 157191 2.024550024
91 221 3 100 57171 2.024576642
125 244 3 100 23949 2.024580606
41 135 3 100 1265225 2.024633836
59 45 3 100 61439 2.024642911
122 11 3 100 4989909 2.024667713
102 116 3 100 45791 2.024675695
72 23 3 100 20631 2.024699671
107 55 3 100 6764095 2.024737254
96 65 3 100 1246338 2.024742123
39 61 3 100 20972 2.024764976
85 231 3 100 1515644 2.024789098
40 141 3 100 67441 2.024807122
86 130 3 100 69765 2.024815410
98 127 3 100 4200944 2.024815445
58 32 3 100 27496 2.024829973
91 104 3 100 2797750 2.024863142
119 1 3 100 2755 2.024903845
103 25 3 100 17092 2.024990700
38 86 3 100 8704405 2.025047901
22 90 3 100 1829 2.025112720
72 213 3 100 9704 2.025139427
33 204 3 100 2542 2.025144461
25 159 3 100 35583 2.025148362
102 99 3 100 102442 2.025153324
114 48 3 100 73281 2.025178464
107 88 3 100 6137 2.025218682
37 124 3 100 8219409 2.025230196
77 47 3 100 4272561 2.025236429
39 98 3 100 27460 2.025238392
48 54 3 100 89649 2.025253054
68 235 3 100 117101 2.025334907
50 173 3 100 859 2.025402520
23 157 3 100 464518 2.025449981
117 122 3 100 4891317 2.025458493
74 5 3 100 8305172 2.025459442
52 55 3 100 4292 2.025481155
64 29 3 100 73895 2.025516961
122 125 3 100 4812174 2.025534019
2 92 3 100 1011311 2.025552415
7 121 3 100 5909905 2.025562044
35 217 3 100 79790 2.025584517
103 164 3 100 4033240 2.025589206
91 168 3 100 25039 2.025692609
52 81 3 100 2801729 2.025731455
96 107 3 100 2179937 2.025738723
8 28 3 100 68063 2.025782840
5 81 3 100 49153 2.025789469
127 36 3 100 65094 2.025854871
119 2 3 100 1035409 2.025920319
108 55 3 100 966171 2.025959670
2 161 3 100 4347 2.025990048
66 143 3 100 264488 2.026021244
118 245 3 100 1948644 2.026062627
17 61 3 100 79285 2.026125220
124 113 3 100 24719 2.026175646
67 119 3 100 80647 2.026184558
103 31 3 100 76552 2.026185413
38 110 3 100 2506719 2.026205133
21 101 3 100 3754 2.026227436
59 58 3 100 18657318 2.026259780
58 170 3 100 18013 2.026330922
104 181 3 100 1617 2.026471041
52 191 3 100 2676816 2.026526208
50 54 3 100 75253 2.026704411
124 35 3 100 47015 2.026724247
63 64 3 100 26235 2.026824695
93 35 3 100 101421 2.026841385
4 81 3 100 4961398 2.026920292
0 63 3 100 594603 2.026924520
80 35 3 100 1447885 2.026965201
72 209 3 100 12491 2.026973575
94 191 3 100 62131 2.026981953
75 192 3 100 7733 2.027018963
17 59 3 100 63934 2.027101281
39 43 3 100 40364 2.027165672
31 88 3 100 331751 2.027204152
48 5 3 100 165303 2.027210624
8 56 3 100 1838401 2.027229697
91 34 3 100 3306021 2.027273665
58 68 3 100 70740 2.027292900
97 252 3 100 8703 2.027328931
77 218 3 100 127045 2.027337791
112 204 3 100 6284712 2.027347854
39 67 3 100 3992 2.027363677
19 32 3 100 9962 2.027378424
70 32 3 100 42149 2.027388012
84 54 3 100 76043 2.027398367
51 97 3 100 5757 2.027437885
51 39 3 100 6864441 2.027527675
3 67 3 100 47219 2.027529573
125 214 3 100 6828182 2.027551671
90 156 3 100 36599 2.027563936
61 217 3 100 36475 2.027623147
121 40 3 100 16401 2.027696493
120 38 3 100 35404 2.027790748
49 91 3 100 140652 2.027878135
84 103 3 100 30198 2.027881435
61 37 3 100 41351 2.027903416
27 107 3 100 24945 2.027954133
86 13 3 100 190077 2.027985002
44 141 3 100 60659 2.028088656
93 138 3 100 24926 2.028089326
66 252 3 100 71468 2.028106596
33 88 3 100 16695 2.028112525
113 30 3 100 2026 2.028122352
16 81 3 100 9426 2.028156570
45 62 3 100 23450 2.028157033
107 106 3 100 1880042 2.028169872
108 70 3 100 2904 2.028353554
87 77 3 100 421313 2.028380814
98 150 3 100 23912 2.028455955
106 198 3 100 1228199 2.028460746
33 177 3 100 801344 2.028486031
6 101 3 100 9502952 2.028529934
63 86 3 100 24972 2.028574173
98 26 3 100 68160 2.028628125
99 18 3 100 2705514 2.028670864
4 18 3 100 24825 2.028671875
44 124 3 100 35167 2.028678377
65 115 3 100 11706 2.028678737
65 224 3 100 3122 2.028695692
76 211 3 100 1651461 2.028723441
34 239 3 100 25185 2.028779473
49 71 3 100 4214277 2.028848067
105 79 3 100 53713 2.028851392
18 121 3 100 3111174 2.028869907
8 49 3 100 1684554 2.028881606
33 107 3 100 59138 2.028882036
35 124 3 100 3158482 2.028888449
80 79 3 100 24909 2.028892214
45 225 3 100 2719 2.028910348
71 134 3 100 74071 2.028940451
14 153 3 100 55969 2.028963857
80 12 3 100 36963 2.028998238
6 90 3 100 45534 2.029059849
61 46 3 100 68369 2.029082912
107 13 3 100 9118 2.029084710
108 30 3 100 1008121 2.029182195
37 45 3 100 3198398 2.029278310
119 114 3 100 24977 2.029322074
28 225 3 100 43866 2.029326018
1 227 3 100 1631126 2.029332945
100 174 3 100 26131 2.029343643
120 83 3 100 1828179 2.029358000
54 9 3 100 3329033 2.029453612
125 79 3 100 1046 2.029458306
20 5 3 100 3871914 2.029493760
83 42 3 100 156588 2.029599103
39 6 3 100 63836 2.029627666
68 37 3 100 3043 2.029636534
32 155 3 100 6960 2.029657281
85 165 3 100 1211552 2.029742681
17 161 3 100 729060 2.029752637
52 55 3 100 33167 2.029801404
32 101 3 100 199231 2.029828104
8 71 3 100 1622029 2.030061556
33 62 3 100 7551 2.030125607
27 15 3 100 5994 2.030140597
94 115 3 100 896676 2.030173110
115 70 3 100 7915344 2.030189300
4 176 3 100 63389 2.030252035
99 229 3 100 1790714 2.030255624
11 251 3 100 46961 2.030266185
22 82 3 100 2733123 2.030337039
14 117 3 100 9280433 2.030344740
0 22 3 100 14447 2.030396772
102 53 3 100 7488943 2.030398211
92 48 3 100 5200 2.030445227
119 11 3 100 7059570 2.030490271
65 104 3 100 70416 2.030492633
86 249 3 100 45398 2.030544492
37 147 3 100 77982 2.030618131
124 227 3 100 6175 2.030638461
42 112 3 100 4247 2.030704126
117 22 3 100 42213 2.030710656
118 18 3 100 8887503 2.030741979
89 21 3 100 3543 2.030771893
60 47 3 100 1340978 2.030774392
55 15 3 100 34261 2.030798914
25 71 3 100 7880 2.030828092
105 152 3 100 1802 2.030864381
107 228 3 100 12821481 2.030943384
102 214 3 100 49509 2.030997594
61 51 3 100 396461 2.031004986
7 49 3 100 109287 2.031043617
127 104 3 100 23446 2.031140505
103 68 3 100 1905214 2.031185798
29 2 3 100 9589379 2.031207466
80 77 3 100 13925 2.031231870
66 95 3 100 2588387 2.031323901
108 149 3 100 17219 2.031364931
99 205 3 100 12334258 2.031368883
81 242 3 100 28510 2.031402015
104 73 3 100 6856186 2.031431692
86 25 3 100 4491 2.031435701
34 48 3 100 9443669 2.031442568
16 25 3 100 9213 2.031443535
48 46 3 100 42891 2.031531206
121 80 3 100 6253058 2.031537322
120 85 3 100 21840 2.031595637
20 193 3 100 567750 2.031631654
30 219 3 100 5344666 2.031671675
107 174 3 100 32165 2.031695929
39 24 3 100 28351 2.031714130
5 31 3 100 26961 2.031737861
82 120 3 100 28753526 2.031755389
100 33 3 100 4786951 2.031773402
126 42 3 100 4105343 2.031787208
105 30 3 100 390792 2.031824535
91 53 3 100 19402 2.031888774
82 239 3 100 76871 2.031896788
18 171 3 100 72629 2.031900506
9 131 3 100 385 2.031952973
18 71 3 100 101074 2.032030660
92 47 3 100 71128 2.032088040
71 3 3 100 11096 2.032153312
121 123 3 100 652901 2.032181419
43 89 3 100 31217 2.032233148
27 12 3 100 4547477 2.032330359
39 118 3 100 1738576 2.032441743
15 128 3 100 1181024 2.032509466
85 198 3 100 59646 2.032531436
73 207 3 100 3139732 2.032585840
37 15 3 100 551735 2.032598964
46 58 3 100 29046 2.032599150
99 46 3 100 56359 2.032752814
92 102 3 100 38435 2.032794078
107 84 3 100 244292 2.032817074
104 28 3 100 76438 2.032912036
26 16 3 100 7369671 2.032956183
120 229 3 100 26749 2.032958706
99 160 3 100 3572496 2.032985652
99 238 3 100 7140658 2.033005563
63 116 3 100 2514583 2.033044165
24 82 3 100 638596 2.033052211
63 29 3 100 1881 2.033067835
100 21 3 100 1687373 2.033079928
85 67 3 100 6179056 2.033147087
76 17 3 100 783416 2.033164148
24 36 3 100 51714 2.033287173
88 169 3 100 2096 2.033339724
62 134 3 100 7652460 2.033405860
112 253 3 100 64616 2.033444883
46 13 3 100 157547 2.033446411
107 64 3 100 1398641 2.033486101
110 95 3 100 933691 2.033533927
37 124 3 100 7671822 2.033540525
5 43 3 100 1782798 2.033544375
27 101 3 100 141976 2.033609559
42 122 3 100 459180 2.033636873
30 242 3 100 37478 2.033689025
13 227 3 100 165190 2.033701582
108 249 3 100 194722 2.033744869
92 62 3 100 27513 2.033799623
125 38 3 100 62368 2.033853703
60 30 3 100 140327 2.033890547
11 101 3 100 26001 2.033904355
22 102 3 100 4799973 2.033943503
59 96 3 100 36380 2.033946017
50 122 3 100 1358534 2.033969120
37 129 3 100 322658 2.034021459
48 160 3 100 22170 2.034041869
72 254 3 100 44128 2.034070370
17 87 3 100 15759 2.034082447
24 2 3 100 1366609 2.034097012
21 64 3 100 2458374 2.034102231
107 56 3 100 1737482 2.034110184
56 87 3 100 3659155 2.034133368
126 46 3 100 42209 2.034150441
33 71 3 100 5938099 2.034152568
76 242 3 100 1834196 2.034178816
97 156 3 100 45248 2.034184837
104 173 3 100 3513891 2.034190542
3 68 3 100 2058 2.034226626
79 94 3 100 7555046 2.034273516
22 15 3 100 55091 2.034277632
116 88 3 100 2237 2.034303293
17 25 3 100 7636149 2.034389823
80 51 3 100 69748 2.034422649
74 110 3 100 61244 2.034435010
7 181 3 100 4035330 2.034477823
24 191 3 100 62609 2.034487505
31 172 3 100 22865 2.034510260
63 45 3 100 21992 2.034530030
79 105 3 100 4241 2.034593340
73 88 3 100 854375 2.034599963
83 90 3 100 3969418 2.034625449
102 100 3 100 147029 2.034682944
4 31 3 100 2673893 2.034704268
100 119 3 100 20112571 2.034776024
61 205 3 100 8163 2.034852177
103 197 3 100 26771 2.034887486
127 190 3 100 2476513 2.034919890
76 74 3 100 25169 2.034922771
76 107 3 100 61252 2.034979482
44 100 3 100 60320 2.034990954
107 80 3 100 42742 2.035017926
46 83 3 100 25756725 2.035024514
75 71 3 100 10510722 2.035055746
124 99 3 100 49979 2.035056975
23 171 3 100 8965 2.035071108
71 174 3 100 41062 2.035078982
115 150 3 100 6949710 2.035140021
98 95 3 100 65607 2.035200610
14 53 3 100 26471868 2.035221690
7 17 3 100 2066946 2.035331105
20 32 3 100 6795 2.035374519
28 114 3 100 362113 2.035377920
48 63 3 100 13894 2.035413029
122 92 3 100 45012 2.035482568
84 187 3 100 219553 2.035564460
73 164 3 100 4863957 2.035582658
59 148 3 100 35047 2.035705476
20 107 3 100 44544 2.035773371
37 76 3 100 63554 2.035795650
93 21 3 100 1477692 2.035931680
108 107 3 100 27246 2.035976073
37 39 3 100 8551 2.036024570
107 34 3 100 11057 2.036035547
18 84 3 100 3317710 2.036052702
72 243 3 100 571436 2.036106902
25 215 3 100 1195441 2.036145981
45 173 3 100 6042714 2.036227980
43 117 3 100 49520 2.036230372
16 83 3 100 707628 2.036244650
124 110 3 100 1407358 2.036245345
33 32 3 100 5074 2.036255812
127 28 3 100 652309 2.036360455
117 51 3 100 8675742 2.036361239
82 53 3 100 1745663 2.036457355
17 154 3 100 131124 2.036481238
3 241 3 100 2176497 2.036488935
117 221 3 100 1614070 2.036507506
125 41 3 100 43945 2.036545823
89 52 3 100 4563755 2.036586814
71 16 3 100 5440433 2.036586827
124 113 3 100 38869 2.036591896
15 48 3 100 3029476 2.036674326
27 76 3 100 1038183 2.036722599
53 92 3 100 6112 2.036734152
64 169 3 100 69890 2.036737077
38 215 3 100 15791 2.036751396
4 169 3 100 85819 2.036753590
14 93 3 100 2696204 2.036799380
80 101 3 100 2268813 2.036817859
24 85 3 100 23995386 2.036859033
72 21 3 100 4363539 2.036926615
0 113 3 100 9923 2.036932806
32 86 3 100 6610 2.036937595
106 110 3 100 24895 2.037007741
56 156 3 100 819881 2.037087944
40 180 3 100 18652 2.037099537
23 189 3 100 2269 2.037116359
9 121 3 100 79608 2.037193239
22 121 3 100 19423 2.037252262
21 12 3 100 152112 2.037252814
77 41 3 100 148509 2.037303244
49 7 3 100 36408 2.037312975
68 121 3 100 37444 2.037360157
14 51 3 100 17161461 2.037373981
71 172 3 100 319815 2.037513578
108 177 3 100 21771 2.037556691
104 227 3 100 1186 2.037596759
35 49 3 100 1554954 2.037629443
12 32 3 100 36751 2.037653115
16 0 3 100 23846 2.037706201
40 70 3 100 73 2.037708704
29 36 3 100 9111036 2.037718818
15 40 3 100 25881 2.037800602
8 90 3 100 67721 2.037809928
37 221 3 100 250060 2.037831344
22 215 3 100 28116 2.037879059
83 171 3 100 52470 2.037909152
9 15 3 100 1009077 2.037964963
62 2 3 100 1414688 2.037970444
73 65 3 100 9815506 2.037976902
54 14 3 100 8127371 2.038044393
9 55 3 100 1902891 2.038081453
52 31 3 100 44312 2.038118670
3 65 3 100 17155 2.038123942
113 228 3 100 69109 2.038141294
76 132 3 100 1364959 2.038150161
117 184 3 100 60745 2.038160480
97 41 3 100 1058007 2.038231886
89 42 3 100 8176520 2.038239463
98 97 3 100 29774417 2.038267708
52 47 3 100 181167 2.038321345
62 38 3 100 6297260 2.038351674
103 119 3 100 24108 2.038399384
30 40 3 100 786799 2.038404323
32 177 3 100 155939 2.038415540
67 141 3 100 430 2.038445925
118 199 3 100 4202966 2.038503660
126 86 3 100 9578651 2.038551485
22 23 3 100 6888024 2.038559012
65 78 3 100 3663497 2.038571294
15 23 3 100 1527209 2.038573804
22 30 3 100 73022 2.038584435
85 102 3 100 26326 2.038677304
17 79 3 100 992256 2.038736860
1 174 3 100 1035277 2.038750898
107 226 3 100 912050 2.038781603
94 165 3 100 71461 2.038805745
80 104 3 100 3275537 2.038813090
107 2 3 100 16215221 2.038906310
0 101 3 100 1859555 2.038939216
42 93 3 100 6855 2.039039744
55 37 3 100 23139 2.039044582
103 104 3 100 692029 2.039133485
59 42 3 100 7465 2.039143566
56 204 3 100 3889496 2.039152322
21 133 3 100 1372 2.039167784
66 239 3 100 170797 2.039180336
45 59 3 100 229483 2.039193055
73 93 3 100 12734 2.039281456
46 66 3 100 2588 2.039325076
80 78 3 100 54583 2.039352471
62 6 3 100 2699967 2.039358635
18 84 3 100 62033 2.039383130
58 76 3 100 8800 2.039384942
118 145 3 100 72716 2.039398704
56 167 3 100 67459 2.039446925
13 131 3 100 24594 2.039515308
107 85 3 100 6981118 2.039577947
53 0 3 100 26855 2.039598087
35 118 3 100 37675 2.039604853
40 26 3 100 940442 2.039610897
67 124 3 100 59044 2.039664885
81 5 3 100 4126 2.039702377
117 16 3 100 2916547 2.039889839
68 129 3 100 1296114 2.039902752
78 200 3 100 7746315 2.039919940
107 158 3 100 4572991 2.039920320
102 104 3 100 26250829 2.039939102
104 127 3 100 112515 2.040021328
27 33 3 100 4987032 2.040062065
83 20 3 100 78936 2.040078684
81 59 3 100 1210927 2.040094514
65 49 3 100 33440 2.040136660
56 16 3 100 26389 2.040190668
62 234 3 100 197889 2.040209694
109 184 3 100 4740605 2.040211734
94 136 3 100 4496 2.040220428
13 73 3 100 94047 2.040277676
125 1 3 100 67664 2.040278255
47 67 3 100 745998 2.040338812
107 47 3 100 24515064 2.040351078
15 28 3 100 23060 2.040405249
62 28 3 100 27148987 2.040425470
87 58 3 100 58008 2.040578698
118 198 3 100 2279291 2.040618994
50 249 3 100 2382 2.040623605
84 196 3 100 982 2.040651739
89 120 3 100 1424072 2.040706244
20 44 3 100 1877290 2.040757416
58 119 3 100 51389 2.040759018
56 36 3 100 72094 2.040836483
29 94 3 100 26561 2.040841211
65 113 3 100 22116 2.040904425
64 57 3 100 428315 2.040908327
64 143 3 100 57520 2.040918412
27 133 3 100 20812493 2.040926815
7 198 3 100 71029 2.040947599
19 25 3 100 113862 2.040988299
34 92 3 100 785946 2.041056470
67 91 3 100 3801672 2.041075978
30 65 3 100 971870 2.041118250
124 76 3 100 18687 2.041226165
96 65 3 100 8242612 2.041257141
105 17 3 100 8606652 2.041260968
99 184 3 100 2182 2.041278948
84 230 3 100 21848 2.041282121
11 156 3 100 4974478 2.041396152
14 43 3 100 769 2.041440404
111 4 3 100 5509 2.041576224
120 65 3 100 874617 2.041610454
74 62 3 100 34473 2.041652617
18 74 3 100 37794 2.041724351
111 114 3 100 3867 2.041735624
125 26 3 100 48253 2.041838440
54 226 3 100 115262 2.041892231
97 235 3 100 19794 2.041911253
95 129 3 100 20271 2.041928567
97 56 3 100 47779 2.041936733
43 54 3 100 2560445 2.041978164
66 35 3 100 41198 2.041994512
16 85 3 100 1446951 2.042029607
65 123 3 100 62081 2.042049139
64 112 3 100 632614 2.042088724
107 86 3 100 1571304 2.042108926
104 243 3 100 9657 2.042145482
62 151 3 100 6724254 2.042207329
71 130 3 100 3443399 2.042215189
113 50 3 100 145 2.042217418
7 80 3 100 534140 2.042286167
64 56 3 100 9911994 2.042346065
15 21 3 100 64283 2.042367895
117 9 3 100 97198 2.042380866
107 109 3 100 562 2.042390359
18 45 3 100 21136 2.042397856
97 233 3 100 25099 2.042489753
77 240 3 100 20528 2.042503243
56 166 3 100 1916772 2.042506072
81 17 3 100 569046 2.042513760
93 109 3 100 4594511 2.042527591
16 45 3 100 27387 2.042536222
23 15 3 100 398310 2.042557823
98 23 3 100 1076086 2.042576961
52 38 3 100 6911 2.042580532
55 80 3 100 39486 2.042675649
4 201 3 100 33859 2.042734109
65 178 3 100 61598 2.042752746
1 175 3 100 4425 2.042754870
90 12 3 100 565934 2.042763860
35 81 3 100 1877294 2.042778074
47 34 3 100 154027 2.042895967
101 14 3 100 1735624 2.042975410
69 29 3 100 48262 2.042976787
74 98 3 100 16498 2.043003125
32 105 3 100 10429215 2.043040897
33 190 3 100 2270 2.043073357
41 139 3 100 29464 2.043093639
16 246 3 100 394139 2.043097440
19 116 3 100 1578227 2.043118815
114 99 3 100 1118911 2.043130755
94 56 3 100 8809 2.043145830
39 37 3 100 154208 2.043220885
15 68 3 100 33551 2.043223053
5 109 3 100 6368 2.043268178
4 5 3 100 29295 2.043280603
123 175 3 100 9981791 2.043320465
94 238 3 100 2558554 2.043347558
105 253 3 100 208419 2.043350626
105 18 3 100 2489 2.043352961
86 125 3 100 28095 2.043369025
78 94 3 100 4282963 2.043386348
2 79 3 100 39201 2.043400383
61 49 3 100 70116 2.043427659
44 118 3 100 25322 2.043451611
88 42 3 100 898374 2.043467297
76 195 3 100 3526041 2.043530146
89 215 3 100 1787631 2.043565574
82 191 3 100 139340 2.043583689
115 113 3 100 789805 2.043589660
97 63 3 100 540768 2.043590359
115 85 3 100 5911 2.043600783
125 2 3 100 7875 2.043657880
58 61 3 100 25476 2.043695121
80 53 3 100 1214995 2.043705170
33 71 3 100 27470808 2.043751679
125 173 3 100 1959082 2.043837057
79 231 3 100 135273 2.043853203
44 206 3 100 574727 2.043858627
8 100 3 100 4442 2.043872458
121 88 3 100 804198 2.043885068
80 33 3 100 64245 2.043922800
53 20 3 100 4213420 2.043948389
88 73 3 100 11428 2.043959242
126 70 3 100 37648 2.043977039
104 66 3 100 5500932 2.043983452
4 248 3 100 21013 2.044008173
26 128 3 100 1476 2.044093380
98 235 3 100 229230 2.044113851
37 68 3 100 27402817 2.044115533
75 121 3 100 68575 2.044131083
99 123 3 100 23630 2.044186578
8 65 3 100 1234641 2.044200520
67 85 3 100 73 2.044225439
99 79 3 100 38757 2.044247304
49 14 3 100 1193254 2.044265149
73 150 3 100 11377 2.044353840
31 147 3 100 7524458 2.044357722
123 179 3 100 60441 2.044360602
80 6 3 100 1152699 2.044373173
36 0 3 100 2704913 2.044400936
97 100 3 100 1003519 2.044453447
15 107 3 100 2245345 2.044468693
40 9 3 100 26024 2.044503056
43 126 3 100 5932071 2.044529691
118 9 3 100 1314070 2.044567495
47 154 3 100 7447961 2.044644322
35 145 3 100 124768 2.044649915
123 189 3 100 49067 2.044657299
14 41 3 100 588 2.044669801
120 25 3 100 1478795 2.044671232
108 76 3 100 1921969 2.044683024
47 14 3 100 8163 2.044703184
41 61 3 100 1447611 2.044731241
37 95 3 100 1526692 2.044767864
74 26 3 100 37253 2.044773312
24 145 3 100 984399 2.044782841
35 199 3 100 1819869 2.044844964
8 189 3 100 5453 2.044880379
49 24 3 100 39949 2.044902051
54 42 3 100 20776 2.044925861
68 90 3 100 43234 2.044954599
42 37 3 100 4517776 2.044974543
49 58 3 100 16202911 2.044975695
95 5 3 100 47620 2.044994712
84 122 3 100 2957818 2.045010457
98 214 3 100 25325 2.045014350
19 130 3 100 3911153 2.045029929
6 141 3 100 4338293 2.045040748
91 77 3 100 339 2.045070268
89 108 3 100 2866133 2.045139190
71 62 3 100 5243 2.045172460
112 75 3 100 40348 2.045195476
22 66 3 100 1747 2.045255664
22 114 3 100 1166 2.045287167
73 107 3 100 8559 2.045289640
57 241 3 100 29233 2.045296962
113 192 3 100 20576 2.045303435
24 212 3 100 9477974 2.045318207
19 42 3 100 2401751 2.045350841
53 103 3 100 735707 2.045377494
91 6 3 100 20370 2.045541693
120 86 3 100 14824219 2.045555215
110 39 3 100 1319590 2.045754547
122 113 3 100 9652151 2.045799828
15 11 3 100 24219 2.045817123
3 218 3 100 4250958 2.045856932
76 128 3 100 6159897 2.045888079
75 138 3 100 26186 2.045904309
43 76 3 100 22188 2.045959514
121 76 3 100 96009 2.045960351
73 47 3 100 153824 2.046072525
117 72 3 100 130475 2.046187790
41 2 3 100 45262 2.046207206
31 65 3 100 65855 2.046242755
15 88 3 100 883507 2.046285346
82 241 3 100 4975855 2.046352863
82 225 3 100 1890911 2.046364895
12 249 3 100 1738249 2.046375864
30 74 3 100 54741 2.046426041
125 90 3 100 542155 2.046530026
55 39 3 100 717 2.046601435
10 79 3 100 19800 2.046619521
123 49 3 100 76977 2.046644483
79 61 3 100 8527 2.046664057
83 69 3 100 1436268 2.046687327
40 133 3 100 68657 2.046712529
93 137 3 100 2966249 2.046714435
127 147 3 100 19060021 2.046716387
61 0 3 100 137254 2.046848520
8 35 3 100 7010248 2.046861324
72 66 3 100 5988 2.046918861
31 16 3 100 3776813 2.046922641
95 36 3 100 77766 2.046968873
46 40 3 100 43057 2.046975261
96 71 3 100 2403832 2.046987455
17 211 3 100 1021 2.047035522
38 172 3 100 1434553 2.047142601
109 178 3 100 6489 2.047190746
82 89 3 100 51491 2.047209142
79 125 3 100 180814 2.047219262
106 30 3 100 5125382 2.047243461
28 42 3 100 284545 2.047258212
51 10 3 100 68371 2.047271233
96 86 3 100 1150 2.047276174
66 9 3 100 4688 2.047284561
88 139 3 100 3655034 2.047339517
94 205 3 100 9653 2.047341995
114 194 3 100 15057 2.047390290
44 31 3 100 93717 2.047409716
23 94 3 100 70115 2.047437940
89 50 3 100 155695 2.047444464
60 101 3 100 64234 2.047551704
25 26 3 100 54974 2.047607931
100 67 3 100 8388 2.047620514
77 109 3 100 2299080 2.047641899
44 254 3 100 10729220 2.047704703
15 214 3 100 7633319 2.047773147
25 176 3 100 80421 2.047852819
28 24 3 100 22959887 2.048033492
123 36 3 100 785400 2.048041268
76 51 3 100 28055 2.048060289
30 70 3 100 88956 2.048077572
68 21 3 100 726 2.048114124
25 4 3 100 156608 2.048120406
87 18 3 100 2159552 2.048313093
36 234 3 100 527962 2.048351034
120 162 3 100 31862 2.048395300
38 141 3 100 27891 2.048519518
41 55 3 100 5039100 2.048556841
23 22 3 100 33514 2.048674464
38 33 3 100 64454 2.048692811
77 85 3 100 3554560 2.048751033
57 36 3 100 693029 2.048753660
56 1 3 100 21531 2.048769384
108 15 3 100 41456 2.048796986
94 215 3 100 6698964 2.048813286
37 135 3 100 3763 2.048813408
92 142 3 100 732495 2.048864005
3 104 3 100 3419050 2.048996258
26 59 3 100 16188 2.048997545
66 92 3 100 5905 2.049019450
119 104 3 100 9342231 2.049073378
81 33 3 100 4921874 2.049104961
33 42 3 100 4537 2.049140538
103 88 3 100 3856455 2.049164581
119 172 3 100 1859970 2.049209122
49 241 3 100 119538 2.049253629
36 162 3 100 4771 2.049262512
16 99 3 100 1332119 2.049290845
44 7 3 100 6574 2.049389020
29 58 3 100 6915103 2.049393176
32 21 3 100 1124928 2.049420514
2 87 3 100 66260 2.049439066
37 30 3 100 5926651 2.049442268
126 56 3 100 12786 2.049455019
46 251 3 100 23334794 2.049456725
17 247 3 100 1291 2.049478948
55 157 3 100 4489635 2.049600258
86 60 3 100 30649 2.049697650
3 72 3 100 3628616 2.049732111
28 102 3 100 158510 2.049751923
27 38 3 100 5927 2.049773970
63 102 3 100 7646732 2.049812354
33 62 3 100 26359301 2.049827108
14 71 3 100 11458286 2.049837269
107 157 3 100 27877 2.049882930
9 172 3 100 7772 2.049902248
114 235 3 100 27690 2.049948971
126 45 3 100 36652 2.049993134
89 83 3 100 62473 2.049997809
108 84 3 100 43325 2.050006664
68 62 3 100 2141458 2.050056046
20 58 3 100 27723 2.050157455
114 38 3 100 1434971 2.050265922
12 84 3 100 42786 2.050267338
78 133 3 100 26262 2.050315770
5 171 3 100 689538 2.050352470
125 241 3 100 1435324 2.050359340
100 40 3 100 532337 2.050367658
29 58 3 100 79954 2.050391676
8 49 3 100 47480 2.050426956
65 88 3 100 9902 2.050478354
78 63 3 100 22694 2.050520879
80 92 3 100 1289978 2.050550058
91 63 3 100 1931626 2.050614602
70 155 3 100 1587456 2.050623239
52 177 3 100 14779 2.050741818
91 253 3 100 116284 2.050795855
69 58 3 100 9168 2.050820182
109 91 3 100 68450 2.050840967
28 117 3 100 9357837 2.050850472
51 79 3 100 19323 2.050862173
77 50 3 100 8689 2.050942425
97 45 3 100 21841758 2.051024864
5 15 3 100 21475797 2.051064781
98 179 3 100 3666 2.051082547
62 246 3 100 54049 2.051085343
19 221 3 100 4233006 2.051117335
108 96 3 100 8768588 2.051162850
124 123 3 100 184 2.051183842
9 57 3 100 600 2.051224061
13 26 3 100 165 2.051364099
110 54 3 100 3917187 2.051386726
69 23 3 100 136057 2.051463437
117 46 3 100 25743 2.051480309
10 172 3 100 23144 2.051488765
21 224 3 100 74315 2.051551560
53 175 3 100 2454 2.051659340
104 127 3 100 108886 2.051686136
12 31 3 100 6070 2.051695473
47 34 3 100 312414 2.051721000
48 110 3 100 44774 2.051743825
70 7 3 100 6310921 2.051796745
100 48 3 100 1336825 2.051825167
73 26 3 100 1037519 2.051944470
120 185 3 100 62556 2.052047567
69 204 3 100 638819 2.052076644
102 145 3 100 4498811 2.052117907
89 91 3 100 60105 2.052122803
4 16 3 100 635357 2.052126829
72 66 3 100 6486 2.052140089
36 113 3 100 236 2.052205733
38 25 3 100 2366517 2.052250182
97 77 3 100 6017 2.052265471
11 20 3 100 27787 2.052280205
23 163 3 100 68779 2.052396771
50 255 3 100 17167 2.052409423
55 247 3 100 64875 2.052424892
3 76 3 100 4691 2.052463931
63 100 3 100 63541 2.052485943
48 91 3 100 23618797 2.052552424
74 57 3 100 795195 2.052604822
21 26 3 100 145366 2.052615616
115 67 3 100 62983 2.052673965
40 24 3 100 29861 2.052710384
15 223 3 100 20180 2.052822457
86 206 3 100 648105 2.052884514
120 202 3 100 1351895 2.052885361
45 16 3 100 5307 2.052886862
49 14 3 100 10767 2.052958833
105 72 3 100 4473 2.052996516
34 49 3 100 3631388 2.053021149
94 106 3 100 61908 2.053061973
93 103 3 100 31352 2.053118470
93 103 3 100 63445 2.053132021
87 188 3 100 11513223 2.053147827
17 160 3 100 4391 2.053159299
61 190 3 100 8980 2.053167890
6 69 3 100 39830 2.053190952
70 67 3 100 81052 2.053238188
80 11 3 100 5114473 2.053264334
53 118 3 100 1262661 2.053301492
14 120 3 100 59844 2.053305743
95 55 3 100 44230 2.053386675
4 56 3 100 27953 2.053392476
83 247 3 100 1246 2.053525146
87 215 3 100 34459 2.053565613
57 165 3 100 1815036 2.053592714
56 113 3 100 7179192 2.053742199
15 97 3 100 61937 2.053816979
100 4 3 100 33928 2.053830944
2 36 3 100 4073171 2.053884125
119 56 3 100 6724 2.053903636
121 54 3 100 5264 2.053930230
73 87 3 100 17690 2.053932546
124 131 3 100 22164 2.054006799
51 146 3 100 1466577 2.054025301
103 150 3 100 95816 2.054166564
117 90 3 100 39650 2.054180259
4 101 3 100 71885 2.054209375
10 58 3 100 45307 2.054230796
116 53 3 100 2134704 2.054261285
61 127 3 100 111241 2.054307193
0 79 3 100 1908703 2.054377544
61 95 3 100 488194 2.054479875
34 142 3 100 27735 2.054539255
80 224 3 100 4186 2.054569878
110 171 3 100 1472326 2.054571483
77 117 3 100 71537 2.054623366
12 35 3 100 3571452 2.054655558
34 10 3 100 73612 2.054671203
88 35 3 100 1646959 2.054763843
41 91 3 100 39637 2.054771675
88 41 3 100 7077204 2.054860883
15 73 3 100 4391 2.054861113
34 215 3 100 184082 2.054864136
76 235 3 100 5742563 2.054899271
44 186 3 100 102479 2.054929256
124 5 3 100 5804 2.054970146
49 48 3 100 26945 2.054972967
74 51 3 100 2840885 2.055020982
67 80 3 100 66530 2.055155291
15 19 3 100 69704 2.055200403
61 88 3 100 2172490 2.055241412
125 66 3 100 42 2.055252524
41 250 3 100 54039 2.055254091
9 189 3 100 779179 2.055328664
56 214 3 100 2610 2.055388353
80 100 3 100 8947358 2.055392665
14 106 3 100 47621 2.055468180
33 110 3 100 29623 2.055502130
83 108 3 100 156513 2.055572685
106 38 3 100 67666 2.055592081
97 26 3 100 170036 2.055691997
32 86 3 100 21847 2.055793182
2 179 3 100 9372 2.055855047
60 220 3 100 18303 2.055859953
9 153 3 100 2488 2.055908718
77 22 3 100 10030 2.055953648
103 112 3 100 950889 2.055967037
8 98 3 100 5501 2.055985595
59 29 3 100 1360844 2.055990006
98 50 3 100 26286 2.056003884
115 85 3 100 85530 2.056009359
81 43 3 100 31333 2.056029551
124 198 3 100 29669 2.056043813
25 248 3 100 23850 2.056073301
77 185 3 100 165716 2.056084645
46 45 3 100 1345324 2.056158087
32 61 3 100 2091 2.056213053
31 27 3 100 9164748 2.056221700
100 0 3 100 20126 2.056229784
114 83 3 100 700191 2.056230482
7 127 3 100 6192382 2.056232273
15 3 3 100 34940 2.056244941
14 188 3 100 147949 2.056272828
86 164 3 100 8349634 2.056301651
123 193 3 100 1718 2.056315934
11 5 3 100 4523193 2.056346109
50 20 3 100 28746 2.056356886
4 46 3 100 85028 2.056422620
5 102 3 100 8641347 2.056520907
60 24 3 100 1688417 2.056599553
19 66 3 100 84541 2.056618595
119 105 3 100 62563 2.056645078
72 156 3 100 3690826 2.056662168
80 225 3 100 24417 2.056763266
2 164 3 100 555912 2.056797652
120 97 3 100 245998 2.056836765
12 29 3 100 5326 2.056880072
97 17 3 100 1492 2.056954637
36 91 3 100 7151141 2.057009301
107 125 3 100 44870 2.057025885
117 52 3 100 4173260 2.057200765
31 56 3 100 25828 2.057220405
84 235 3 100 40847 2.057379488
18 214 3 100 8941 2.057389168
83 186 3 100 4734 2.057498957
17 121 3 100 34150 2.057598256
71 110 3 100 8580 2.057804063
5 83 3 100 61320 2.057822714
8 6 3 100 18195 2.057852062
4 11 3 100 29199684 2.057880210
49 124 3 100 1773098 2.057893104
38 44 3 100 1420169 2.057897605
122 252 3 100 1006648 2.057912138
52 149 3 100 19697 2.057932556
37 249 3 100 76100 2.057946839
99 10 3 100 63724 2.057965465
74 70 3 100 2700086 2.058068513
66 24 3 100 1171749 2.058068655
21 121 3 100 16898 2.058077758
41 66 3 100 3091662 2.058122070
120 66 3 100 4110 2.058162679
14 64 3 100 39625 2.058186872
36 210 3 100 5421436 2.058214089
111 215 3 100 4019773 2.058268584
94 187 3 100 72700 2.058278188
109 18 3 100 23067 2.058292583
66 65 3 100 71018 2.058296447
77 93 3 100 92355 2.058311596
56 86 3 100 621910 2.058320700
18 26 3 100 1192800 2.058323901
28 55 3 100 6034 2.058343475
30 75 3 100 57421 2.058429150
61 157 3 100 267 2.058432175
86 224 3 100 7235891 2.058474001
7 219 3 100 4308631 2.058477792
116 115 3 100 7271341 2.058511352
34 40 3 100 63758 2.058551110
79 82 3 100 176501 2.058605330
38 37 3 100 62681 2.058671174
55 26 3 100 9856652 2.058694697
4 87 3 100 52962 2.058695284
111 60 3 100 1261 2.058705496
109 211 3 100 27178 2.058728766
63 218 3 100 1838334 2.058781464
10 138 3 100 51979 2.058831747
58 101 3 100 4817280 2.058861966
98 102 3 100 17842 2.058873118
104 121 3 100 796536 2.058879798
85 56 3 100 16010 2.058921536
51 81 3 100 164371 2.058943137
40 55 3 100 19778 2.058959746
71 81 3 100 47409 2.058989926
114 171 3 100 3039719 2.059029878
127 140 3 100 4243 2.059046533
121 153 3 100 5621249 2.059121777
75 49 3 100 57028 2.059123164
39 117 3 100 71499 2.059130425
2 31 3 100 20231 2.059136558
86 15 3 100 1047587 2.059204656
21 83 3 100 9022602 2.059357480
1 72 3 100 553071 2.059360454
73 79 3 100 63926 2.059403663
65 220 3 100 370734 2.059459531
98 143 3 100 26536 2.059501144
54 223 3 100 591237 2.059505509
124 112 3 100 7039 2.059658288
101 86 3 100 33433 2.059669503
22 76 3 100 5953390 2.059679475
50 11 3 100 64066 2.059688080
6 25 3 100 223328 2.059692944
108 66 3 100 67433 2.059695487
72 51 3 100 5151 2.059728749
17 165 3 100 169182 2.059761167
13 168 3 100 592534 2.059778208
68 249 3 100 224722 2.059786595
36 22 3 100 53644 2.059811259
85 32 3 100 110592 2.059845309
48 47 3 100 1275809 2.059845339
36 11 3 100 364 2.059872333
45 18 3 100 559002 2.059996021
8 84 3 100 74126 2.060170915
0 103 3 100 25523 2.060203305
73 187 3 100 4726173 2.060215605
34 221 3 100 67205 2.060250647
46 158 3 100 1560656 2.060314195
42 22 3 100 895848 2.060357952
49 113 3 100 41695 2.060521366
82 55 3 100 2148 2.060564476
0 9 3 100 1000933 2.060610306
33 63 3 100 47998 2.060761259
126 71 3 100 72840 2.060764293
113 18 3 100 5391 2.060784445
5 208 3 100 2787839 2.060797446
9 167 3 100 1839964 2.060812454
1 200 3 100 27154219 2.060854688
102 100 3 100 29857 2.060896161
104 84 3 100 21416 2.060911472
48 2 3 100 219471 2.060911801
95 118 3 100 3300623 2.060922596
25 2 3 100 9663581 2.060930350
77 126 3 100 2899847 2.061028869
48 10 3 100 4967242 2.061052824
54 210 3 100 87692 2.061062225
50 149 3 100 9391466 2.061067844
94 192 3 100 30055 2.061075108
95 47 3 100 293 2.061133294
6 114 3 100 3473 2.061216611
77 73 3 100 73018 2.061245111
124 79 3 100 41773 2.061291835
110 91 3 100 54863 2.061329738
26 53 3 100 70215 2.061400499
31 11 3 100 63218 2.061428186
100 254 3 100 1504 2.061432457
28 217 3 100 3258659 2.061449144
35 154 3 100 50226 2.061499713
57 13 3 100 1149847 2.061501985
21 28 3 100 5776758 2.061540447
33 60 3 100 78289 2.061546550
72 106 3 100 285845 2.061583639
114 85 3 100 21023 2.061600480
84 0 3 100 29175 2.061634304
115 104 3 100 1726316 2.061730020
71 158 3 100 9884 2.061819915
86 195 3 100 24875 2.061862576
12 194 3 100 3582469 2.061870020
47 67 3 100 7104 2.061906777
25 58 3 100 27862 2.061957302
100 87 3 100 31113 2.062007900
61 7 3 100 5488422 2.062079872
51 41 3 100 1208308 2.062090224
49 37 3 100 47355 2.062166425
91 47 3 100 53265 2.062170108
49 190 3 100 4835 2.062176489
54 199 3 100 46600 2.062251616
53 183 3 100 9147 2.062272997
18 2 3 100 195570 2.062284584
63 75 3 100 43929 2.062336934
36 113 3 100 159361 2.062342012
27 46 3 100 143209 2.062422852
79 22 3 100 8902 2.062430011
45 88 3 100 4351519 2.062436615
99 3 3 100 1116721 2.062493575
111 231 3 100 6876275 2.062556574
115 194 3 100 19260 2.062565739
27 186 3 100 87444 2.062593359
71 126 3 100 73412 2.062601656
102 62 3 100 65714 2.062662369
33 70 3 100 111162 2.062666969
34 108 3 100 816007 2.062678948
108 11 3 100 15276 2.062772242
27 3 3 100 9212 2.062845627
36 98 3 100 50190 2.062858199
106 226 3 100 8111 2.062915124
86 139 3 100 271439 2.062968954
120 140 3 100 87807 2.063054579
107 67 3 100 1651739 2.063068178
24 121 3 100 18288 2.063087390
41 85 3 100 3887613 2.063105210
123 46 3 100 4541689 2.063121776
123 127 3 100 3942 2.063124763
104 74 3 100 3072100 2.063170716
57 111 3 100 147182 2.063202123
27 167 3 100 5284826 2.063213347
76 131 3 100 316106 2.063244514
42 226 3 100 270385 2.063392742
55 64 3 100 2749855 2.063423663
29 44 3 100 2684 2.063446335
81 44 3 100 54764 2.063466692
56 118 3 100 8738 2.063479350
2 72 3 100 17897177 2.063575036
0 42 3 100 8793572 2.063758704
41 47 3 100 67756 2.063828329
61 173 3 100 846359 2.063830402
123 189 3 100 4217074 2.063896091
36 166 3 100 6201 2.063903746
65 82 3 100 4801740 2.063979452
66 113 3 100 5942056 2.063989931
90 121 3 100 3561 2.063996924
1 35 3 100 139172 2.064043438
98 61 3 100 12633403 2.064048918
39 119 3 100 4261 2.064092958
17 62 3 100 829732 2.064170709
15 243 3 100 64990 2.064173660
73 227 3 100 82430 2.064224078
82 210 3 100 71743 2.064337790
97 86 3 100 79493 2.064370777
82 33 3 100 1795650 2.064388926
23 89 3 100 2038713 2.064408636
82 126 3 100 1435416 2.064499210
18 15 3 100 27227 2.064527565
11 115 3 100 4008096 2.064548695
79 29 3 100 985557 2.064558115
98 148 3 100 14297 2.064708226
48 204 3 100 66521 2.064732148
8 214 3 100 197693 2.064759809
97 47 3 100 24699 2.064800935
57 9 3 100 147305 2.064802495
122 9 3 100 183077 2.064859179
121 40 3 100 28216 2.064884087
29 30 3 100 156241 2.064891717
53 20 3 100 38588 2.064965087
84 75 3 100 13192 2.064997920
18 191 3 100 453248 2.065045834
76 227 3 100 35411 2.065100994
97 219 3 100 20511 2.065113795
99 119 3 100 848285 2.065129334
12 69 3 100 33358 2.065159702
38 49 3 100 3736590 2.065190750
24 41 3 100 24836 2.065240316
26 38 3 100 7404797 2.065242754
94 66 3 100 72415 2.065266944
62 92 3 100 2899339 2.065326472
105 177 3 100 135641 2.065361194
69 200 3 100 35849 2.065402978
73 140 3 100 5070275 2.065461765
123 48 3 100 112920 2.065481264
62 60 3 100 7666031 2.065524441
33 20 3 100 10995 2.065599169
116 79 3 100 691817 2.065630914
36 10 3 100 873041 2.065679378
19 11 3 100 9038850 2.065695597
115 126 3 100 3703718 2.065745283
52 158 3 100 29057 2.065765995
127 221 3 100 6145925 2.065914604
115 231 3 100 238953 2.065915909
115 119 3 100 882881 2.065948530
21 30 3 100 62461 2.065993885
84 8 3 100 51488 2.066051627
87 45 3 100 1910 2.066111484
80 109 3 100 12841 2.066111796
3 52 3 100 4996 2.066131182
57 101 3 100 7825 2.066171450
86 214 3 100 894334 2.066197999
37 205 3 100 105657 2.066208180
126 246 3 100 1915913 2.066243222
103 65 3 100 199381 2.066306170
81 1 3 100 54432 2.066365700
93 4 3 100 267249 2.066370043
0 45 3 100 744340 2.066391277
86 82 3 100 8284988 2.066430652
20 36 3 100 38786 2.066454346
109 96 3 100 1903026 2.066582557
96 134 3 100 4602336 2.066620668
110 230 3 100 75327 2.066646699
97 164 3 100 369996 2.066657621
43 87 3 100 165556 2.066672146
107 114 3 100 161739 2.066683253
82 67 3 100 3313909 2.066700676
119 39 3 100 29707 2.066729157
72 76 3 100 1382539 2.066754488
16 106 3 100 113760 2.066791940
97 47 3 100 43030 2.066792035
24 150 3 100 18680 2.066918898
34 175 3 100 2779086 2.066967148
69 134 3 100 38783 2.067027316
30 113 3 100 585773 2.067073155
124 56 3 100 19609 2.067126072
54 72 3 100 4440 2.067221723
28 126 3 100 33039 2.067230086
116 40 3 100 467779 2.067259285
14 75 3 100 916778 2.067265675
106 2 3 100 26086 2.067341685
90 187 3 100 9061 2.067354055
89 184 3 100 77933 2.067502016
93 141 3 100 6175270 2.067507575
123 51 3 100 1325078 2.067557017
108 19 3 100 107005 2.067576479
124 101 3 100 852261 2.067598818
3 121 3 100 118239 2.067617460
93 14 3 100 17686 2.067630666
55 1 3 100 5183 2.067673074
45 124 3 100 584 2.067756031
88 192 3 100 111096 2.067762368
108 175 3 100 97709 2.067847924
18 251 3 100 4262066 2.067880882
37 103 3 100 61740 2.067884745
45 101 3 100 32385 2.067950855
17 34 3 100 9563677 2.067990722
14 26 3 100 140265 2.067995165
7 48 3 100 20168 2.068004196
48 0 3 100 1594646 2.068050054
96 61 3 100 51341 2.068058715
37 182 3 100 126618 2.068089548
90 129 3 100 749933 2.068090655
124 242 3 100 66585 2.068107885
73 90 3 100 9609 2.068134357
98 16 3 100 804067 2.068149070
36 63 3 100 157548 2.068165600
19 69 3 100 65486 2.068174353
28 114 3 100 59286 2.068182280
59 85 3 100 96929 2.068198620
22 75 3 100 1231474 2.068255201
63 201 3 100 2047875 2.068267673
105 232 3 100 619915 2.068291172
52 133 3 100 8850686 2.068293886
39 118 3 100 8767825 2.068323069
123 113 3 100 588889 2.068428722
87 106 3 100 1997 2.068452465
73 76 3 100 293108 2.068521014
93 83 3 100 52901 2.068557785
116 30 3 100 974948 2.068613059
34 40 3 100 46611 2.068614523
13 148 3 100 32154 2.068656742
33 138 3 100 55920 2.068735766
24 203 3 100 70229 2.068805082
104 57 3 100 17928 2.069029580
25 1 3 100 22802 2.069040228
49 38 3 100 42122 2.069058921
124 74 3 100 26862 2.069126152
117 11 3 100 48780 2.069147408
10 48 3 100 57044 2.069147699
56 38 3 100 4274270 2.069163610
13 238 3 100 9834 2.069179059
57 176 3 100 7947617 2.069208494
54 214 3 100 23926 2.069221224
125 57 3 100 371635 2.069362640
27 76 3 100 3835056 2.069363744
25 23 3 100 71530 2.069368673
107 95 3 100 3169091 2.069386371
127 70 3 100 232 2.069415344
44 104 3 100 1295631 2.069430473
60 38 3 100 572989 2.069451230
51 137 3 100 29704 2.069516906
38 236 3 100 26307316 2.069657330
71 244 3 100 27710 2.069670435
17 21 3 100 51645 2.069675507
26 127 3 100 6385458 2.069698134
56 69 3 100 38209 2.069703562
35 51 3 100 38704 2.069767205
59 98 3 100 2885739 2.069775553
95 25 3 100 2048818 2.069792903
70 127 3 100 77632 2.069833012
13 230 3 100 11522 2.069843028
67 228 3 100 28467 2.069852904
106 130 3 100 7221427 2.069864694
37 62 3 100 3904399 2.069865816
50 83 3 100 22539 2.069872080
12 22 3 100 21689 2.069933986
115 43 3 100 3677372 2.070045882
101 0 3 100 2364497 2.070102132
96 84 3 100 577493 2.070134139
28 107 3 100 70916 2.070140436
23 199 3 100 19287 2.070213966
81 131 3 100 17161 2.070229449
25 185 3 100 7015 2.070275742
55 52 3 100 17948 2.070370056
92 126 3 100 54468 2.070419594
106 107 3 100 140612 2.070428251
113 3 3 100 188638 2.070469327
97 107 3 100 900583 2.070535136
89 31 3 100 149364 2.070581184
16 75 3 100 650986 2.070646441
35 190 3 100 60178 2.070751701
57 178 3 100 25368 2.070773507
39 180 3 100 68309 2.070869122
29 4 3 100 8391 2.070899933
117 93 3 100 77025 2.070927058
56 47 3 100 1672322 2.070933290
47 46 3 100 192920 2.070985965
111 84 3 100 73709 2.071027834
90 55 3 100 928698 2.071064322
37 21 3 100 58700 2.071070760
62 235 3 100 2121184 2.071082740
39 132 3 100 30595 2.071112094
95 176 3 100 57896 2.071190874
0 115 3 100 36390 2.071208097
103 51 3 100 1838671 2.071235154
26 104 3 100 3218 2.071272056
38 104 3 100 21229 2.071300217
46 34 3 100 6026155 2.071308387
94 47 3 100 5681504 2.071336289
9 50 3 100 768874 2.071403561
36 219 3 100 33279 2.071478723
41 214 3 100 23844 2.071572578
74 196 3 100 622062 2.071638708
120 12 3 100 11923074 2.071778876
0 17 3 100 192856 2.071797239
45 112 3 100 22510301 2.071826018
54 118 3 100 197839 2.071835717
18 99 3 100 43257 2.071873333
49 41 3 100 48586 2.071879932
64 13 3 100 75015 2.071881456
96 242 3 100 8752 2.071887922
52 235 3 100 3543 2.071893275
122 170 3 100 53790 2.071925490
64 37 3 100 7724 2.071935692
124 66 3 100 4878793 2.072008432
13 48 3 100 19449 2.072021070
104 75 3 100 3850181 2.072022846
29 124 3 100 49300 2.072033558
7 120 3 100 43636 2.072079691
68 107 3 100 238050 2.072122770
21 213 3 100 62936 2.072152558
0 235 3 100 7887 2.072185297
49 236 3 100 20113 2.072203157
71 105 3 100 139975 2.072250563
66 101 3 100 76087 2.072290519
89 120 3 100 65451 2.072291979
96 44 3 100 29499 2.072376164
109 86 3 100 154053 2.072387550
47 44 3 100 7638 2.072597761
100 207 3 100 9803 2.072599586
12 168 3 100 510452 2.072605784
63 175 3 100 4748568 2.072621287
121 123 3 100 8950814 2.072688755
53 6 3 100 48810 2.072689478
20 11 3 100 2465 2.072787550
112 111 3 100 151135 2.072882529
94 29 3 100 77228 2.072889083
32 122 3 100 4416271 2.073038992
19 34 3 100 138939 2.073042320
48 197 3 100 12122 2.073165809
109 150 3 100 32865 2.073181528
56 201 3 100 3937760 2.073193134
106 113 3 100 750293 2.073272021
71 123 3 100 71910 2.073298204
47 123 3 100 77413 2.073305045
24 48 3 100 776954 2.073331439
52 113 3 100 8303153 2.073422490
48 46 3 100 10117 2.073460797
60 50 3 100 40776 2.073464125
110 155 3 100 460832 2.073469532
42 243 3 100 2675209 2.073492736
18 246 3 100 763196 2.073519737
107 116 3 100 61388 2.073558767
43 127 3 100 822860 2.073561795
105 69 3 100 18564701 2.073594808
40 22 3 100 74946 2.073796956
13 8 3 100 16691 2.073853643
25 59 3 100 47409 2.073891961
49 116 3 100 65846 2.073952262
95 142 3 100 7224 2.074042549
73 226 3 100 57215 2.074046360
102 199 3 100 1612223 2.074067846
30 116 3 100 2671 2.074101585
19 71 3 100 1483209 2.074104847
12 45 3 100 59248 2.074120163
19 92 3 100 1913217 2.074143961
72 124 3 100 1286428 2.074214592
15 51 3 100 74634 2.074222642
15 32 3 100 8913539 2.074222833
13 250 3 100 49293 2.074243393
19 231 3 100 3807 2.074266388
17 242 3 100 23023 2.074308149
16 50 3 100 210 2.074337642
65 50 3 100 9092998 2.074421442
32 79 3 100 486928 2.074448470
54 10 3 100 5309879 2.074460269
10 44 3 100 3805695 2.074531678
27 21 3 100 12444 2.074543136
0 108 3 100 780808 2.074563638
83 225 3 100 7720983 2.074706910
11 144 3 100 8448 2.074739612
8 197 3 100 46157 2.074763471
54 46 3 100 777 2.074801391
86 63 3 100 8322159 2.074804829
121 88 3 100 9668694 2.074823795
35 31 3 100 49286 2.074830843
115 21 3 100 9429139 2.074935879
109 118 3 100 173865 2.074950831
97 73 3 100 1691219 2.074965191
12 222 3 100 83232 2.075048574
24 179 3 100 3668912 2.075062828
14 199 3 100 15708 2.075071003
99 96 3 100 889386 2.075076707
1 75 3 100 1473153 2.075087084
72 56 3 100 4259369 2.075154200
70 52 3 100 4873708 2.075167170
122 113 3 100 221972 2.075194745
15 99 3 100 3397 2.075227065
61 46 3 100 5147 2.075237072
76 224 3 100 2648090 2.075290251
35 175 3 100 14461 2.075323073
73 138 3 100 48663 2.075326657
35 126 3 100 30364 2.075331945
82 126 3 100 4329 2.075361149
77 21 3 100 27334346 2.075372877
6 69 3 100 24556 2.075442735
27 93 3 100 2839881 2.075524914
111 27 3 100 25625 2.075530936
76 32 3 100 3044301 2.075553771
27 217 3 100 9833 2.075602045
93 210 3 100 49014 2.075626840
41 160 3 100 4219405 2.075654348
13 64 3 100 74578 2.075663440
83 60 3 100 1244782 2.075670919
90 115 3 100 47522 2.075704107
62 8 3 100 699361 2.075738052
81 103 3 100 3433 2.075758018
72 97 3 100 1536970 2.075783661
59 9 3 100 1459250 2.075797293
104 239 3 100 9765 2.075842014
21 220 3 100 22798453 2.075881183
16 251 3 100 8654 2.075916455
92 114 3 100 17711 2.075952058
86 48 3 100 1607759 2.075989575
80 18 3 100 20316 2.076030579
41 96 3 100 8012766 2.076050530
92 124 3 100 787635 2.076114047
97 90 3 100 1339919 2.076192000
117 42 3 100 40235 2.076395482
94 150 3 100 655327 2.076427227
120 215 3 100 27225 2.076479922
38 246 3 100 19409 2.076492615
54 41 3 100 1028621 2.076529238
125 73 3 100 61345 2.076540194
105 87 3 100 4424180 2.076573232
54 23 3 100 2280 2.076654166
35 65 3 100 2366393 2.076659908
32 92 3 100 714966 2.076688029
79 49 3 100 35855 2.076776012
78 152 3 100 8606 2.076781479
11 224 3 100 1313163 2.076802849
84 149 3 100 53486 2.076850096
114 53 3 100 1244474 2.076855187
86 105 3 100 1073007 2.077005742
79 87 3 100 3114611 2.077012955
54 58 3 100 1903 2.077035623
109 116 3 100 60048 2.077035637
73 11 3 100 35609 2.077059608
14 37 3 100 1568710 2.077090912
76 229 3 100 44250 2.077104010
65 248 3 100 17961 2.077108946
0 127 3 100 2864539 2.077146404
116 69 3 100 9756 2.077206862
10 126 3 100 4447638 2.077235905
26 28 3 100 33414 2.077301159
85 7 3 100 32021 2.077322044
98 56 3 100 3218290 2.077337765
105 87 3 100 15214 2.077349421
102 194 3 100 8235157 2.077362856
127 132 3 100 5209 2.077378955
65 169 3 100 754 2.077474386
93 8 3 100 2643 2.077487178
8 3 3 100 66513 2.077529354
91 104 3 100 70241 2.077532915
117 115 3 100 79757 2.077586061
87 30 3 100 25995 2.077622403
93 101 3 100 9242 2.077684985
102 125 3 100 1630638 2.077718190
64 159 3 100 36178 2.077724339
62 184 3 100 72120 2.077734408
0 183 3 100 11746188 2.077825319
78 53 3 100 1579664 2.077854426
84 120 3 100 3669897 2.077881156
118 24 3 100 56173 2.078018626
54 22 3 100 34411 2.078059051
89 28 3 100 14842 2.078064868
51 69 3 100 46127 2.078108803
106 241 3 100 3841449 2.078170354
23 221 3 100 3344933 2.078222504
84 165 3 100 88541 2.078240906
64 70 3 100 2704745 2.078282457
84 101 3 100 2556384 2.078311921
19 78 3 100 57900 2.078515566
102 41 3 100 146497 2.078526715
5 61 3 100 4349 2.078534200
81 26 3 100 10459 2.078546785
12 14 3 100 20279 2.078588513
23 130 3 100 120128 2.078624547
56 237 3 100 1502 2.078665351
62 226 3 100 920170 2.078696641
11 108 3 100 376 2.078737973
90 53 3 100 7811365 2.078772567
112 80 3 100 17308 2.078782800
46 25 3 100 54200 2.078784822
74 107 3 100 1009027 2.078824764
41 97 3 100 1260 2.078841322
81 30 3 100 1892573 2.078844117
51 189 3 100 22553 2.078853467
63 244 3 100 9375 2.078866241
15 174 3 100 8454 2.078888073
37 73 3 100 8836 2.078896329
25 64 3 100 9213 2.078929506
101 27 3 100 1387716 2.079050965
38 89 3 100 2187548 2.079082658
107 74 3 100 19494 2.079098387
55 60 3 100 6853002 2.079133038
42 211 3 100 47129 2.079161147
64 202 3 100 1577872 2.079172955
107 148 3 100 365596 2.079209019
91 111 3 100 151903 2.079223019
56 102 3 100 24270581 2.079242147
65 74 3 100 502779 2.079267589
125 33 3 100 3675 2.079276325
97 46 3 100 17079 2.079301658
48 58 3 100 1995514 2.079341806
118 63 3 100 51792 2.079381787
7 174 3 100 1365466 2.079392366
88 179 3 100 744478 2.079416811
62 143 3 100 19150 2.079427451
18 67 3 100 69809 2.079431124
79 85 3 100 1075026 2.079502193
126 17 3 100 964316 2.079563642
32 105 3 100 26714 2.079586193
105 43 3 100 746175 2.079591115
62 35 3 100 21059 2.079625550
84 104 3 100 1854598 2.079631684
42 181 3 100 198562 2.079701803
77 129 3 100 1687107 2.079738898
108 170 3 100 28632 2.079751680
111 3 3 100 26610 2.079892512
21 113 3 100 69775 2.079935151
65 127 3 100 68522 2.079980622
90 122 3 100 880935 2.080048238
24 59 3 100 4332078 2.080049623
66 117 3 100 1755630 2.080165927
0 102 3 100 4291 2.080168955
113 130 3 100 16854 2.080195048
78 178 3 100 8166573 2.080246782
57 211 3 100 3711225 2.080273811
39 103 3 100 40554 2.080274193
21 81 3 100 988931 2.080278225
40 35 3 100 9056103 2.080278637
19 25 3 100 1591533 2.080279560
30 63 3 100 12265 2.080283406
19 99 3 100 42060 2.080318886
31 45 3 100 67323 2.080385955
87 155 3 100 1077431 2.080402444
70 174 3 100 854330 2.080403694
76 196 3 100 54325 2.080444723
8 64 3 100 64779 2.080503495
111 116 3 100 931240 2.080510476
42 75 3 100 13667 2.080608254
67 95 3 100 72657 2.080660795
108 10 3 100 5124 2.080690065
16 11 3 100 9668 2.080704192
67 41 3 100 41259 2.080710466
58 142 3 100 4555766 2.080734116
89 223 3 100 69343 2.080747192
82 250 3 100 33183 2.080806052
59 98 3 100 9282 2.080878383
45 7 3 100 36365 2.080904934
101 41 3 100 730459 2.081052111
107 41 3 100 37099 2.081054366
32 7 3 100 29389 2.081075837
80 29 3 100 601511 2.081083887
33 81 3 100 27005 2.081219787
29 229 3 100 4612634 2.081272275
21 156 3 100 821271 2.081276534
15 194 3 100 14446690 2.081278697
59 82 3 100 27730 2.081280381
59 103 3 100 1310585 2.081280777
12 4 3 100 20478 2.081321585
96 66 3 100 23381 2.081393281
57 83 3 100 68027 2.081420855
28 115 3 100 26481 2.081492274
27 219 3 100 843458 2.081528730
12 215 3 100 5409 2.081540449
126 131 3 100 89588 2.081595650
71 44 3 100 1047785 2.081607252
102 5 3 100 9930902 2.081649900
25 121 3 100 14080 2.081659348
91 54 3 100 2930853 2.081675237
116 89 3 100 75007 2.081747109
32 34 3 100 12788 2.081830750
17 73 3 100 1591783 2.081852678
29 222 3 100 6131876 2.081888788
76 241 3 100 1349072 2.081932170
18 229 3 100 3572 2.081932799
110 118 3 100 1424163 2.081972660
100 109 3 100 24014 2.081987118
11 40 3 100 40403 2.082086662
3 126 3 100 511909 2.082114728
4 72 3 100 68988 2.082151090
71 100 3 100 148686 2.082163063
10 224 3 100 76506 2.082175933
66 153 3 100 4867 2.082203630
21 166 3 100 605215 2.082207222
32 55 3 100 3330950 2.082384812
107 42 3 100 26768 2.082391786
51 27 3 100 17201 2.082403972
96 90 3 100 9019775 2.082412912
84 39 3 100 3730890 2.082447781
26 96 3 100 8759238 2.082456994
71 28 3 100 1140 2.082478569
45 247 3 100 29091 2.082591668
18 143 3 100 244422 2.082617218
84 234 3 100 7078861 2.082643593
61 88 3 100 8544 2.082646212
17 106 3 100 15477 2.082661295
8 19 3 100 4329876 2.082675997
49 87 3 100 1190356 2.082728863
32 18 3 100 13247 2.082798538
54 84 3 100 1585699 2.082799863
105 51 3 100 4171134 2.082814387
49 151 3 100 4459 2.082833530
29 129 3 100 259054 2.082835321
11 182 3 100 9278 2.082887714
38 71 3 100 79730 2.082893602
62 70 3 100 394949 2.082899644
35 72 3 100 61743 2.082915849
85 3 3 100 322942 2.082949598
124 105 3 100 64988 2.082950912
12 98 3 100 1888149 2.083086759
117 16 3 100 129651 2.083092523
18 217 3 100 62899 2.083102019
63 150 3 100 48744 2.083119375
27 242 3 100 1219791 2.083160792
109 102 3 100 781972 2.083204634
124 78 3 100 1381161 2.083232877
91 104 3 100 158266 2.083412796
26 50 3 100 77990 2.083416439
46 100 3 100 1439613 2.083428457
47 119 3 100 1649242 2.083445812
102 11 3 100 1719667 2.083463508
72 240 3 100 743831 2.083509334
35 238 3 100 1869956 2.083529705
36 100 3 100 256932 2.083604004
12 21 3 100 891945 2.083633987
69 105 3 100 9360 2.083661088
20 24 3 100 3983589 2.083740775
94 77 3 100 121699 2.083774684
47 86 3 100 9457748 2.083791881
100 116 3 100 131717 2.083797568
62 144 3 100 172197 2.083830106
46 216 3 100 43757 2.083854217
56 228 3 100 863961 2.083858827
89 13 3 100 123935 2.083905085
117 45 3 100 106942 2.083934665
75 50 3 100 45893 2.083939110
72 43 3 100 3576862 2.083972057
91 11 3 100 67947 2.083974215
125 120 3 100 803007 2.084047085
111 12 3 100 5455518 2.084111818
107 202 3 100 7549 2.084117666
49 221 3 100 9571 2.084161527
33 254 3 100 50868 2.084187939
48 116 3 100 27831365 2.084325812
87 90 3 100 4690123 2.084331928
127 43 3 100 8342304 2.084361395
77 30 3 100 24553580 2.084363669
127 6 3 100 48799 2.084380678
84 119 3 100 24564 2.084394657
40 12 3 100 1098586 2.084428759
120 165 3 100 28683 2.084444447
76 222 3 100 9015771 2.084460313
100 233 3 100 26551 2.084501631
127 1 3 100 2904 2.084562239
75 67 3 100 25312 2.084636910
29 73 3 100 5492867 2.084663407
117 103 3 100 38703 2.084670980
114 13 3 100 343614 2.084684855
127 53 3 100 52147 2.084713195
28 64 3 100 137003 2.084776359
54 246 3 100 4039063 2.084780132
68 183 3 100 7119 2.084784579
64 215 3 100 40632 2.084829318
42 24 3 100 3740 2.084860419
96 41 3 100 84053 2.084972765
110 50 3 100 324458 2.084996847
87 89 3 100 27647 2.084999315
96 87 3 100 4228 2.085017648
27 249 3 100 5376305 2.085020832
112 150 3 100 44016 2.085053164
117 167 3 100 190931 2.085121710
31 76 3 100 4222299 2.085134536
15 42 3 100 33670 2.085144265
56 93 3 100 8984509 2.085274561
68 10 3 100 62705 2.085334808
80 9 3 100 1402257 2.085356715
45 9 3 100 28169 2.085435394
52 9 3 100 174886 2.085485483
12 132 3 100 5195300 2.085510966
90 133 3 100 461074 2.085614987
45 189 3 100 76881 2.085631861
100 71 3 100 7777 2.085639527
107 98 3 100 4410049 2.085682945
43 62 3 100 28108 2.085687619
59 120 3 100 1140611 2.085698407
91 94 3 100 6621 2.085804153
118 37 3 100 6895826 2.085808014
2 129 3 100 28751 2.085814410
61 234 3 100 38844 2.085839601
1 239 3 100 79482 2.085866364
69 97 3 100 1450 2.085891362
87 118 3 100 286 2.085902134
38 7 3 100 375540 2.085943438
49 65 3 100 547410 2.085949707
23 4 3 100 54570 2.086039595
90 72 3 100 188673 2.086045000
1 123 3 100 2463 2.086059827
74 155 3 100 20011414 2.086071778
37 149 3 100 3282101 2.086079763
120 162 3 100 1459535 2.086127478
0 66 3 100 22476 2.086155546
30 114 3 100 7403 2.086164684
112 68 3 100 22346355 2.086248973
78 54 3 100 9682457 2.086291161
47 93 3 100 903254 2.086351262
102 59 3 100 5504027 2.086352924
81 117 3 100 58593 2.086369251
41 201 3 100 18050 2.086422480
30 220 3 100 44810 2.086467460
110 186 3 100 742242 2.086515393
28 19 3 100 151782 2.086586520
46 15 3 100 1996954 2.086620883
97 41 3 100 11424031 2.086706796
77 115 3 100 4829697 2.086743498
35 58 3 100 6331662 2.086750004
127 116 3 100 7084451 2.086794047
13 215 3 100 3804681 2.086908587
108 251 3 100 7405 2.086977568
125 36 3 100 39730 2.087030450
1 51 3 100 39417 2.087048849
114 99 3 100 26234 2.087118043
21 120 3 100 1952222 2.087147294
27 66 3 100 20279 2.087180032
21 74 3 100 49735 2.087210685
4 87 3 100 70607 2.087259846
44 204 3 100 27162 2.087386352
62 198 3 100 121734 2.087461833
60 255 3 100 50834 2.087504876
80 85 3 100 7294 2.087517793
2 121 3 100 4758 2.087557800
30 56 3 100 138071 2.087586960
103 85 3 100 13011732 2.087686894
49 70 3 100 9220 2.087719083
91 41 3 100 34521 2.087723944
64 37 3 100 144444 2.087831610
49 153 3 100 8931 2.087853026
18 145 3 100 20934562 2.087858980
101 154 3 100 6174 2.087940450
46 112 3 100 9625461 2.088045083
48 34 3 100 59789 2.088083059
78 84 3 100 7396402 2.088105749
103 31 3 100 42564 2.088116355
103 79 3 100 3983282 2.088126976
61 119 3 100 680379 2.088185725
16 156 3 100 1581841 2.088190215
54 156 3 100 26225 2.088198616
2 187 3 100 854032 2.088208429
57 127 3 100 28478 2.088211023
96 55 3 100 54688 2.088311349
41 85 3 100 52443 2.088339799
97 87 3 100 7817273 2.088393735
60 100 3 100 3027 2.088448189
112 32 3 100 4665424 2.088461318
83 148 3 100 87130 2.088482774
89 230 3 100 4939 2.088590141
35 214 3 100 1230117 2.088715866
3 58 3 100 3856210 2.088736634
5 10 3 100 3366470 2.088762831
63 33 3 100 65587 2.088806643
103 112 3 100 6330 2.088895688
18 34 3 100 3245312 2.088911518
12 32 3 100 63565 2.088999982
4 13 3 100 3659400 2.089024175
15 184 3 100 26695538 2.089028524
105 211 3 100 4296102 2.089116208
91 143 3 100 47056 2.089132242
24 27 3 100 7078 2.089147600
8 64 3 100 2080397 2.089225924
10 45 3 100 5997 2.089250052
49 65 3 100 19286 2.089313729
97 47 3 100 185265 2.089407385
53 132 3 100 397 2.089427286
38 205 3 100 170000 2.089428014
3 194 3 100 20219 2.089500272
21 27 3 100 40647 2.089504441
95 55 3 100 13241 2.089520040
126 31 3 100 1697729 2.089527264
58 85 3 100 3882 2.089629678
2 54 3 100 4704 2.089634957
106 15 3 100 5645109 2.089694267
13 99 3 100 2928894 2.089754797
51 155 3 100 501601 2.089766489
51 203 3 100 12280063 2.089864214
2 158 3 100 56662 2.089895565
31 44 3 100 3755391 2.090013004
81 84 3 100 2103335 2.090031075
18 36 3 100 3075 2.090059672
37 99 3 100 15322141 2.090152307
100 52 3 100 513483 2.090258709
40 183 3 100 8644 2.090292177
116 225 3 100 115652 2.090339923
3 194 3 100 2298970 2.090413631
94 98 3 100 29133 2.090432616
99 52 3 100 22373 2.090500238
8 45 3 100 12380 2.090613818
61 94 3 100 4035392 2.090618378
95 56 3 100 1317297 2.090727578
125 162 3 100 9829 2.090737035
52 128 3 100 6302277 2.090754224
65 203 3 100 77732 2.090757031
9 86 3 100 4228209 2.090885514
54 115 3 100 4137505 2.090945939
113 98 3 100 657295 2.091084478
118 92 3 100 71790 2.091089236
11 122 3 100 847414 2.091180282
40 113 3 100 1215114 2.091184252
83 126 3 100 70863 2.091238194
43 164 3 100 423415 2.091240585
3 90 3 100 99669 2.091318409
15 60 3 100 3178 2.091326200
12 105 3 100 2064 2.091410680
106 10 3 100 5182 2.091440227
13 115 3 100 22315 2.091451692
115 26 3 100 2647167 2.091503012
25 89 3 100 69337 2.091519158
107 130 3 100 34116 2.091577487
115 199 3 100 79332 2.091581747
15 224 3 100 96102 2.091614373
17 109 3 100 72066 2.091646897
66 11 3 100 22231 2.091648080
103 45 3 100 5306276 2.091705360
108 116 3 100 40811 2.091736287
63 68 3 100 1513662 2.091739221
70 103 3 100 16109 2.091739566
8 149 3 100 61110 2.091751088
43 141 3 100 2803688 2.091802787
25 161 3 100 79347 2.091825945
58 123 3 100 15549 2.091933677
125 30 3 100 4417 2.092047285
125 24 3 100 5433258 2.092081818
96 13 3 100 4364 2.092099588
40 25 3 100 85436 2.092157821
4 103 3 100 27440 2.092200607
4 94 3 100 1643081 2.092213506
65 179 3 100 77896 2.092214684
63 131 3 100 63867 2.092312018
48 119 3 100 2166 2.092398173
102 103 3 100 9740610 2.092479343
125 94 3 100 70544 2.092484399
125 44 3 100 43549 2.092545208
59 84 3 100 50820 2.092591723
55 118 3 100 3561810 2.092604515
27 17 3 100 3903788 2.092656538
57 128 3 100 813644 2.092688160
118 79 3 100 8611 2.092796970
32 47 3 100 42469 2.092807195
24 93 3 100 5253 2.092904119
77 75 3 100 3966797 2.093092334
116 25 3 100 12003 2.093146973
88 17 3 100 17879820 2.093248363
0 184 3 100 4893 2.093267187
49 224 3 100 39202 2.093277404
44 22 3 100 19510 2.093329781
94 89 3 100 72871 2.093347780
125 32 3 100 6941232 2.093378406
18 89 3 100 34001 2.093431650
126 80 3 100 53604 2.093468855
31 119 3 100 3553727 2.093479914
90 251 3 100 60474 2.093508914
100 216 3 100 10348 2.093638192
60 43 3 100 7773697 2.093826690
9 71 3 100 72716 2.093920043
124 44 3 100 1891011 2.093941136
83 67 3 100 56796 2.093969489
126 100 3 100 2721974 2.093996875
115 117 3 100 7012019 2.094000979
124 39 3 100 33384 2.094003054
81 156 3 100 23502 2.094143901
59 177 3 100 7326 2.094191091
117 208 3 100 7314595 2.094210769
11 116 3 100 6513322 2.094224579
41 27 3 100 62391 2.094234926
97 113 3 100 17096 2.094241022
75 32 3 100 24672 2.094316525
89 6 3 100 1306426 2.094331580
55 164 3 100 2266310 2.094532615
118 171 3 100 194021 2.094564994
63 78 3 100 93751 2.094686600
21 51 3 100 22264456 2.094715610
12 38 3 100 32337 2.094759068
120 49 3 100 1076 2.094820441
53 155 3 100 1247058 2.094843354
115 246 3 100 663293 2.094886296
12 204 3 100 7943 2.094917374
65 35 3 100 67092 2.094922375
99 89 3 100 3786033 2.094923271
94 33 3 100 35268 2.094927808
88 19 3 100 9632630 2.094931687
12 103 3 100 29633 2.094938870
6 9 3 100 7950383 2.094981535
102 65 3 100 667378 2.095039592
94 194 3 100 61864 2.095052518
120 137 3 100 33284 2.095112696
33 24 3 100 4210 2.095158426
29 53 3 100 3109 2.095196973
89 212 3 100 1688 2.095461219
125 228 3 100 32254 2.095473651
94 15 3 100 7781423 2.095479857
35 33 3 100 6854 2.095533077
8 124 3 100 77040 2.095550320
72 71 3 100 3462835 2.095606575
8 74 3 100 123336 2.095613352
23 91 3 100 28203 2.095618807
111 114 3 100 9093836 2.095621006
106 245 3 100 25596 2.095751278
121 73 3 100 8601130 2.095752563
99 106 3 100 57243 2.095872925
3 168 3 100 1091226 2.095889320
65 175 3 100 22810 2.095959044
26 25 3 100 1113043 2.096002969
46 115 3 100 57307 2.096049283
100 79 3 100 8299 2.096059816
118 104 3 100 1596418 2.096132688
72 16 3 100 12333 2.096175884
125 138 3 100 12861 2.096222593
95 190 3 100 9861323 2.096435395
61 8 3 100 34626 2.096437250
57 126 3 100 79672 2.096459117
87 2 3 100 1625086 2.096471894
13 111 3 100 762475 2.096516720
62 64 3 100 1146518 2.097257801
54 140 3 100 2118580 2.097368895
125 150 3 100 12136 2.097407625
61 93 3 100 1866848 2.097420844
29 57 3 100 22350 2.097421905
68 95 3 100 303214 2.097567644
23 126 3 100 14653 2.097591678
61 146 3 100 74877 2.097622571
74 123 3 100 23272 2.097721840
23 115 3 100 14341632 2.097831645
107 243 3 100 22603 2.097839962
12 52 3 100 39824 2.097931868
126 158 3 100 7839 2.098090745
109 179 3 100 50114 2.098126499
124 104 3 100 9660936 2.098390718
54 124 3 100 643558 2.098425087
93 79 3 100 3220478 2.098656440
65 109 3 100 820972 2.098708784
