2629 
35 127 3 100 49570 2.000007259
38 123 3 100 29469 2.000066638
99 65 3 100 55768 2.000100691
85 242 3 100 812 2.000114754
48 152 3 100 21810196 2.000154333
83 135 3 100 55058 2.000193965
47 189 3 100 3771 2.000281672
103 132 3 100 26529 2.000294830
107 183 3 100 4656663 2.000307877
83 171 3 100 1447288 2.000360127
52 1 3 100 124312 2.000418628
34 71 3 100 1754852 2.000434506
95 102 3 100 7748 2.000575563
34 251 3 100 28220 2.000683601
32 182 3 100 28587 2.000684908
71 134 3 100 4469702 2.000687085
34 139 3 100 6591818 2.000709618
4 157 3 100 18394 2.000831420
18 225 3 100 19404 2.000840074
83 196 3 100 3837 2.000856470
48 86 3 100 4723490 2.000918519
93 89 3 100 27854 2.000975734
44 65 3 100 1500408 2.001062588
50 165 3 100 682175 2.001064160
16 168 3 100 22562 2.001084704
127 227 3 100 2319438 2.001085565
73 203 3 100 6091 2.001198101
79 162 3 100 48310 2.001302468
56 218 3 100 11201 2.001418105
27 139 3 100 3439610 2.001502659
0 20 3 100 73818 2.001511654
95 73 3 100 3793376 2.001513024
11 23 3 100 73355 2.001541479
5 176 3 100 2190225 2.001544420
96 155 3 100 1484294 2.001642044
115 150 3 100 585872 2.001672023
30 224 3 100 43834 2.001714121
62 244 3 100 59148 2.001723853
88 179 3 100 22730 2.001734827
35 133 3 100 3153379 2.001751930
40 11 3 100 91 2.001767000
10 65 3 100 16714 2.001771796
111 25 3 100 5489 2.001787295
16 186 3 100 9157 2.001790874
58 152 3 100 4914765 2.001794836
31 211 3 100 7797 2.001914970
111 151 3 100 31001 2.001950921
126 162 3 100 514261 2.001961083
27 237 3 100 122717 2.001971468
122 179 3 100 2013 2.001975725
82 86 3 100 52548 2.001987536
53 6 3 100 68834 2.002001513
3 41 3 100 71647 2.002066149
78 187 3 100 141698 2.002124601
123 220 3 100 34276 2.002130288
94 130 3 100 15930 2.002144129
93 172 3 100 566794 2.002163766
13 132 3 100 936409 2.002224949
120 238 3 100 19992 2.002252202
23 211 3 100 741763 2.002259980
4 71 3 100 1031542 2.002293763
31 112 3 100 2592741 2.002337310
12 33 3 100 64062 2.002369484
76 139 3 100 6812 2.002415665
93 253 3 100 197790 2.002450918
84 218 3 100 1863286 2.002463914
15 201 3 100 5259 2.002478328
126 163 3 100 1189900 2.002508529
126 221 3 100 3264382 2.002522168
124 234 3 100 2123107 2.002523879
18 103 3 100 9482 2.002530058
55 19 3 100 24197 2.002581137
82 10 3 100 338861 2.002598643
93 166 3 100 3693157 2.002721747
60 145 3 100 26266 2.002728659
19 222 3 100 16778 2.002759508
64 183 3 100 787728 2.002796512
67 234 3 100 65619 2.002814717
105 141 3 100 8521971 2.002944920
122 137 3 100 149706 2.003035911
8 4 3 100 1813 2.003089634
100 10 3 100 9934 2.003284035
3 94 3 100 1723229 2.003289058
108 209 3 100 2070227 2.003331370
124 153 3 100 24721 2.003416743
40 142 3 100 5298676 2.003501575
107 205 3 100 719723 2.003530522
67 210 3 100 16085 2.003641940
10 156 3 100 5686 2.003714256
5 157 3 100 79163 2.003747867
43 16 3 100 341284 2.003769177
70 74 3 100 1942897 2.003826653
4 107 3 100 26229 2.003860500
42 169 3 100 14 2.003925288
103 216 3 100 13599 2.003998973
73 194 3 100 881421 2.004062237
8 217 3 100 23878464 2.004123413
14 231 3 100 63288 2.004141769
74 222 3 100 27327 2.004147124
117 212 3 100 5610226 2.004191136
77 57 3 100 23413 2.004205787
108 92 3 100 24732 2.004219290
121 13 3 100 49479 2.004256265
117 160 3 100 2765211 2.004310517
89 206 3 100 79506 2.004353628
94 224 3 100 9489077 2.004404453
9 195 3 100 56015 2.004413609
26 135 3 100 27366 2.004419082
13 177 3 100 684321 2.004466735
6 210 3 100 2651741 2.004525054
28 85 3 100 864126 2.004542443
105 107 3 100 2214764 2.004729111
25 43 3 100 6260 2.004745354
92 128 3 100 1588888 2.004829537
59 164 3 100 28301 2.004858427
52 137 3 100 78041 2.004876920
37 229 3 100 40346 2.004896300
16 220 3 100 95071 2.004923608
18 151 3 100 1066554 2.004993363
75 240 3 100 74774 2.005006739
95 42 3 100 70257 2.005036443
10 114 3 100 24900 2.005073591
62 0 3 100 1530 2.005084567
71 246 3 100 3829 2.005104832
90 253 3 100 31071 2.005114185
35 241 3 100 943480 2.005123961
68 137 3 100 5522088 2.005157433
95 153 3 100 36946 2.005160141
86 168 3 100 34275 2.005194008
53 243 3 100 14180 2.005255493
29 52 3 100 12281 2.005281357
34 18 3 100 18760144 2.005299130
69 3 3 100 4810614 2.005430398
72 217 3 100 67293 2.005466810
54 178 3 100 9612134 2.005529503
28 201 3 100 1675852 2.005613257
45 158 3 100 3085018 2.005698660
59 195 3 100 8270253 2.005733543
89 130 3 100 113834 2.005775455
115 169 3 100 12611 2.005789871
66 86 3 100 58519 2.005886306
10 104 3 100 497674 2.005914606
25 23 3 100 1831371 2.005925487
4 227 3 100 13290155 2.005932031
97 181 3 100 35985 2.005932445
36 138 3 100 7901627 2.005970966
50 187 3 100 24081 2.005973419
67 233 3 100 43401 2.005980191
52 219 3 100 67006 2.006012556
93 169 3 100 136207 2.006063938
60 41 3 100 9855 2.006097568
103 22 3 100 46646 2.006187893
98 65 3 100 1379102 2.006200589
80 249 3 100 27147 2.006224099
7 185 3 100 1228535 2.006224611
19 231 3 100 1932295 2.006274204
46 173 3 100 7703253 2.006278495
14 243 3 100 58325 2.006291233
0 239 3 100 69019 2.006297596
127 184 3 100 26098 2.006396078
64 82 3 100 17403441 2.006423768
13 49 3 100 24362 2.006532036
73 113 3 100 6999511 2.006555947
16 235 3 100 30864 2.006601590
69 133 3 100 1615236 2.006608237
125 177 3 100 6884 2.006612366
54 241 3 100 1034569 2.006633547
73 152 3 100 3195444 2.006644103
87 207 3 100 28121 2.006705563
20 164 3 100 64851 2.006824733
15 20 3 100 20724235 2.006893311
104 97 3 100 1127389 2.006975509
70 91 3 100 67029 2.006982320
7 201 3 100 534915 2.007037278
32 177 3 100 3672 2.007066058
53 212 3 100 43631 2.007069529
70 221 3 100 3015 2.007135079
68 230 3 100 27768 2.007200184
116 155 3 100 4189594 2.007207103
9 186 3 100 16621 2.007210835
12 6 3 100 2720704 2.007237444
54 30 3 100 36419 2.007260534
53 118 3 100 364219 2.007263181
24 224 3 100 76008 2.007264680
3 161 3 100 16762 2.007416220
101 200 3 100 28025755 2.007423240
98 150 3 100 4700 2.007426988
89 218 3 100 31081 2.007442515
106 141 3 100 6442 2.007449296
41 222 3 100 4992229 2.007517030
34 53 3 100 2205981 2.007525138
63 33 3 100 313869 2.007585188
31 127 3 100 32306 2.007614911
104 213 3 100 191100 2.007618785
100 177 3 100 31546 2.007628246
57 143 3 100 688358 2.007649793
47 194 3 100 74329 2.007754070
2 191 3 100 1565239 2.007772330
120 245 3 100 137443 2.007806861
80 252 3 100 552263 2.007828265
80 21 3 100 74337 2.008021616
40 89 3 100 24179 2.008047511
30 19 3 100 6542 2.008051712
20 214 3 100 6058 2.008101397
43 169 3 100 1055355 2.008121574
87 136 3 100 1196384 2.008131736
100 162 3 100 25840984 2.008182935
127 167 3 100 72172 2.008209610
48 196 3 100 60204 2.008228824
11 246 3 100 37829 2.008255863
119 56 3 100 9872119 2.008257671
98 110 3 100 79633 2.008296457
42 125 3 100 20757 2.008320447
114 229 3 100 9255 2.008340146
45 234 3 100 9580405 2.008362626
1 184 3 100 2961117 2.008379948
49 161 3 100 3870236 2.008396981
13 223 3 100 1884560 2.008477596
56 200 3 100 10461 2.008483220
57 167 3 100 5726153 2.008553201
88 51 3 100 664411 2.008575777
32 35 3 100 80424 2.008709303
57 5 3 100 25 2.008713870
94 211 3 100 928607 2.008730186
22 242 3 100 45511 2.008757878
57 221 3 100 22339 2.008835484
67 156 3 100 38019 2.008840340
40 154 3 100 4998228 2.008863500
52 140 3 100 4590380 2.008890045
35 178 3 100 12399 2.008974013
30 54 3 100 1653620 2.008983376
97 123 3 100 83246 2.008984628
109 44 3 100 1580466 2.009009635
110 242 3 100 35853 2.009096593
84 242 3 100 697750 2.009123809
20 244 3 100 7827608 2.009165002
79 130 3 100 5315 2.009174046
72 238 3 100 38329 2.009292311
68 197 3 100 4365 2.009300716
53 186 3 100 60349 2.009307477
34 62 3 100 691273 2.009342139
58 94 3 100 468424 2.009388976
2 35 3 100 46047 2.009401650
113 169 3 100 65275 2.009459217
39 150 3 100 7627074 2.009588100
119 148 3 100 6118786 2.009592228
127 157 3 100 28751 2.009628205
2 141 3 100 8918297 2.009676027
49 162 3 100 6706064 2.009754291
72 248 3 100 4147 2.009756262
79 54 3 100 15821 2.009792989
1 69 3 100 42571 2.009829413
49 53 3 100 69197 2.009829580
114 173 3 100 994960 2.009830625
20 203 3 100 398568 2.009852056
33 214 3 100 36518 2.009999962
94 192 3 100 8602997 2.010020013
12 150 3 100 6921820 2.010035621
21 161 3 100 56562 2.010068542
123 244 3 100 18349 2.010095818
33 105 3 100 45077 2.010098336
0 62 3 100 22191 2.010160033
34 102 3 100 20953 2.010162132
14 233 3 100 1826621 2.010196296
42 227 3 100 4061257 2.010405173
103 181 3 100 2845315 2.010447301
0 229 3 100 8890323 2.010453151
41 227 3 100 173087 2.010461030
15 164 3 100 2083689 2.010466951
0 205 3 100 9226331 2.010470529
60 47 3 100 195506 2.010518705
101 69 3 100 9324 2.010585129
79 53 3 100 5577839 2.010590713
89 148 3 100 303971 2.010598216
14 243 3 100 29294 2.010619506
111 188 3 100 4812 2.010674278
54 204 3 100 24395 2.010681265
90 244 3 100 272 2.010682944
111 220 3 100 19499 2.010797330
51 171 3 100 3756689 2.010861024
104 89 3 100 2469385 2.010877385
80 93 3 100 778844 2.010891966
96 59 3 100 2719116 2.011004389
86 151 3 100 3500238 2.011004901
64 209 3 100 47921 2.011151619
48 250 3 100 3818042 2.011160215
116 224 3 100 4705521 2.011163073
24 211 3 100 4097872 2.011170491
124 248 3 100 69739 2.011264491
65 160 3 100 1591 2.011323758
22 90 3 100 2350 2.011411312
101 102 3 100 52399 2.011435725
49 62 3 100 223030 2.011437856
41 128 3 100 18143 2.011439100
30 231 3 100 1832784 2.011451261
61 156 3 100 865339 2.011523319
57 187 3 100 6881628 2.011602085
8 140 3 100 34807 2.011830029
76 214 3 100 57726 2.011907694
2 213 3 100 56284 2.011933897
77 120 3 100 2370230 2.011939771
105 94 3 100 3453642 2.011961650
19 77 3 100 383536 2.012105300
28 240 3 100 97797 2.012134881
88 133 3 100 135037 2.012145758
104 229 3 100 246640 2.012233795
102 142 3 100 9571351 2.012244666
29 246 3 100 26915 2.012246363
88 194 3 100 272923 2.012342429
0 159 3 100 3045746 2.012398010
17 60 3 100 76275 2.012402552
73 65 3 100 3099 2.012429291
121 1 3 100 32800 2.012433807
22 207 3 100 65507 2.012452384
19 241 3 100 41828 2.012477946
117 150 3 100 8993 2.012483660
117 134 3 100 1007315 2.012514443
27 235 3 100 4871 2.012546409
49 233 3 100 312192 2.012584143
124 179 3 100 10430 2.012623651
36 49 3 100 1343157 2.012643182
92 115 3 100 2731070 2.012683502
45 36 3 100 20779 2.012698230
125 248 3 100 29507 2.012713784
78 146 3 100 63573 2.012728518
109 214 3 100 28215 2.012879879
12 213 3 100 3891635 2.012897027
41 169 3 100 109192 2.012902358
65 244 3 100 8880 2.012971928
44 255 3 100 1360824 2.013036549
71 116 3 100 1719 2.013040667
9 93 3 100 9398525 2.013083859
53 100 3 100 5349 2.013195325
48 203 3 100 1610840 2.013248131
22 218 3 100 2288895 2.013248774
104 172 3 100 3320 2.013260839
66 137 3 100 29214 2.013311906
58 248 3 100 61187 2.013362034
51 154 3 100 46740 2.013498893
38 244 3 100 46110 2.013582530
78 0 3 100 788271 2.013595506
26 54 3 100 29824 2.013628246
102 110 3 100 35762 2.013657697
127 201 3 100 623713 2.013660505
127 217 3 100 28465 2.013715983
127 191 3 100 2976866 2.013746681
22 216 3 100 9957 2.013760995
93 220 3 100 1876774 2.013791943
119 151 3 100 4062 2.013800377
12 179 3 100 1480650 2.013818488
44 5 3 100 777 2.013839995
42 56 3 100 24159774 2.013841863
22 105 3 100 4482025 2.013879159
33 243 3 100 65942 2.013901732
37 196 3 100 42562 2.013946100
74 232 3 100 3089 2.013986095
123 219 3 100 30902 2.014005521
68 228 3 100 1315421 2.014008611
15 135 3 100 111317 2.014036454
47 209 3 100 1633894 2.014083889
76 103 3 100 3076035 2.014133125
15 60 3 100 1738104 2.014139177
110 34 3 100 890259 2.014168025
39 211 3 100 4953765 2.014192366
105 219 3 100 4474260 2.014207483
123 210 3 100 842522 2.014211457
95 151 3 100 70200 2.014239300
10 215 3 100 1846680 2.014269548
69 198 3 100 24541 2.014275698
20 163 3 100 6495624 2.014279610
92 113 3 100 37422 2.014294008
106 4 3 100 10681 2.014327175
106 53 3 100 22350 2.014329062
76 232 3 100 49997 2.014344438
113 250 3 100 13510 2.014356504
45 201 3 100 7323647 2.014357602
10 195 3 100 1998 2.014397551
96 201 3 100 25822 2.014410164
115 160 3 100 1422 2.014468427
45 141 3 100 14550 2.014479969
35 21 3 100 19983033 2.014495236
68 73 3 100 2250 2.014533804
42 119 3 100 6905 2.014544675
54 199 3 100 5113984 2.014688860
15 232 3 100 5026714 2.014776631
100 203 3 100 10838 2.014826546
90 146 3 100 12533 2.014847982
58 210 3 100 56249 2.014853324
59 203 3 100 390034 2.014945868
19 145 3 100 7797800 2.014973266
11 103 3 100 3257735 2.014982742
31 107 3 100 183930 2.015047133
124 122 3 100 7077 2.015182702
47 130 3 100 5110 2.015239660
13 245 3 100 59222 2.015242495
45 210 3 100 9325 2.015296146
45 230 3 100 35645 2.015315604
84 161 3 100 1141623 2.015357242
97 193 3 100 402849 2.015428826
92 163 3 100 541566 2.015436896
57 79 3 100 11507 2.015484364
15 6 3 100 15714 2.015538031
14 3 3 100 196392 2.015569260
105 169 3 100 2741 2.015602351
24 221 3 100 584402 2.015700935
115 201 3 100 15174 2.015710489
86 220 3 100 3697054 2.015755231
105 206 3 100 37588 2.015776774
14 187 3 100 1151735 2.015822930
57 217 3 100 28831 2.015833175
36 80 3 100 3229565 2.015885156
52 122 3 100 57764 2.015904594
122 113 3 100 53199 2.015918728
109 156 3 100 2673 2.015951513
93 202 3 100 2040 2.015952478
120 184 3 100 195938 2.015969584
35 214 3 100 5606 2.015990132
51 251 3 100 55391 2.016050946
38 133 3 100 1602220 2.016185495
49 178 3 100 1720149 2.016197410
41 109 3 100 1389169 2.016198006
118 125 3 100 3928869 2.016218874
57 86 3 100 9875969 2.016286112
106 206 3 100 63008 2.016357929
101 174 3 100 140352 2.016454713
66 193 3 100 28980 2.016463968
56 216 3 100 58994 2.016482540
124 186 3 100 7265 2.016498301
43 213 3 100 8720192 2.016525608
61 193 3 100 68128 2.016624770
31 63 3 100 9550 2.016631896
97 47 3 100 1108 2.016692052
51 37 3 100 4010 2.016847350
73 240 3 100 7516 2.016873685
84 135 3 100 3109 2.016952129
5 202 3 100 1687921 2.017118020
27 184 3 100 76101 2.017135343
109 128 3 100 66379 2.017154137
0 211 3 100 123383 2.017219799
53 247 3 100 801703 2.017231184
43 95 3 100 111016 2.017232505
87 73 3 100 2966 2.017322412
58 11 3 100 26811 2.017372501
88 195 3 100 288442 2.017422133
118 138 3 100 17929806 2.017432406
7 141 3 100 30314 2.017560454
68 188 3 100 60930 2.017562873
9 226 3 100 67414 2.017611078
114 128 3 100 8446983 2.017615089
66 178 3 100 59071 2.017620033
55 112 3 100 22298 2.017643715
84 62 3 100 10228 2.017668574
34 59 3 100 20527 2.017668955
32 134 3 100 3745370 2.017673417
123 231 3 100 2740 2.017711323
126 189 3 100 37005 2.017717018
62 172 3 100 59147 2.017762022
19 176 3 100 7382066 2.017771009
15 216 3 100 754526 2.017828217
38 153 3 100 8410 2.017828323
62 63 3 100 16429 2.017925773
4 112 3 100 4896 2.017931538
97 23 3 100 1548403 2.017944156
103 206 3 100 9605249 2.017950504
33 190 3 100 71566 2.017956431
86 138 3 100 28694 2.018057841
67 145 3 100 34047 2.018072489
103 180 3 100 1261395 2.018081390
125 252 3 100 159874 2.018127508
117 216 3 100 6372530 2.018187546
113 59 3 100 3553227 2.018267788
44 126 3 100 25110 2.018275141
44 72 3 100 28037 2.018285370
32 253 3 100 581657 2.018362848
23 187 3 100 1387 2.018403577
90 128 3 100 287047 2.018458014
5 168 3 100 53893 2.018506079
104 131 3 100 40604 2.018692521
87 175 3 100 195637 2.018730504
96 177 3 100 8704 2.018759255
20 44 3 100 68551 2.018781020
53 66 3 100 2432 2.018869344
24 92 3 100 46898 2.018925380
80 233 3 100 24608 2.018947854
43 201 3 100 39346 2.018981476
94 132 3 100 43292 2.018990609
6 174 3 100 45154 2.019010909
51 224 3 100 27858 2.019086484
103 136 3 100 10188 2.019095686
1 226 3 100 556085 2.019184606
77 93 3 100 16383 2.019187413
85 45 3 100 717248 2.019323140
62 19 3 100 63475 2.019331527
68 233 3 100 1944339 2.019391178
26 167 3 100 1605617 2.019391862
76 199 3 100 5411 2.019405891
67 158 3 100 46027 2.019412831
85 233 3 100 942377 2.019449799
96 141 3 100 9438 2.019549187
48 195 3 100 34042 2.019550490
112 93 3 100 9305 2.019567886
38 89 3 100 828723 2.019578637
118 8 3 100 19112 2.019590025
58 148 3 100 27159 2.019590087
106 252 3 100 4291 2.019668312
104 220 3 100 6032 2.019714741
36 205 3 100 20499853 2.019749503
28 157 3 100 649935 2.019763334
75 200 3 100 1555875 2.019836377
48 176 3 100 547323 2.019874093
73 69 3 100 3135838 2.019901601
6 78 3 100 295464 2.019914634
58 112 3 100 302633 2.019967103
58 128 3 100 8741 2.020006045
86 174 3 100 109878 2.020043084
79 250 3 100 25219 2.020205844
111 228 3 100 6142955 2.020341151
17 142 3 100 119199 2.020452213
53 178 3 100 70933 2.020472076
17 197 3 100 21821 2.020540440
26 125 3 100 743228 2.020622531
60 75 3 100 897797 2.020640625
3 102 3 100 70335 2.020679581
126 181 3 100 609901 2.020764044
101 171 3 100 723002 2.020829159
119 138 3 100 8478168 2.020833051
28 209 3 100 71348 2.020833934
80 172 3 100 160481 2.020918372
9 135 3 100 933608 2.020925939
15 191 3 100 67539 2.020957260
17 18 3 100 51090 2.020975848
94 50 3 100 44106 2.021033005
1 43 3 100 18736 2.021053023
15 160 3 100 59717 2.021111403
127 234 3 100 67842 2.021147608
71 232 3 100 924372 2.021156232
76 143 3 100 24006 2.021267216
45 177 3 100 12282 2.021295744
55 238 3 100 14842 2.021307346
56 152 3 100 1418049 2.021372668
5 9 3 100 63676 2.021387560
34 51 3 100 893437 2.021398297
33 20 3 100 8289 2.021420504
116 149 3 100 6746 2.021444992
3 224 3 100 5812787 2.021448273
2 149 3 100 742598 2.021454149
32 166 3 100 134578 2.021513459
32 232 3 100 5924 2.021531101
49 247 3 100 130662 2.021536236
56 188 3 100 6975 2.021562499
48 93 3 100 6334606 2.021595899
55 117 3 100 15704 2.021627767
83 11 3 100 1829452 2.021643107
95 136 3 100 1391674 2.021687462
115 180 3 100 1368293 2.021705273
14 185 3 100 18111 2.021796986
95 192 3 100 382 2.021844671
41 210 3 100 2675 2.021898266
104 169 3 100 76969 2.021911412
108 141 3 100 78138 2.021922487
33 41 3 100 1962125 2.021933172
6 17 3 100 318607 2.021956478
10 27 3 100 845077 2.021961860
74 154 3 100 7980807 2.022007747
22 200 3 100 40505 2.022101869
94 234 3 100 151553 2.022230208
105 180 3 100 77693 2.022328364
81 231 3 100 72962 2.022329299
7 159 3 100 21732 2.022332752
39 137 3 100 5042531 2.022388705
63 88 3 100 1514545 2.022454172
57 10 3 100 3541144 2.022505150
16 111 3 100 50493 2.022539824
76 236 3 100 9471785 2.022610188
123 149 3 100 71874 2.022614009
38 236 3 100 15088 2.022617310
68 165 3 100 68839 2.022670337
127 174 3 100 2172 2.022692888
22 144 3 100 2942494 2.022746053
84 168 3 100 20700 2.022747756
34 123 3 100 3941843 2.022778762
47 92 3 100 1543 2.022852471
73 108 3 100 1754890 2.022881272
38 157 3 100 4344 2.022883947
2 174 3 100 13393 2.022894109
60 167 3 100 9510 2.022926160
80 162 3 100 3530025 2.022946672
121 148 3 100 2203477 2.022964591
108 249 3 100 22244 2.022986495
94 249 3 100 154873 2.022992323
68 127 3 100 56554 2.023001779
2 20 3 100 3270617 2.023084728
109 114 3 100 31462 2.023154282
25 178 3 100 76341 2.023217065
36 203 3 100 23107 2.023411434
47 169 3 100 59508 2.023457466
120 167 3 100 1032174 2.023470835
107 219 3 100 11066 2.023486991
21 252 3 100 20157 2.023535003
55 171 3 100 24882 2.023581834
20 80 3 100 6511 2.023599221
38 36 3 100 61257 2.023618155
107 88 3 100 1966557 2.023640649
121 197 3 100 174437 2.023659638
105 210 3 100 15241154 2.023717063
80 180 3 100 8063 2.023751591
62 172 3 100 26363 2.023777575
122 202 3 100 21176 2.023806932
79 232 3 100 24698 2.023881039
28 188 3 100 5015 2.023881227
47 13 3 100 1374180 2.023888003
83 28 3 100 65983 2.023925463
6 70 3 100 27171 2.023934677
81 234 3 100 2203522 2.023993732
4 156 3 100 97900 2.024050776
114 186 3 100 69776 2.024085561
36 140 3 100 35715 2.024120365
9 237 3 100 75400 2.024122706
33 194 3 100 48477 2.024122952
54 140 3 100 627206 2.024138158
52 20 3 100 30727 2.024284944
43 62 3 100 847586 2.024309074
44 107 3 100 26341 2.024349918
87 212 3 100 63290 2.024520286
80 212 3 100 10826 2.024642704
58 200 3 100 5720 2.024653580
6 209 3 100 26631 2.024884429
117 131 3 100 983048 2.024912753
4 134 3 100 1385112 2.024921128
54 215 3 100 1190628 2.024944348
92 12 3 100 17623 2.024953646
88 102 3 100 5403636 2.025034371
70 55 3 100 70790 2.025117854
38 212 3 100 1447 2.025126385
58 137 3 100 454760 2.025137279
104 171 3 100 26799 2.025233034
77 151 3 100 43153 2.025299767
73 237 3 100 22020 2.025302753
93 198 3 100 67022 2.025332548
112 182 3 100 10280 2.025440858
127 37 3 100 834493 2.025445023
19 88 3 100 488 2.025446263
19 27 3 100 114950 2.025461137
46 137 3 100 58706 2.025497257
105 188 3 100 50280 2.025557031
40 218 3 100 16547 2.025562849
84 183 3 100 1628268 2.025619546
56 206 3 100 8710766 2.025622248
79 200 3 100 25355 2.025656871
25 186 3 100 30109 2.025689189
20 111 3 100 985028 2.025722412
113 124 3 100 45986 2.025759299
119 73 3 100 950013 2.025788100
49 129 3 100 107996 2.025878468
95 214 3 100 70606 2.025925674
63 186 3 100 31790 2.025933584
100 168 3 100 6419295 2.026005050
14 129 3 100 1314031 2.026005764
16 232 3 100 188935 2.026015464
2 204 3 100 17680 2.026023017
120 73 3 100 26552 2.026067693
73 19 3 100 64253 2.026176021
24 79 3 100 3324 2.026236429
35 157 3 100 64887 2.026258058
15 135 3 100 10460831 2.026277045
61 146 3 100 758724 2.026314102
30 166 3 100 3616552 2.026314717
39 169 3 100 3226215 2.026332010
58 146 3 100 20776 2.026338049
21 214 3 100 4896299 2.026338985
121 73 3 100 14348 2.026362199
43 30 3 100 25042 2.026396455
120 11 3 100 73640 2.026401199
41 203 3 100 503872 2.026401386
67 229 3 100 254730 2.026427176
59 212 3 100 76778 2.026486993
118 247 3 100 1874816 2.026508990
102 128 3 100 20720 2.026520612
41 200 3 100 2011415 2.026531825
58 234 3 100 8527 2.026535396
66 70 3 100 829130 2.026548328
79 54 3 100 1837093 2.026559671
80 103 3 100 4360998 2.026611300
88 242 3 100 6897911 2.026635920
48 169 3 100 27874 2.026645943
28 220 3 100 1499608 2.026671898
29 145 3 100 78820 2.026896880
80 167 3 100 7846372 2.026936594
123 235 3 100 32207 2.027016788
121 128 3 100 61799 2.027052637
1 32 3 100 2095 2.027056046
84 15 3 100 4124 2.027073817
59 14 3 100 1586915 2.027215078
5 143 3 100 42 2.027268713
2 189 3 100 31321 2.027281942
41 243 3 100 215 2.027320005
26 166 3 100 231361 2.027363168
87 250 3 100 152345 2.027379333
73 200 3 100 526783 2.027446155
67 254 3 100 1767731 2.027492399
25 50 3 100 23368 2.027504701
43 86 3 100 28184 2.027587701
126 99 3 100 136595 2.027589878
116 204 3 100 24484 2.027597692
95 132 3 100 4537 2.027620151
48 190 3 100 8490001 2.027640354
94 168 3 100 6042 2.027686445
94 210 3 100 15405 2.027692903
37 173 3 100 28359 2.027710602
69 204 3 100 32473 2.027742582
86 37 3 100 766692 2.027835042
98 51 3 100 161196 2.027917091
89 15 3 100 58544 2.028006072
51 214 3 100 89175 2.028019364
63 132 3 100 71026 2.028026537
33 241 3 100 4517420 2.028169491
45 157 3 100 5310577 2.028183330
99 253 3 100 32565 2.028191464
3 203 3 100 53893 2.028219246
96 202 3 100 18866 2.028249042
74 26 3 100 6382 2.028319720
116 20 3 100 43363 2.028341192
123 73 3 100 71111 2.028374579
58 207 3 100 4970641 2.028400312
95 153 3 100 30130 2.028484223
126 247 3 100 22622 2.028487121
88 174 3 100 648202 2.028489513
66 218 3 100 1490695 2.028526076
113 169 3 100 4598838 2.028533337
11 143 3 100 69948 2.028602066
83 16 3 100 4778977 2.028610171
116 16 3 100 395720 2.028719782
19 48 3 100 15501 2.028721541
88 231 3 100 52773 2.028726902
102 201 3 100 876243 2.028744869
2 150 3 100 143600 2.028749548
35 216 3 100 21994 2.028758256
15 148 3 100 766321 2.028803042
107 250 3 100 190402 2.028837157
79 142 3 100 10115627 2.028845372
57 111 3 100 476734 2.028847573
19 116 3 100 2476848 2.028883345
84 104 3 100 54862 2.029002036
20 222 3 100 351600 2.029023056
73 191 3 100 36567 2.029023488
81 232 3 100 1901155 2.029058665
80 157 3 100 62682 2.029074962
77 167 3 100 16640 2.029200523
23 153 3 100 24631633 2.029210404
95 237 3 100 9724814 2.029214979
19 4 3 100 59636 2.029219874
34 74 3 100 30700 2.029226444
45 108 3 100 3694166 2.029239385
52 243 3 100 390256 2.029251728
46 247 3 100 178521 2.029270327
68 246 3 100 60056 2.029278779
83 253 3 100 2329 2.029284143
20 255 3 100 459159 2.029301979
63 155 3 100 3302509 2.029377768
44 188 3 100 1390793 2.029377962
112 105 3 100 15772 2.029457591
78 86 3 100 5952 2.029488856
102 63 3 100 22029026 2.029540229
53 241 3 100 1302282 2.029562525
89 166 3 100 26446 2.029581195
108 243 3 100 1449688 2.029608348
93 227 3 100 66720 2.029647287
19 154 3 100 78020 2.029682825
68 239 3 100 42019 2.029770155
4 128 3 100 79143 2.029788955
122 48 3 100 533044 2.029841004
91 106 3 100 255005 2.029860074
16 46 3 100 18109 2.029884056
51 242 3 100 57004 2.029890915
94 247 3 100 22188104 2.029900905
26 180 3 100 1559530 2.029964422
24 244 3 100 43127 2.029979961
40 204 3 100 142312 2.029988074
115 207 3 100 3222 2.030035757
97 227 3 100 15746267 2.030037848
117 29 3 100 35803 2.030084733
86 83 3 100 3913 2.030105266
17 21 3 100 108368 2.030175656
73 214 3 100 60 2.030202838
24 198 3 100 1803720 2.030220118
117 164 3 100 26632 2.030220691
45 195 3 100 31175 2.030327405
123 143 3 100 284787 2.030342611
5 249 3 100 9966 2.030359572
51 208 3 100 165129 2.030365030
11 52 3 100 1804848 2.030395832
44 88 3 100 172591 2.030423964
73 127 3 100 25391 2.030460964
48 151 3 100 721023 2.030471975
93 214 3 100 9786527 2.030480836
99 130 3 100 743266 2.030525661
65 251 3 100 5659 2.030548132
59 223 3 100 909761 2.030549706
26 190 3 100 21560 2.030745531
34 219 3 100 48144 2.030752093
18 73 3 100 5786451 2.030782786
35 44 3 100 30645 2.030797033
69 79 3 100 77078 2.030994408
50 131 3 100 26094 2.030994500
67 190 3 100 7274 2.030994901
38 210 3 100 59326 2.031035661
21 220 3 100 10173 2.031042550
76 194 3 100 1495772 2.031094100
119 252 3 100 5801996 2.031095046
101 230 3 100 1891175 2.031240025
37 31 3 100 37725 2.031275504
9 32 3 100 1036367 2.031281774
93 37 3 100 17334207 2.031288578
62 229 3 100 219360 2.031309434
75 160 3 100 29579 2.031336046
104 160 3 100 1322 2.031351534
75 137 3 100 2540355 2.031354688
118 241 3 100 814231 2.031364232
112 153 3 100 3442613 2.031384157
5 172 3 100 161689 2.031409386
115 36 3 100 73238 2.031478444
94 1 3 100 1112074 2.031507369
34 80 3 100 70402 2.031524515
104 174 3 100 67172 2.031627468
12 147 3 100 10424 2.031631714
34 156 3 100 60040 2.031767054
89 253 3 100 6830 2.031846809
91 199 3 100 7233229 2.031873291
13 150 3 100 1165922 2.031878289
2 251 3 100 1589 2.031918285
126 23 3 100 3530369 2.031924457
26 71 3 100 1334923 2.031947340
112 9 3 100 2749711 2.031978683
66 155 3 100 1790301 2.032019195
2 250 3 100 36057 2.032037670
97 129 3 100 73992 2.032061516
15 221 3 100 28762073 2.032107861
70 251 3 100 603464 2.032181861
31 149 3 100 1155897 2.032218656
66 222 3 100 391690 2.032284557
37 118 3 100 9928917 2.032287380
40 48 3 100 28820 2.032309822
71 88 3 100 2237200 2.032322423
60 248 3 100 2346706 2.032370762
34 193 3 100 3391945 2.032374071
40 163 3 100 549014 2.032434908
20 147 3 100 25117 2.032486098
67 230 3 100 19841 2.032535165
109 188 3 100 1954374 2.032574987
83 142 3 100 66053 2.032578057
101 114 3 100 903414 2.032597328
95 110 3 100 1958426 2.032722562
24 123 3 100 7262040 2.032733311
40 184 3 100 29726 2.032736268
39 160 3 100 42923 2.032747780
29 170 3 100 2902 2.032753383
97 241 3 100 5377 2.032784239
88 255 3 100 31356 2.032854104
26 235 3 100 4089695 2.032891897
57 178 3 100 831796 2.032964786
8 118 3 100 6326 2.032981636
0 81 3 100 14617 2.033064446
74 66 3 100 5106830 2.033104615
24 142 3 100 89476 2.033116619
13 186 3 100 53019 2.033211476
93 221 3 100 63512 2.033224082
41 237 3 100 4739 2.033240175
108 183 3 100 28466 2.033240462
103 219 3 100 22780 2.033280098
72 177 3 100 65396 2.033401683
62 46 3 100 60840 2.033420829
63 10 3 100 94307 2.033450086
79 38 3 100 29879 2.033490660
107 218 3 100 5046 2.033539434
19 208 3 100 71188 2.033540903
34 197 3 100 6988567 2.033545644
25 156 3 100 7152 2.033556436
38 214 3 100 5924427 2.033596925
117 186 3 100 1256576 2.033598909
115 131 3 100 552297 2.033698299
55 93 3 100 1647416 2.033700167
13 126 3 100 23535 2.033700717
73 80 3 100 6062 2.033725774
50 195 3 100 2311 2.033753385
45 197 3 100 52065 2.033765899
105 166 3 100 15188 2.033811161
113 197 3 100 2111435 2.033812827
85 162 3 100 8978377 2.033817229
11 253 3 100 23682 2.033840095
121 186 3 100 2587309 2.033860254
55 80 3 100 1218031 2.033890586
66 13 3 100 26928 2.034000064
65 76 3 100 581 2.034007731
13 215 3 100 7524624 2.034045643
124 175 3 100 6689 2.034101871
9 243 3 100 1697980 2.034113635
64 189 3 100 5714494 2.034128427
20 163 3 100 3450 2.034132145
61 149 3 100 35038 2.034146603
112 213 3 100 40977 2.034293467
38 70 3 100 62607 2.034301574
56 55 3 100 46534 2.034342405
121 14 3 100 27999 2.034357047
43 218 3 100 15012 2.034367399
103 137 3 100 687173 2.034372436
79 157 3 100 4462000 2.034410453
118 202 3 100 60921 2.034414969
122 163 3 100 3662579 2.034581415
21 210 3 100 22485 2.034639720
15 193 3 100 1985556 2.034676311
48 30 3 100 2397 2.034815459
72 31 3 100 839839 2.034955821
36 93 3 100 14835 2.034960738
98 176 3 100 5590 2.035036855
99 182 3 100 56737 2.035048474
48 190 3 100 2316911 2.035123038
35 202 3 100 27405 2.035126821
37 185 3 100 24712 2.035155506
105 166 3 100 1305691 2.035238059
14 250 3 100 1274954 2.035250319
10 67 3 100 77550 2.035252077
54 20 3 100 9351002 2.035257642
38 44 3 100 52833 2.035262919
26 181 3 100 8728 2.035303419
58 181 3 100 186626 2.035340958
38 215 3 100 22413 2.035359352
124 182 3 100 29257 2.035364839
47 187 3 100 509773 2.035426140
123 253 3 100 45201 2.035465518
64 213 3 100 4063458 2.035476758
3 28 3 100 35294 2.035670261
122 24 3 100 185418 2.035675083
17 43 3 100 7969095 2.035730368
93 170 3 100 1071372 2.035775975
14 250 3 100 7631272 2.035858746
78 133 3 100 1278368 2.035881112
115 240 3 100 35364 2.035892634
41 227 3 100 25281068 2.035911356
95 249 3 100 20538 2.035928072
118 224 3 100 23738 2.035962191
66 89 3 100 3151323 2.036027168
5 30 3 100 152147 2.036072031
95 112 3 100 48449 2.036117961
103 168 3 100 25238 2.036120496
28 248 3 100 583342 2.036147471
65 236 3 100 8774 2.036164719
9 166 3 100 772544 2.036198528
35 166 3 100 9284726 2.036225813
8 202 3 100 6938220 2.036329798
33 159 3 100 147487 2.036344590
17 25 3 100 15052 2.036355922
124 126 3 100 603174 2.036406200
127 31 3 100 22814 2.036409835
60 211 3 100 716579 2.036435998
110 159 3 100 23165250 2.036451848
22 138 3 100 6124101 2.036459077
98 226 3 100 26472 2.036463775
108 170 3 100 7170 2.036490097
65 182 3 100 8329 2.036513608
110 222 3 100 1773602 2.036557225
15 79 3 100 60769 2.036654786
4 50 3 100 3046261 2.036845394
37 100 3 100 17385 2.036878864
42 136 3 100 56814 2.036881058
4 129 3 100 1575844 2.036912394
0 208 3 100 19808 2.036926784
124 130 3 100 1485501 2.036932948
91 192 3 100 78378 2.036952543
19 229 3 100 884 2.037022617
15 138 3 100 12436899 2.037053902
114 56 3 100 40428 2.037098674
8 73 3 100 8033322 2.037125240
77 94 3 100 6007617 2.037172784
100 249 3 100 6728 2.037271474
45 254 3 100 49244 2.037488544
123 164 3 100 858064 2.037520394
43 157 3 100 28860 2.037529078
79 241 3 100 6173082 2.037531998
33 170 3 100 41468 2.037559773
1 142 3 100 1129828 2.037582615
52 42 3 100 8044186 2.037618182
53 70 3 100 56173 2.037648443
92 116 3 100 838430 2.037715090
13 176 3 100 8765 2.037721541
20 205 3 100 29819 2.037779168
67 233 3 100 67960 2.037789758
36 178 3 100 33834 2.037893204
99 187 3 100 5510229 2.037920448
31 155 3 100 1639963 2.037928700
108 215 3 100 26911 2.037976792
124 34 3 100 24835 2.037989838
35 36 3 100 397183 2.038026669
98 91 3 100 14560 2.038036217
113 148 3 100 1063141 2.038044419
44 208 3 100 877560 2.038047081
95 204 3 100 52558 2.038060186
66 178 3 100 1687316 2.038065592
31 136 3 100 53 2.038079844
90 185 3 100 43141 2.038098412
0 215 3 100 76687 2.038152742
108 90 3 100 5998 2.038183634
96 6 3 100 4370237 2.038185539
32 36 3 100 158678 2.038208352
87 190 3 100 10086 2.038243048
125 188 3 100 126291 2.038251546
94 159 3 100 5582 2.038286021
73 218 3 100 192212 2.038315827
102 145 3 100 11863 2.038384241
38 234 3 100 75611 2.038415939
56 224 3 100 21620 2.038459338
116 69 3 100 19772 2.038470733
106 97 3 100 3358538 2.038473584
103 30 3 100 63124 2.038505476
121 216 3 100 74749 2.038523752
119 185 3 100 908315 2.038534639
96 166 3 100 52514 2.038621871
63 205 3 100 1527257 2.038658384
79 234 3 100 1160 2.038724159
105 211 3 100 2214 2.038734956
107 201 3 100 945503 2.038738399
58 117 3 100 38255 2.038864492
24 55 3 100 1388429 2.038919392
57 99 3 100 1272846 2.038928723
116 245 3 100 1932479 2.038936690
52 169 3 100 77199 2.038938781
54 206 3 100 2510 2.038956548
28 197 3 100 56470 2.038986912
86 151 3 100 138966 2.038993924
126 155 3 100 1299670 2.039131418
22 225 3 100 902 2.039132642
57 91 3 100 1212620 2.039223280
48 121 3 100 1091397 2.039230179
92 21 3 100 18231 2.039261871
48 217 3 100 422314 2.039313397
125 159 3 100 1337363 2.039319634
9 202 3 100 17883 2.039390870
50 159 3 100 68006 2.039404979
100 229 3 100 47782 2.039409569
37 140 3 100 3987 2.039425208
57 227 3 100 1624417 2.039426448
33 52 3 100 47692 2.039457994
106 21 3 100 56491 2.039478977
101 26 3 100 2787630 2.039501783
56 147 3 100 34443 2.039549850
45 172 3 100 70990 2.039584027
41 180 3 100 9940031 2.039597240
47 206 3 100 41444 2.039653876
73 244 3 100 35901 2.039662848
105 226 3 100 26202 2.039762282
19 255 3 100 1195350 2.039794528
93 52 3 100 43752 2.039890743
97 6 3 100 2632 2.039900883
127 38 3 100 79873 2.039942108
74 211 3 100 8808 2.039959042
0 252 3 100 68892 2.039970293
49 212 3 100 30080 2.039984086
26 207 3 100 71240 2.040000633
102 233 3 100 1379 2.040062332
80 155 3 100 3879916 2.040089801
40 151 3 100 45682 2.040115387
80 94 3 100 3320 2.040119795
40 68 3 100 3283392 2.040131376
68 111 3 100 736708 2.040182854
83 170 3 100 19455 2.040202701
4 206 3 100 44679 2.040209327
0 228 3 100 43462 2.040210296
101 128 3 100 49179 2.040215257
112 203 3 100 61939 2.040218635
88 145 3 100 7231 2.040328553
41 205 3 100 90581 2.040388508
66 98 3 100 822 2.040428259
2 93 3 100 8882472 2.040469950
110 36 3 100 149363 2.040483486
84 195 3 100 30962 2.040489658
84 199 3 100 5397297 2.040506379
75 238 3 100 1795 2.040524163
14 235 3 100 45485 2.040566465
64 195 3 100 660980 2.040585703
66 174 3 100 9972538 2.040588097
66 169 3 100 885011 2.040657845
12 43 3 100 1716470 2.040690910
79 64 3 100 20378 2.040715864
74 62 3 100 35451 2.040734081
25 214 3 100 13352 2.040736204
45 163 3 100 13889 2.040814395
43 158 3 100 2058 2.040831222
63 135 3 100 8432 2.040833825
117 189 3 100 38612 2.040982251
80 211 3 100 4803906 2.040989550
70 158 3 100 19703 2.041014150
46 48 3 100 69733 2.041106984
110 69 3 100 5657888 2.041110494
3 21 3 100 109999 2.041111194
99 188 3 100 26452 2.041112797
53 200 3 100 1013124 2.041137771
36 144 3 100 1552 2.041147882
89 174 3 100 62374 2.041150846
119 192 3 100 25832 2.041192566
9 158 3 100 20783 2.041287781
24 191 3 100 1908058 2.041304046
39 92 3 100 9503 2.041310804
2 17 3 100 1357440 2.041357369
2 106 3 100 58716 2.041375490
120 158 3 100 34871 2.041411330
11 155 3 100 105287 2.041417199
38 215 3 100 2685 2.041451156
61 191 3 100 176720 2.041455972
81 208 3 100 57550 2.041471666
44 167 3 100 9917974 2.041530388
106 254 3 100 174466 2.041579713
29 119 3 100 7643 2.041597287
127 76 3 100 438619 2.041621933
102 5 3 100 22430 2.041635402
119 155 3 100 4283075 2.041708586
1 202 3 100 460353 2.041738293
11 217 3 100 1344 2.041760292
74 186 3 100 49515 2.041814890
22 177 3 100 2306 2.041835389
25 253 3 100 3069271 2.041878214
67 249 3 100 2297521 2.041897119
109 28 3 100 1912094 2.041997838
55 35 3 100 1012041 2.042002607
94 117 3 100 21673 2.042008723
123 145 3 100 24745 2.042018088
19 173 3 100 1531607 2.042037119
15 172 3 100 13621 2.042041546
57 155 3 100 8017248 2.042075705
101 246 3 100 1020054 2.042110479
31 195 3 100 484469 2.042162091
64 235 3 100 7114323 2.042168239
83 3 3 100 406144 2.042277469
83 93 3 100 1694 2.042378922
58 63 3 100 573203 2.042391070
120 188 3 100 8504258 2.042410058
53 160 3 100 73021 2.042434569
33 165 3 100 80412 2.042451758
38 128 3 100 2143539 2.042564554
47 216 3 100 66808 2.042591904
97 247 3 100 2067187 2.042689954
46 135 3 100 2356434 2.042721948
88 32 3 100 6838928 2.042756480
1 48 3 100 1443011 2.042778539
17 9 3 100 20142 2.042799336
125 142 3 100 1860458 2.042842545
15 253 3 100 6096646 2.042846944
76 198 3 100 8557 2.042946791
107 185 3 100 25849 2.042950133
60 223 3 100 121591 2.042964036
54 130 3 100 4210763 2.042989436
113 129 3 100 6046 2.043044565
75 7 3 100 11729 2.043096473
62 118 3 100 63025 2.043100801
7 19 3 100 28433 2.043130708
73 176 3 100 64095 2.043159861
62 153 3 100 27040 2.043247580
64 141 3 100 2582 2.043432450
89 171 3 100 9507 2.043457975
126 158 3 100 6416 2.043534644
42 131 3 100 1379529 2.043609591
43 156 3 100 58882 2.043637350
61 60 3 100 45673 2.043654471
3 31 3 100 6847 2.043680128
105 63 3 100 18986411 2.043687908
102 213 3 100 72439 2.043709116
92 160 3 100 57969 2.043725549
118 197 3 100 3787204 2.043781667
109 237 3 100 5149 2.043787440
107 168 3 100 72730 2.043811601
14 141 3 100 9326 2.043861981
27 140 3 100 68704 2.043870873
106 14 3 100 25012 2.043872905
44 20 3 100 29067 2.043971378
70 10 3 100 7528 2.043996710
75 147 3 100 7530 2.044017001
27 198 3 100 79826 2.044053718
101 220 3 100 5782 2.044099825
24 135 3 100 29844 2.044111622
35 135 3 100 36924 2.044115687
125 140 3 100 572269 2.044179415
90 222 3 100 66186 2.044204268
49 127 3 100 3632557 2.044233179
88 0 3 100 53709 2.044266603
111 86 3 100 7925173 2.044287726
6 152 3 100 3358 2.044338381
124 251 3 100 1453889 2.044355249
77 215 3 100 1258530 2.044391854
57 229 3 100 459757 2.044403598
69 200 3 100 120239 2.044413468
102 218 3 100 159423 2.044418932
55 170 3 100 6384246 2.044474135
108 54 3 100 78652 2.044542513
44 32 3 100 9522 2.044564624
126 95 3 100 4698149 2.044642168
57 139 3 100 28738 2.044717476
76 253 3 100 40546 2.044720053
106 157 3 100 39287 2.044748261
0 170 3 100 2577858 2.044852373
73 174 3 100 29510592 2.044871393
38 234 3 100 751 2.044932804
65 128 3 100 38984 2.045014305
22 26 3 100 8418430 2.045037955
124 1 3 100 8636341 2.045060900
50 43 3 100 8966 2.045114092
44 145 3 100 6724387 2.045116737
40 133 3 100 23325 2.045152546
114 218 3 100 5065 2.045221294
62 174 3 100 4337907 2.045242588
112 189 3 100 2125 2.045289371
94 216 3 100 28494 2.045315077
28 222 3 100 57013 2.045326833
89 72 3 100 41210 2.045337535
75 84 3 100 48011 2.045371578
104 88 3 100 911029 2.045396752
49 235 3 100 7378 2.045418958
0 135 3 100 4036813 2.045551530
23 139 3 100 20850 2.045584822
24 205 3 100 7176 2.045589940
55 228 3 100 76069 2.045601073
125 234 3 100 2674 2.045630498
23 193 3 100 1448406 2.045638120
126 18 3 100 6490665 2.045662676
107 122 3 100 124437 2.045726109
122 80 3 100 39966 2.045762319
27 224 3 100 34535 2.045807398
86 202 3 100 220383 2.045894606
78 175 3 100 1274316 2.045894847
115 144 3 100 76373 2.045948129
15 203 3 100 23799581 2.045984248
92 133 3 100 1081485 2.045989338
118 175 3 100 27906 2.046010312
60 38 3 100 61298 2.046024408
57 25 3 100 44749 2.046029092
11 18 3 100 57614 2.046074609
6 190 3 100 53606 2.046116830
11 234 3 100 187318 2.046121213
1 205 3 100 430680 2.046125086
92 210 3 100 8228 2.046158135
76 200 3 100 6591929 2.046220398
42 168 3 100 2862176 2.046246884
50 211 3 100 4081 2.046310421
123 25 3 100 3492537 2.046344234
6 80 3 100 1141539 2.046382189
111 54 3 100 6422 2.046418185
71 138 3 100 101467 2.046536531
24 222 3 100 3621674 2.046544854
122 210 3 100 14878233 2.046569207
90 231 3 100 4117 2.046610517
6 245 3 100 9985976 2.046634036
102 218 3 100 26472 2.046647234
29 247 3 100 296144 2.046648238
38 75 3 100 25927 2.046673735
112 83 3 100 52454 2.046712528
63 101 3 100 2099 2.046729764
121 161 3 100 165374 2.046771394
71 249 3 100 22281 2.046837995
77 145 3 100 8205912 2.046846912
82 239 3 100 744 2.046888031
71 176 3 100 109759 2.046950320
67 163 3 100 22953 2.046955612
0 154 3 100 47486 2.046961529
54 52 3 100 4601 2.047003425
103 78 3 100 1066217 2.047007839
4 49 3 100 15849326 2.047010083
29 236 3 100 9099 2.047012901
119 185 3 100 67466 2.047040426
77 178 3 100 1606649 2.047051692
24 168 3 100 3639943 2.047091604
50 164 3 100 4424783 2.047109830
95 238 3 100 5363531 2.047128979
90 192 3 100 66599 2.047129681
49 84 3 100 167221 2.047393529
119 58 3 100 3637925 2.047483215
32 77 3 100 21209 2.047494580
30 200 3 100 574234 2.047494806
100 236 3 100 1854522 2.047501565
114 135 3 100 43080 2.047511525
87 192 3 100 57222 2.047527566
93 211 3 100 30562 2.047560584
54 179 3 100 800886 2.047572751
114 236 3 100 817 2.047607094
57 14 3 100 60050 2.047614306
95 54 3 100 39842 2.047631186
107 37 3 100 1745883 2.047733960
92 129 3 100 27771 2.047741638
39 216 3 100 138875 2.047766084
13 163 3 100 18903 2.047787474
119 147 3 100 503366 2.047861462
32 178 3 100 105318 2.047951865
95 169 3 100 14645 2.047983903
99 198 3 100 59180 2.048035275
15 80 3 100 3393744 2.048111142
116 8 3 100 41452 2.048155876
103 12 3 100 20599 2.048179649
13 247 3 100 49586 2.048195256
30 181 3 100 6142121 2.048207504
18 128 3 100 4694660 2.048219923
99 146 3 100 28368493 2.048257860
109 183 3 100 104534 2.048285952
100 231 3 100 6412452 2.048308331
40 201 3 100 2367360 2.048312558
69 120 3 100 3655877 2.048322634
15 51 3 100 15427 2.048326654
54 43 3 100 29753 2.048345568
70 211 3 100 75383 2.048485267
32 202 3 100 3269565 2.048494579
35 158 3 100 4501741 2.048496688
73 160 3 100 22453 2.048499024
72 137 3 100 17760 2.048590302
88 199 3 100 74996 2.048665682
91 153 3 100 6591 2.048682416
61 66 3 100 949461 2.048686744
75 124 3 100 41518 2.048715995
12 99 3 100 28934 2.048740306
101 210 3 100 993 2.048740732
82 251 3 100 271514 2.048835446
32 207 3 100 134297 2.048835719
4 161 3 100 54196 2.048859981
48 213 3 100 22915 2.048871507
77 222 3 100 2376030 2.048905156
110 201 3 100 168125 2.048981923
2 31 3 100 6795 2.048988702
108 98 3 100 21011 2.049023134
64 5 3 100 16019 2.049075519
120 173 3 100 180924 2.049120161
80 202 3 100 66861 2.049143640
111 161 3 100 8700966 2.049148704
96 163 3 100 21443 2.049240001
107 183 3 100 7724 2.049253889
57 198 3 100 49490 2.049254659
81 238 3 100 3901128 2.049265089
22 18 3 100 26187 2.049291149
114 110 3 100 5525 2.049304121
120 52 3 100 62117 2.049317321
105 146 3 100 106125 2.049323048
50 131 3 100 68883 2.049335493
18 235 3 100 140651 2.049347750
51 210 3 100 1901879 2.049373708
113 219 3 100 23156 2.049385030
72 146 3 100 2450863 2.049394237
43 195 3 100 9294720 2.049398488
120 112 3 100 68502 2.049405363
3 115 3 100 28878810 2.049410610
5 85 3 100 69217 2.049538544
57 164 3 100 3303679 2.049579871
75 183 3 100 843052 2.049601665
2 213 3 100 5031 2.049608604
33 130 3 100 820569 2.049671038
62 164 3 100 74044 2.049767715
27 149 3 100 15120 2.049881218
30 225 3 100 8952474 2.049891005
8 73 3 100 234471 2.049924722
115 52 3 100 45969 2.049939043
106 96 3 100 18675 2.049939905
118 222 3 100 27172 2.049950187
27 246 3 100 4588418 2.049964118
19 249 3 100 7588 2.050048071
52 150 3 100 27915263 2.050068779
58 151 3 100 55914 2.050111202
81 130 3 100 84381 2.050137274
10 167 3 100 1720951 2.050155893
88 100 3 100 940108 2.050168847
7 103 3 100 4988065 2.050175041
110 43 3 100 77921 2.050287046
109 243 3 100 72118 2.050314162
112 173 3 100 4754879 2.050435251
7 181 3 100 3992 2.050443593
27 255 3 100 3030554 2.050472827
28 155 3 100 35973 2.050483208
91 205 3 100 7226 2.050543954
58 142 3 100 6051810 2.050722886
42 44 3 100 54781 2.050747797
7 110 3 100 63831 2.050760561
30 121 3 100 57 2.050811018
123 250 3 100 29496 2.050826967
120 197 3 100 46399 2.050827760
82 246 3 100 5433288 2.050986610
39 250 3 100 24786 2.051052470
118 157 3 100 3386745 2.051071796
33 157 3 100 1476630 2.051076808
9 164 3 100 1147 2.051111380
96 82 3 100 44265 2.051133201
47 64 3 100 3057956 2.051137451
31 68 3 100 3193342 2.051163649
50 169 3 100 150366 2.051169143
85 230 3 100 136612 2.051191669
103 155 3 100 6092 2.051245681
100 177 3 100 68403 2.051303374
90 192 3 100 73355 2.051307816
62 219 3 100 3114176 2.051325997
50 167 3 100 376869 2.051332304
18 64 3 100 4861164 2.051369021
37 50 3 100 55478 2.051370420
52 55 3 100 27743 2.051406044
18 145 3 100 1666430 2.051458283
9 191 3 100 8364 2.051474187
11 171 3 100 484588 2.051477992
107 179 3 100 986611 2.051563245
55 202 3 100 6330952 2.051575364
81 216 3 100 9283 2.051588145
53 246 3 100 154173 2.051615634
20 27 3 100 28034176 2.051784269
2 3 3 100 3084 2.051823665
120 9 3 100 102232 2.051834265
66 171 3 100 39 2.051865435
110 195 3 100 1552 2.051870490
33 135 3 100 5110 2.051881430
32 228 3 100 6090105 2.051946286
42 172 3 100 1240 2.051981435
80 197 3 100 75330 2.051991177
111 130 3 100 277993 2.052049210
45 1 3 100 1468489 2.052085382
127 28 3 100 1314523 2.052085902
87 58 3 100 1593580 2.052137533
7 152 3 100 4234632 2.052155042
105 214 3 100 8221441 2.052156165
125 135 3 100 6718219 2.052160551
123 147 3 100 2757 2.052228818
22 177 3 100 7266913 2.052271237
52 159 3 100 3220 2.052300300
0 251 3 100 9430312 2.052370808
60 67 3 100 35115 2.052445824
58 40 3 100 46732 2.052468599
99 80 3 100 287 2.052495125
69 159 3 100 60721 2.052589168
90 174 3 100 6998 2.052617601
72 194 3 100 155515 2.052654459
30 157 3 100 31939 2.052750928
92 210 3 100 605699 2.052843952
44 226 3 100 1793 2.052936673
10 156 3 100 905517 2.052951430
34 23 3 100 25315 2.052953232
77 94 3 100 6258 2.052984650
93 107 3 100 26350 2.053038934
7 177 3 100 24810 2.053097037
57 237 3 100 5890601 2.053181815
102 249 3 100 54701 2.053182871
49 228 3 100 1659643 2.053196386
96 184 3 100 52018 2.053197995
103 180 3 100 448270 2.053239650
90 141 3 100 33434 2.053246377
122 7 3 100 72682 2.053294038
102 20 3 100 91852 2.053350458
115 109 3 100 66067 2.053410314
78 176 3 100 95032 2.053439982
107 177 3 100 53895 2.053443596
126 152 3 100 14657 2.053463388
101 179 3 100 1359 2.053563952
65 211 3 100 5821154 2.053575839
53 163 3 100 19318 2.053590518
83 180 3 100 1654261 2.053648556
17 51 3 100 9377 2.053653045
55 17 3 100 21875 2.053820833
66 64 3 100 327894 2.053850618
60 150 3 100 2084638 2.053852723
83 175 3 100 48972 2.053865865
1 152 3 100 728803 2.053921536
44 209 3 100 844844 2.053922387
113 178 3 100 27666 2.053936706
120 160 3 100 60808 2.053938728
124 209 3 100 1227701 2.053978334
77 74 3 100 391997 2.054052797
70 122 3 100 37006 2.054056265
26 73 3 100 8313073 2.054133958
121 170 3 100 6252 2.054161920
77 149 3 100 123924 2.054182604
49 236 3 100 204277 2.054184932
43 209 3 100 2920918 2.054192727
88 246 3 100 8192798 2.054215302
123 184 3 100 45151 2.054234452
49 199 3 100 26317 2.054265022
32 19 3 100 20 2.054273161
99 69 3 100 26459 2.054309576
46 83 3 100 5205 2.054335465
38 132 3 100 1211331 2.054381144
76 193 3 100 899946 2.054384911
119 247 3 100 22737 2.054438220
66 218 3 100 1753628 2.054498168
6 245 3 100 1823835 2.054607994
55 232 3 100 33656 2.054643546
97 209 3 100 7343401 2.054647889
44 115 3 100 45300 2.054649890
66 20 3 100 2754981 2.054653126
36 29 3 100 37744 2.054679519
3 236 3 100 66230 2.054724010
56 230 3 100 29003 2.054741777
2 180 3 100 503774 2.054766390
2 187 3 100 576808 2.054828072
120 169 3 100 191945 2.054842295
84 133 3 100 122026 2.054849892
1 136 3 100 991896 2.054895969
1 102 3 100 11956 2.054934235
63 11 3 100 6213 2.054961055
33 7 3 100 1260795 2.054997597
112 178 3 100 29129 2.055018076
11 135 3 100 21799182 2.055229006
11 179 3 100 39354 2.055259238
118 237 3 100 4301591 2.055270251
87 160 3 100 958469 2.055271121
75 152 3 100 64963 2.055373736
41 156 3 100 179347 2.055384660
58 27 3 100 2055 2.055394763
73 41 3 100 4716813 2.055400028
64 78 3 100 34785 2.055404356
116 138 3 100 152395 2.055503722
13 211 3 100 27328 2.055504266
39 139 3 100 46215 2.055516572
104 136 3 100 42690 2.055565292
32 235 3 100 73767 2.055616138
117 217 3 100 46900 2.055631946
27 213 3 100 1051410 2.055689006
46 67 3 100 43054 2.055752124
25 62 3 100 7073 2.055802129
59 48 3 100 11944310 2.055838932
45 214 3 100 700250 2.055942364
7 153 3 100 1460868 2.055985402
48 164 3 100 887367 2.055986398
42 133 3 100 2372 2.056003566
44 142 3 100 18315 2.056024453
10 212 3 100 27494 2.056031215
71 220 3 100 9680 2.056109037
78 3 3 100 34559 2.056157579
110 59 3 100 62623 2.056160698
60 120 3 100 38772 2.056187496
18 145 3 100 78891 2.056235272
49 173 3 100 6808691 2.056237705
96 210 3 100 2403565 2.056299357
50 147 3 100 5127 2.056383298
54 163 3 100 41083 2.056394800
33 250 3 100 43668 2.056420109
106 171 3 100 44649 2.056444454
17 10 3 100 493650 2.056472124
23 17 3 100 6972157 2.056512086
102 82 3 100 79966 2.056536231
72 148 3 100 75456 2.056593607
73 190 3 100 58571 2.056604073
46 192 3 100 168770 2.056628741
115 221 3 100 6768045 2.056658020
82 171 3 100 1789646 2.056668212
86 151 3 100 43495 2.056675999
74 240 3 100 24635 2.056728460
79 65 3 100 30508 2.056826537
24 81 3 100 44765 2.056879459
8 106 3 100 9089769 2.056932839
105 175 3 100 270001 2.057031734
103 143 3 100 9914484 2.057054413
50 218 3 100 7705 2.057071387
127 212 3 100 23533 2.057089993
63 170 3 100 43677 2.057104985
92 153 3 100 51468 2.057136149
123 241 3 100 545732 2.057143466
93 19 3 100 22463 2.057230893
88 0 3 100 10191 2.057307432
102 91 3 100 1396234 2.057315018
103 193 3 100 69861 2.057345083
45 179 3 100 27592 2.057393881
9 150 3 100 732314 2.057483583
42 235 3 100 28746 2.057484555
76 162 3 100 485041 2.057506826
107 164 3 100 23507 2.057540940
24 135 3 100 9026513 2.057587896
48 19 3 100 27878 2.057597282
37 116 3 100 1895 2.057654956
116 46 3 100 6759 2.057659851
50 152 3 100 12414053 2.057667075
62 130 3 100 23538 2.057669336
123 173 3 100 8936 2.057690860
78 233 3 100 1780981 2.057742066
113 235 3 100 9641946 2.057743499
5 192 3 100 17175 2.057752231
110 233 3 100 21041 2.057782170
50 67 3 100 1128028 2.057795660
50 75 3 100 355818 2.057802479
13 119 3 100 9755 2.057853572
13 232 3 100 1273 2.057892431
63 167 3 100 3553 2.057997064
47 251 3 100 432053 2.058066315
28 198 3 100 57492 2.058187100
14 217 3 100 8370 2.058297920
69 174 3 100 742571 2.058361020
20 233 3 100 2917 2.058387175
100 97 3 100 28718 2.058435851
25 122 3 100 195339 2.058436876
13 23 3 100 1808470 2.058471355
19 219 3 100 28697 2.058493524
95 226 3 100 26645 2.058548885
84 163 3 100 113273 2.058569810
127 150 3 100 85935 2.058590373
101 207 3 100 182005 2.058605169
124 232 3 100 72850 2.058607062
62 222 3 100 130902 2.058648683
42 7 3 100 9465258 2.058761954
107 25 3 100 78055 2.058858702
100 42 3 100 44143 2.058891161
2 209 3 100 1118 2.058947523
40 222 3 100 500151 2.058952218
12 166 3 100 33170 2.059024184
118 163 3 100 6828 2.059094027
108 226 3 100 1822622 2.059095270
60 183 3 100 1877634 2.059259764
125 224 3 100 8484 2.059261484
123 47 3 100 28330 2.059268225
43 56 3 100 2285 2.059325030
67 66 3 100 21713 2.059340176
19 199 3 100 68929 2.059392996
117 164 3 100 607790 2.059412081
63 232 3 100 74292 2.059423766
37 191 3 100 24061 2.059601561
123 225 3 100 1348 2.059611748
34 152 3 100 68530 2.059724301
122 140 3 100 1995190 2.059812375
56 12 3 100 11223 2.059824339
2 106 3 100 1476233 2.059828945
39 95 3 100 1184371 2.059839233
22 176 3 100 78495 2.059852675
125 182 3 100 3797095 2.059864833
103 203 3 100 4008286 2.059896683
81 193 3 100 40601 2.059902470
118 249 3 100 9138 2.059909017
83 158 3 100 139197 2.059940900
36 170 3 100 18605 2.059995967
100 4 3 100 44545 2.060304507
112 15 3 100 49997 2.060343786
36 46 3 100 2109 2.060363641
3 242 3 100 3526 2.060391995
13 224 3 100 63204 2.060537334
46 250 3 100 171165 2.060543838
75 162 3 100 317994 2.060550670
88 229 3 100 1700403 2.060553724
97 162 3 100 558740 2.060564327
8 199 3 100 3790 2.060604063
93 92 3 100 79873 2.060625661
68 79 3 100 1578036 2.060653805
76 61 3 100 66844 2.060684518
126 176 3 100 27611 2.060707010
35 141 3 100 14087 2.060721891
10 134 3 100 25123 2.060920305
119 201 3 100 5512 2.060923084
18 249 3 100 42941 2.060927916
117 241 3 100 3368073 2.060998870
110 133 3 100 9096406 2.061056911
98 1 3 100 35622 2.061066534
117 14 3 100 67115 2.061092280
100 120 3 100 49301 2.061093646
49 146 3 100 71236 2.061102685
39 153 3 100 36617 2.061151629
98 186 3 100 5525 2.061190691
51 176 3 100 22457 2.061206820
113 197 3 100 76617 2.061245299
25 165 3 100 168388 2.061283005
83 237 3 100 35704 2.061297041
52 57 3 100 24855 2.061422263
117 10 3 100 693996 2.061495776
62 73 3 100 728144 2.061503535
57 165 3 100 27678215 2.061767215
115 141 3 100 94827 2.061787577
71 148 3 100 123412 2.061872913
6 217 3 100 10340 2.061913300
109 191 3 100 20112 2.061916588
119 139 3 100 55347 2.061964772
110 238 3 100 3638623 2.061973612
49 54 3 100 20312920 2.062009596
123 108 3 100 700154 2.062019287
91 57 3 100 28411 2.062019614
48 226 3 100 1631362 2.062028490
18 173 3 100 38446 2.062074795
94 136 3 100 1499966 2.062080643
33 212 3 100 1188 2.062103476
80 178 3 100 3399019 2.062154166
27 162 3 100 59059 2.062161019
74 160 3 100 8047 2.062275220
93 59 3 100 34377 2.062292391
79 121 3 100 62015 2.062342628
56 14 3 100 3866345 2.062348208
109 172 3 100 76630 2.062392983
23 174 3 100 89896 2.062487565
70 226 3 100 64785 2.062498696
86 196 3 100 397713 2.062623245
13 153 3 100 52161 2.062706460
106 145 3 100 314464 2.062750520
74 199 3 100 3044627 2.062751646
97 14 3 100 18519 2.062754589
49 53 3 100 14345 2.062758743
67 43 3 100 446303 2.062785069
49 226 3 100 28446 2.062795497
29 176 3 100 217950 2.062803662
57 182 3 100 58957 2.062805837
125 163 3 100 7513219 2.062855044
9 224 3 100 28120 2.062869766
55 209 3 100 51671 2.062874604
105 133 3 100 2243 2.062878402
39 53 3 100 27892 2.062903274
62 30 3 100 74228 2.062951262
1 24 3 100 160448 2.063003242
79 203 3 100 4536 2.063037010
86 243 3 100 47129 2.063042629
52 132 3 100 27334 2.063045582
54 159 3 100 887478 2.063050372
12 180 3 100 2453 2.063113905
112 224 3 100 372199 2.063128067
97 150 3 100 1126972 2.063208946
28 108 3 100 25406 2.063251577
59 124 3 100 64240 2.063260922
23 32 3 100 3312 2.063293699
16 241 3 100 18437 2.063340233
123 190 3 100 2372 2.063361179
6 255 3 100 76119 2.063364002
69 161 3 100 212991 2.063374463
38 147 3 100 24314 2.063411078
55 132 3 100 23629 2.063433128
48 182 3 100 1309883 2.063441739
71 87 3 100 1989569 2.063496335
78 81 3 100 297739 2.063566244
110 107 3 100 888867 2.063595590
110 175 3 100 813701 2.063598092
67 136 3 100 36319 2.063631958
12 184 3 100 27553 2.063675155
125 193 3 100 65741 2.063676448
115 180 3 100 2253801 2.063684023
86 187 3 100 3040637 2.063725706
4 191 3 100 2079247 2.063745735
87 127 3 100 13222 2.063748058
46 121 3 100 24827 2.063961381
37 100 3 100 4977317 2.064089916
32 251 3 100 1778754 2.064105852
63 143 3 100 1962285 2.064108866
126 242 3 100 51628 2.064110161
106 144 3 100 14621 2.064125481
20 177 3 100 12148761 2.064154203
121 175 3 100 695917 2.064156407
113 201 3 100 19120 2.064195870
92 91 3 100 2701203 2.064236675
19 49 3 100 3450869 2.064237641
46 39 3 100 41740 2.064239119
9 134 3 100 2948 2.064253057
38 244 3 100 4973867 2.064262341
72 190 3 100 2052969 2.064299768
110 217 3 100 2912043 2.064307545
73 199 3 100 7755 2.064372351
33 132 3 100 4846 2.064430341
118 205 3 100 551018 2.064458156
22 109 3 100 37235 2.064485691
8 0 3 100 8971 2.064548217
0 72 3 100 673635 2.064668053
47 167 3 100 3327305 2.064698659
73 228 3 100 6533591 2.064746502
65 240 3 100 9081795 2.064814074
76 239 3 100 30943 2.064818318
91 195 3 100 32372 2.064829233
96 163 3 100 7159 2.064846590
87 165 3 100 9007219 2.064872885
122 37 3 100 6405531 2.064877074
102 86 3 100 78112 2.064959375
48 119 3 100 1044715 2.064990722
37 182 3 100 24164 2.065021191
115 198 3 100 8362080 2.065030474
115 223 3 100 28298 2.065061682
1 231 3 100 1141932 2.065099563
22 239 3 100 181414 2.065136826
34 175 3 100 8402932 2.065181471
82 140 3 100 74564 2.065220753
70 33 3 100 57473 2.065230591
1 54 3 100 1132246 2.065239388
16 63 3 100 25996 2.065265759
3 166 3 100 98464 2.065323060
101 184 3 100 4359912 2.065348177
104 214 3 100 2779654 2.065373156
45 174 3 100 285541 2.065444647
96 209 3 100 24437 2.065447711
105 175 3 100 73014 2.065518990
9 225 3 100 30132 2.065521085
123 18 3 100 580923 2.065611257
118 75 3 100 41172 2.065623982
40 98 3 100 29657 2.065638434
6 182 3 100 25261 2.065820993
53 208 3 100 576618 2.065851369
62 216 3 100 525794 2.065933027
86 156 3 100 24919 2.065970668
120 194 3 100 109853 2.066029798
62 197 3 100 23793 2.066040147
74 220 3 100 1681202 2.066132599
108 75 3 100 21683 2.066181307
27 87 3 100 43211 2.066276744
43 58 3 100 169233 2.066305286
7 188 3 100 1811400 2.066379034
55 180 3 100 2084222 2.066462280
61 214 3 100 42721 2.066485490
54 188 3 100 4627501 2.066562113
112 212 3 100 45782 2.066579804
55 218 3 100 76705 2.066717519
78 210 3 100 550662 2.066739231
80 63 3 100 136493 2.066744023
81 16 3 100 26765 2.066758502
9 67 3 100 1993126 2.066782970
60 131 3 100 8589013 2.066802063
90 160 3 100 75983 2.066873244
19 247 3 100 23039 2.066874175
4 209 3 100 77546 2.066905589
115 129 3 100 62291 2.066922215
14 236 3 100 1010 2.066922269
66 166 3 100 374160 2.066955021
31 43 3 100 24450 2.066982229
124 112 3 100 805244 2.067009108
33 87 3 100 10164 2.067043873
17 139 3 100 4223661 2.067079245
62 176 3 100 1570760 2.067085471
92 162 3 100 1815 2.067101465
84 176 3 100 3796890 2.067149984
75 200 3 100 1381271 2.067196865
88 146 3 100 16894705 2.067208585
39 157 3 100 1581 2.067227338
85 12 3 100 2052592 2.067237422
0 65 3 100 66540 2.067318237
70 92 3 100 27532 2.067348218
16 171 3 100 6438164 2.067435472
75 220 3 100 5845940 2.067454873
113 150 3 100 38153 2.067491197
51 146 3 100 4918452 2.067596620
5 213 3 100 71962 2.067599454
118 159 3 100 959 2.067726903
98 194 3 100 67488 2.067730691
116 73 3 100 75269 2.067736438
84 31 3 100 22971 2.067744512
22 66 3 100 33393 2.067777911
90 194 3 100 27064 2.067782453
33 253 3 100 9212093 2.067789087
2 151 3 100 929594 2.067790652
110 229 3 100 79406 2.067802648
119 200 3 100 45553 2.067813190
49 195 3 100 6985 2.067825340
81 152 3 100 70751 2.067832544
101 119 3 100 1534339 2.067861866
18 19 3 100 26618 2.067884025
126 81 3 100 4812 2.067916123
81 224 3 100 70725 2.067996366
82 171 3 100 8705 2.068078653
85 206 3 100 14145 2.068086557
73 197 3 100 18659 2.068124813
122 242 3 100 65998 2.068129692
1 139 3 100 7135764 2.068143550
121 136 3 100 25284 2.068171169
111 102 3 100 4050257 2.068188074
58 103 3 100 25381 2.068196847
94 8 3 100 2130538 2.068226802
71 182 3 100 8142198 2.068258051
85 220 3 100 22433 2.068280172
3 182 3 100 64392 2.068289677
4 187 3 100 172093 2.068290311
87 240 3 100 1053581 2.068317683
50 204 3 100 20719 2.068331868
90 180 3 100 2704 2.068353351
13 110 3 100 412162 2.068378346
88 119 3 100 1944378 2.068442120
116 72 3 100 3675980 2.068469845
111 128 3 100 3416 2.068475008
74 185 3 100 54878 2.068482938
111 138 3 100 78265 2.068487345
61 183 3 100 15584 2.068488787
125 248 3 100 2080 2.068550994
42 229 3 100 89853 2.068551549
40 176 3 100 9146 2.068563100
112 107 3 100 168341 2.068599795
117 118 3 100 568 2.068684827
121 100 3 100 18118 2.068744959
119 191 3 100 24803 2.068889327
74 222 3 100 18092 2.068933826
120 242 3 100 53008 2.068937056
74 180 3 100 867885 2.068943228
79 173 3 100 395211 2.069046791
47 164 3 100 3819886 2.069120292
17 198 3 100 32887 2.069171349
84 74 3 100 8357487 2.069195834
113 64 3 100 9501 2.069205109
111 124 3 100 35964 2.069235665
66 174 3 100 4586 2.069240383
36 251 3 100 37507 2.069336384
111 153 3 100 15174377 2.069478113
92 250 3 100 35304 2.069488787
31 248 3 100 2879 2.069491103
59 245 3 100 2996839 2.069526040
82 218 3 100 7210 2.069557313
71 54 3 100 22556 2.069575649
31 63 3 100 3064049 2.069592848
60 99 3 100 1959643 2.069603208
115 152 3 100 8424 2.069662642
123 254 3 100 1855859 2.069675872
53 225 3 100 4252642 2.069743728
88 246 3 100 1504893 2.069825385
51 139 3 100 1681360 2.069879145
111 235 3 100 36873 2.069880349
17 160 3 100 8370481 2.069889681
54 40 3 100 5089503 2.069894855
31 104 3 100 1984 2.070005204
12 44 3 100 1410473 2.070038082
43 196 3 100 35061 2.070132311
82 229 3 100 10948 2.070246351
14 239 3 100 25256 2.070250952
82 158 3 100 4634 2.070275482
63 171 3 100 23326 2.070304655
48 233 3 100 237497 2.070350124
77 243 3 100 3845113 2.070357214
94 117 3 100 8889996 2.070425105
121 48 3 100 42932 2.070443542
52 63 3 100 64447 2.070506469
97 184 3 100 4690 2.070558397
36 149 3 100 36142 2.070587505
25 128 3 100 26056 2.070608433
98 213 3 100 23932 2.070623200
92 249 3 100 59447 2.070649443
6 183 3 100 20471 2.070663866
38 231 3 100 66550 2.070711770
106 109 3 100 187 2.070729738
7 32 3 100 2143 2.070738062
82 117 3 100 25748 2.070742127
82 241 3 100 202935 2.070759241
16 130 3 100 657511 2.070764188
35 212 3 100 61477 2.070790539
7 178 3 100 165372 2.070870601
123 157 3 100 21514800 2.070897193
86 129 3 100 2904490 2.070897465
53 136 3 100 1930483 2.070908815
4 115 3 100 37318 2.070928715
84 79 3 100 43323 2.070934505
38 71 3 100 79312 2.070982490
96 236 3 100 70627 2.070983596
30 185 3 100 5040241 2.071081636
72 157 3 100 3851618 2.071092495
38 170 3 100 211117 2.071126020
103 142 3 100 19306 2.071146006
53 249 3 100 9357 2.071151067
46 215 3 100 7767 2.071183153
93 28 3 100 4908177 2.071201713
51 65 3 100 59032 2.071207174
3 31 3 100 2473721 2.071218811
105 136 3 100 2153415 2.071250900
34 137 3 100 9628254 2.071256353
25 247 3 100 390909 2.071367340
31 150 3 100 34019 2.071629520
18 243 3 100 5051 2.071633604
48 163 3 100 33862 2.071681645
89 159 3 100 23982 2.071699108
73 68 3 100 9931374 2.071711530
57 55 3 100 3743508 2.071797318
114 74 3 100 713731 2.071833762
70 223 3 100 8769 2.071896027
6 159 3 100 53841 2.071920630
72 211 3 100 62675 2.072021357
10 141 3 100 1278850 2.072046091
90 203 3 100 62588 2.072059890
101 172 3 100 73293 2.072065918
36 153 3 100 4735416 2.072075696
15 110 3 100 4746 2.072112975
32 88 3 100 18352 2.072215338
77 121 3 100 3307494 2.072234088
65 183 3 100 3333547 2.072256677
92 193 3 100 6606 2.072282366
112 243 3 100 4038654 2.072353935
99 134 3 100 4351240 2.072415323
115 220 3 100 14975 2.072422397
112 153 3 100 30829 2.072505315
38 171 3 100 1320 2.072538656
50 58 3 100 184686 2.072539126
78 13 3 100 7770 2.072564287
67 64 3 100 315739 2.072584702
103 183 3 100 31216 2.072651510
46 140 3 100 1051528 2.072652103
110 152 3 100 2342075 2.072684179
46 252 3 100 3188933 2.072690149
9 180 3 100 3777 2.072700746
47 182 3 100 32881 2.072774743
44 169 3 100 2056 2.072786853
89 49 3 100 3870546 2.072792890
112 84 3 100 321096 2.072805740
70 63 3 100 726739 2.072952162
76 213 3 100 116905 2.072989230
35 167 3 100 24468987 2.072993894
35 205 3 100 2520 2.072999566
25 233 3 100 2217687 2.073057379
64 186 3 100 62860 2.073079296
5 250 3 100 47592 2.073090155
48 228 3 100 1265723 2.073099965
23 95 3 100 7607871 2.073111373
39 26 3 100 6322071 2.073129770
53 106 3 100 9549 2.073167479
83 219 3 100 83529 2.073185484
61 174 3 100 54589 2.073187983
98 129 3 100 1832 2.073196369
52 161 3 100 4054504 2.073219954
51 170 3 100 3553374 2.073272758
78 211 3 100 1328263 2.073294388
92 134 3 100 9150255 2.073304814
80 61 3 100 39463 2.073382236
117 114 3 100 71632 2.073382334
109 100 3 100 73929 2.073445777
118 154 3 100 22347 2.073482188
98 241 3 100 3756 2.073487811
121 185 3 100 26158 2.073527256
120 133 3 100 189660 2.073544352
114 187 3 100 16564 2.073572546
94 234 3 100 3272711 2.073596573
115 139 3 100 29436687 2.073635810
118 35 3 100 65739 2.073654271
68 60 3 100 2194341 2.073688708
104 98 3 100 57819 2.073714303
104 218 3 100 2554317 2.073757919
35 231 3 100 44426 2.073759805
76 212 3 100 1607830 2.073787597
16 174 3 100 2587148 2.073827193
98 170 3 100 64829 2.074073400
28 195 3 100 87326 2.074179183
106 146 3 100 666726 2.074286795
91 85 3 100 64437 2.074350090
60 95 3 100 2203276 2.074381781
67 53 3 100 157240 2.074438745
51 169 3 100 243791 2.074494699
103 155 3 100 904824 2.074544087
79 137 3 100 697423 2.074554443
102 164 3 100 39567 2.074563378
116 184 3 100 56289 2.074566163
87 230 3 100 1700728 2.074581749
14 200 3 100 57456 2.074607882
19 31 3 100 2038 2.074623120
31 22 3 100 3904234 2.074807308
26 73 3 100 29409 2.074909966
95 228 3 100 36594 2.074911830
105 212 3 100 3222864 2.074936859
57 153 3 100 1846175 2.075005544
58 196 3 100 11685 2.075012405
8 195 3 100 23714914 2.075062083
17 184 3 100 8196975 2.075103982
85 245 3 100 5125 2.075131535
38 3 3 100 42649 2.075137302
19 21 3 100 9209258 2.075164172
87 44 3 100 25450 2.075167696
99 146 3 100 9226 2.075170229
111 206 3 100 9058272 2.075212823
119 137 3 100 63810 2.075222896
91 145 3 100 19279 2.075248699
22 190 3 100 2753 2.075330654
9 217 3 100 5982 2.075340480
39 199 3 100 13330 2.075342817
118 29 3 100 28525 2.075346936
102 82 3 100 125088 2.075413813
23 245 3 100 189044 2.075422785
119 231 3 100 33566 2.075434722
58 154 3 100 21353 2.075539476
12 147 3 100 28993 2.075603854
29 195 3 100 19394 2.075618400
44 224 3 100 5326478 2.075656121
57 45 3 100 3048877 2.075738431
82 30 3 100 167250 2.075825412
10 140 3 100 36946 2.075829748
75 237 3 100 1356769 2.075888023
93 156 3 100 16285653 2.075953369
90 186 3 100 49776 2.075977413
120 231 3 100 34039 2.075983351
126 213 3 100 13813834 2.075991551
20 159 3 100 4380268 2.076001620
89 65 3 100 50386 2.076012140
91 55 3 100 18873 2.076071043
15 29 3 100 602 2.076129887
55 144 3 100 1485923 2.076186353
122 137 3 100 37477 2.076222744
78 159 3 100 1834635 2.076247650
15 131 3 100 17102344 2.076296782
8 158 3 100 2374876 2.076316257
123 234 3 100 22689 2.076316793
116 230 3 100 19702714 2.076354520
122 20 3 100 148628 2.076402912
2 118 3 100 145557 2.076443636
59 115 3 100 52356 2.076468848
105 150 3 100 2829967 2.076482453
3 149 3 100 63033 2.076596150
11 165 3 100 1357452 2.076599755
117 155 3 100 78752 2.076697934
100 144 3 100 681788 2.076709977
81 198 3 100 726302 2.076736933
49 209 3 100 1390227 2.076747166
13 80 3 100 165257 2.076772985
38 11 3 100 79554 2.076812383
62 14 3 100 4358406 2.076901577
42 213 3 100 118406 2.076938351
56 168 3 100 310 2.076941853
76 241 3 100 1521569 2.076961179
38 173 3 100 8804078 2.076990299
1 144 3 100 29830 2.076996250
71 170 3 100 54087 2.077027967
12 190 3 100 31593 2.077057924
55 77 3 100 2483323 2.077085421
30 117 3 100 2660217 2.077211211
3 42 3 100 79763 2.077354943
2 183 3 100 56488 2.077355686
58 243 3 100 21411 2.077378357
8 164 3 100 15190 2.077437657
31 211 3 100 164311 2.077454785
112 230 3 100 26561 2.077466392
75 173 3 100 46768 2.077468029
40 195 3 100 4881 2.077470632
17 69 3 100 9262 2.077511758
43 34 3 100 811672 2.077535156
92 123 3 100 1151407 2.077647026
42 219 3 100 158181 2.077651153
31 226 3 100 24855439 2.077664962
72 215 3 100 3710582 2.077721165
105 185 3 100 69603 2.077730273
60 224 3 100 8129430 2.077796319
78 233 3 100 34318 2.077804039
64 140 3 100 4129414 2.077806265
17 74 3 100 32199 2.077809821
22 58 3 100 7312 2.077828827
29 21 3 100 42731 2.077843073
22 178 3 100 1962546 2.077864633
99 162 3 100 5808686 2.077910399
8 129 3 100 86901 2.077931279
100 251 3 100 1436026 2.077990753
3 194 3 100 436 2.078022489
61 188 3 100 196048 2.078027341
55 145 3 100 4458 2.078072398
36 60 3 100 66724 2.078090501
21 92 3 100 433574 2.078091797
110 15 3 100 1999990 2.078140935
116 184 3 100 73607 2.078170418
62 233 3 100 59649 2.078213846
42 155 3 100 35768 2.078230698
79 249 3 100 3485 2.078266778
114 173 3 100 25235 2.078417299
112 223 3 100 16531 2.078482377
122 206 3 100 9991 2.078524956
109 118 3 100 6929 2.078536857
4 42 3 100 26450 2.078551193
49 86 3 100 3666817 2.078647394
86 187 3 100 2028 2.078654094
34 178 3 100 720210 2.078674070
98 160 3 100 441114 2.078725272
17 233 3 100 70643 2.078750206
100 183 3 100 209325 2.078766121
127 226 3 100 37917 2.078787718
90 236 3 100 761 2.078822243
59 66 3 100 29096 2.078853904
126 80 3 100 15020 2.078876138
109 104 3 100 6182443 2.078977290
76 192 3 100 25255 2.078999813
78 200 3 100 22956 2.079049903
127 236 3 100 29841 2.079071227
1 155 3 100 27674 2.079091461
7 219 3 100 18409 2.079192164
38 172 3 100 6633 2.079209246
117 148 3 100 41106 2.079283263
121 42 3 100 129252 2.079303705
16 86 3 100 668435 2.079441874
10 62 3 100 2648157 2.079447474
97 213 3 100 57875 2.079531150
22 191 3 100 1965285 2.079535439
14 135 3 100 28942 2.079566751
45 204 3 100 27505 2.079571625
40 163 3 100 2235 2.079580281
87 241 3 100 1489749 2.079662487
50 211 3 100 1035416 2.079673338
73 108 3 100 142732 2.079686370
95 7 3 100 4576586 2.079687301
3 92 3 100 6218869 2.079711194
74 143 3 100 29224 2.079791572
71 167 3 100 4346 2.079793551
62 128 3 100 2218941 2.079829200
103 253 3 100 26476 2.079968470
6 244 3 100 3642 2.080009748
71 193 3 100 6495480 2.080067704
105 169 3 100 1211908 2.080087475
20 114 3 100 329033 2.080116760
50 32 3 100 1102356 2.080128667
85 50 3 100 22008 2.080169844
23 249 3 100 798911 2.080267498
32 201 3 100 1182 2.080422661
22 156 3 100 915330 2.080458491
20 132 3 100 4558237 2.080463138
41 209 3 100 77956 2.080521251
14 175 3 100 5710 2.080540647
88 159 3 100 66812 2.080586112
29 6 3 100 2869 2.080602160
53 117 3 100 1354866 2.080611321
125 81 3 100 65010 2.080617449
49 168 3 100 22973 2.080674684
120 138 3 100 6479 2.080690961
60 134 3 100 4327 2.080728397
23 243 3 100 381454 2.080743565
86 141 3 100 45442 2.080755115
40 199 3 100 9433 2.080758299
94 211 3 100 1365396 2.080769843
22 111 3 100 73077 2.080795407
2 69 3 100 90531 2.080813864
61 14 3 100 660387 2.080893779
31 152 3 100 504682 2.080896328
22 185 3 100 63709 2.080922528
28 171 3 100 26697 2.080945748
66 234 3 100 147326 2.081002469
101 135 3 100 70284 2.081011616
81 201 3 100 35642 2.081034239
127 203 3 100 19627 2.081052763
18 19 3 100 8867423 2.081059042
101 74 3 100 36492 2.081063755
104 108 3 100 41065 2.081082031
2 192 3 100 95448 2.081114335
18 235 3 100 10840 2.081155644
54 229 3 100 1944890 2.081164162
127 202 3 100 14759 2.081176926
47 238 3 100 43491 2.081215748
45 201 3 100 75334 2.081312882
121 170 3 100 29039 2.081329727
28 64 3 100 37151 2.081366922
28 2 3 100 19526 2.081380329
122 38 3 100 79829 2.081483493
28 255 3 100 64335 2.081505276
123 179 3 100 49321 2.081671482
110 189 3 100 24151 2.081672050
92 154 3 100 5034957 2.081694977
124 192 3 100 1240992 2.081742784
114 138 3 100 60600 2.081769768
125 237 3 100 73156 2.081772917
27 35 3 100 707690 2.081896052
125 46 3 100 30735 2.081981522
82 196 3 100 116994 2.081995220
77 152 3 100 3311010 2.082006647
31 131 3 100 152917 2.082008264
33 250 3 100 24544800 2.082026846
85 166 3 100 673907 2.082042520
122 217 3 100 9211 2.082184168
82 162 3 100 22695 2.082196882
120 72 3 100 47374 2.082258449
59 6 3 100 66119 2.082271240
111 55 3 100 11922 2.082274677
6 135 3 100 377 2.082314339
15 205 3 100 2917 2.082354358
103 189 3 100 42652 2.082354969
85 230 3 100 3802043 2.082425638
100 203 3 100 1345016 2.082463854
15 210 3 100 7336770 2.082474341
46 158 3 100 180885 2.082537643
13 46 3 100 28593 2.082545606
45 108 3 100 6726 2.082592904
42 112 3 100 3143302 2.082611308
24 166 3 100 18897449 2.082637838
47 210 3 100 6875947 2.082672592
49 144 3 100 68683 2.082673947
66 202 3 100 6403 2.082713014
49 255 3 100 46098 2.082740991
45 167 3 100 28360 2.082768367
18 137 3 100 7935952 2.082811707
9 51 3 100 1270812 2.082834864
1 63 3 100 1310941 2.082896852
46 151 3 100 1230969 2.082904955
127 211 3 100 823 2.082921607
76 200 3 100 202 2.082967373
69 140 3 100 48249 2.083061130
42 129 3 100 31642 2.083072143
6 193 3 100 8738798 2.083103192
68 196 3 100 24060 2.083112699
99 97 3 100 9263 2.083193565
42 35 3 100 3669 2.083205591
124 46 3 100 29958 2.083217085
16 228 3 100 25161 2.083288741
1 219 3 100 15311896 2.083372060
15 159 3 100 4152880 2.083372950
99 233 3 100 65442 2.083397712
110 129 3 100 44506 2.083407642
123 226 3 100 1144999 2.083440322
91 5 3 100 32269 2.083471538
69 116 3 100 7551 2.083550128
61 36 3 100 51153 2.083556369
113 185 3 100 68243 2.083582031
106 242 3 100 6283016 2.083591264
73 249 3 100 1169634 2.083615496
97 201 3 100 1791756 2.083645665
99 137 3 100 1729831 2.083657741
104 208 3 100 30934 2.083757666
63 155 3 100 8925 2.083791117
94 67 3 100 20709 2.083859199
115 16 3 100 692992 2.083889524
28 44 3 100 2982500 2.083936286
57 201 3 100 44331 2.083959526
18 239 3 100 66125 2.083970365
42 238 3 100 2270 2.084043217
12 149 3 100 2192293 2.084044738
118 252 3 100 13149339 2.084089366
37 137 3 100 93693 2.084173384
119 186 3 100 538367 2.084250403
10 102 3 100 6617889 2.084304592
48 58 3 100 460531 2.084308117
34 103 3 100 9362012 2.084313054
11 254 3 100 4834 2.084399758
12 227 3 100 62106 2.084403714
95 141 3 100 46932 2.084420284
25 142 3 100 67292 2.084433143
63 209 3 100 9889 2.084453490
107 142 3 100 85712 2.084496088
38 244 3 100 1092641 2.084574671
87 49 3 100 5984 2.084587980
16 30 3 100 17743 2.084675297
66 98 3 100 47173 2.084758691
96 186 3 100 100879 2.084832102
53 187 3 100 4935 2.084860456
16 152 3 100 9179326 2.084915850
36 160 3 100 15881 2.085004653
62 199 3 100 3499 2.085034532
93 244 3 100 5196191 2.085045384
38 96 3 100 3949841 2.085199352
60 72 3 100 7478060 2.085205232
37 167 3 100 34376 2.085226882
55 162 3 100 1781316 2.085292774
107 166 3 100 24047580 2.085294604
25 189 3 100 8276878 2.085319583
104 252 3 100 23093 2.085336651
17 180 3 100 43708 2.085353074
78 217 3 100 1479108 2.085354420
27 77 3 100 10795 2.085376154
4 100 3 100 1968247 2.085398531
10 247 3 100 45606 2.085458054
15 174 3 100 4047234 2.085460664
67 202 3 100 22185 2.085555965
21 149 3 100 5631286 2.085599759
50 185 3 100 1038196 2.085609594
127 237 3 100 41428 2.085629377
96 151 3 100 72480 2.085678986
32 25 3 100 3563544 2.085693257
110 57 3 100 78410 2.085762918
105 18 3 100 359349 2.085767521
48 184 3 100 40687 2.085800656
89 240 3 100 72965 2.085831654
50 156 3 100 1748298 2.085835104
115 167 3 100 134463 2.085870394
27 145 3 100 74418 2.085911359
76 209 3 100 7567 2.085936817
8 155 3 100 4432 2.085956103
113 34 3 100 9615 2.086060898
38 35 3 100 48464 2.086073532
88 4 3 100 2308220 2.086125024
39 131 3 100 2060906 2.086166194
2 162 3 100 4995 2.086188229
61 206 3 100 1256911 2.086196628
127 195 3 100 3777 2.086200758
40 146 3 100 45046 2.086209722
113 203 3 100 47354 2.086250858
68 250 3 100 2823071 2.086257470
65 125 3 100 1396263 2.086273029
119 113 3 100 1603141 2.086318751
55 52 3 100 606873 2.086328985
118 210 3 100 48438 2.086382089
100 253 3 100 62093 2.086411737
31 160 3 100 16735 2.086419481
91 161 3 100 6172 2.086431009
102 158 3 100 44792 2.086500723
94 170 3 100 2738292 2.086562401
105 252 3 100 55514 2.086570822
91 25 3 100 393823 2.086663432
112 24 3 100 44509 2.086702185
122 3 3 100 1703062 2.086706835
69 226 3 100 4336897 2.086989886
93 243 3 100 7083 2.087008806
119 225 3 100 664518 2.087095247
96 154 3 100 715319 2.087135055
127 138 3 100 18341 2.087151788
115 246 3 100 2652790 2.087180688
116 50 3 100 1314724 2.087205077
1 124 3 100 568154 2.087274217
12 24 3 100 25040733 2.087416990
28 177 3 100 178775 2.087454600
104 142 3 100 12808610 2.087534180
82 200 3 100 36404 2.087567220
5 159 3 100 1905889 2.087708434
99 231 3 100 233524 2.087713547
111 88 3 100 7865 2.087724797
72 110 3 100 3165148 2.087733149
38 226 3 100 4296 2.087806662
115 153 3 100 8622214 2.087848778
6 218 3 100 74165 2.087854821
74 188 3 100 1755708 2.087884502
71 198 3 100 45 2.087917289
24 216 3 100 15004 2.087929581
76 189 3 100 60947 2.087968511
89 7 3 100 39383 2.087969012
122 45 3 100 1520378 2.087978179
79 115 3 100 7313194 2.087997277
68 130 3 100 59046 2.088005662
24 163 3 100 220226 2.088046613
97 252 3 100 34123 2.088076470
54 228 3 100 73467 2.088139229
97 219 3 100 4267583 2.088178148
85 229 3 100 4171302 2.088201017
56 211 3 100 55857 2.088209563
112 58 3 100 1033295 2.088257809
110 24 3 100 7198 2.088293199
66 175 3 100 4193904 2.088335638
111 240 3 100 2243578 2.088423880
126 134 3 100 196777 2.088492665
91 239 3 100 1496 2.088508324
56 228 3 100 147566 2.088563156
31 142 3 100 73099 2.088581682
62 26 3 100 25345 2.088599688
60 63 3 100 162051 2.088736325
10 92 3 100 76035 2.088765015
64 209 3 100 161697 2.088775490
78 231 3 100 30075 2.088860790
64 219 3 100 20379 2.088925221
72 246 3 100 4511120 2.088950999
3 230 3 100 24313 2.088988179
118 230 3 100 36018 2.089043854
1 130 3 100 24362 2.089228605
27 121 3 100 5395 2.089271875
8 5 3 100 146232 2.089300756
102 98 3 100 7218 2.089379651
11 226 3 100 9068955 2.089414743
63 150 3 100 3579951 2.089424898
8 215 3 100 45321 2.089431303
6 189 3 100 1393083 2.089433636
25 167 3 100 78770 2.089502202
74 224 3 100 298818 2.089508221
54 97 3 100 1318127 2.089508781
91 38 3 100 4215 2.089558534
98 86 3 100 5715615 2.089560187
77 237 3 100 17773 2.089617025
121 209 3 100 32112 2.089631396
29 191 3 100 14955 2.089651288
50 208 3 100 66701 2.089682458
94 154 3 100 68867 2.089703007
42 194 3 100 1064425 2.089798584
9 180 3 100 79681 2.089919948
24 125 3 100 94397 2.089928893
66 123 3 100 78458 2.089972488
40 29 3 100 26952 2.089974796
109 137 3 100 102957 2.089978037
100 246 3 100 56300 2.089998990
93 228 3 100 4581174 2.090068053
125 230 3 100 110180 2.090149413
64 157 3 100 9912 2.090228642
104 236 3 100 76063 2.090247360
112 199 3 100 11427123 2.090347470
22 51 3 100 56824 2.090348617
1 3 3 100 2165 2.090368508
32 110 3 100 39666 2.090410543
42 217 3 100 57220 2.090476653
43 189 3 100 2908349 2.090502878
63 178 3 100 2086299 2.090547292
18 157 3 100 73358 2.090571937
59 195 3 100 337 2.090610663
103 214 3 100 25558 2.090628479
62 154 3 100 28841 2.090643127
108 16 3 100 6670422 2.090717470
48 20 3 100 112841 2.090731195
19 175 3 100 11608226 2.090732536
115 130 3 100 57944 2.090746436
91 226 3 100 25007 2.090762311
36 215 3 100 2350730 2.090978624
32 164 3 100 50041 2.090983912
17 129 3 100 54071 2.090989172
39 114 3 100 12334 2.090991192
126 88 3 100 7285661 2.091067128
62 105 3 100 66658 2.091068686
19 230 3 100 101404 2.091114299
98 196 3 100 2836 2.091116408
94 205 3 100 26699 2.091116793
19 216 3 100 21956 2.091148840
48 152 3 100 9196 2.091271396
59 142 3 100 5139 2.091289303
50 55 3 100 4928376 2.091324976
47 35 3 100 78215 2.091401576
96 179 3 100 1171991 2.091407248
119 241 3 100 36211 2.091431329
72 231 3 100 5515212 2.091463192
86 200 3 100 8679787 2.091477633
115 231 3 100 142597 2.091494511
63 135 3 100 830 2.091518107
41 12 3 100 46549 2.091706742
50 52 3 100 4592355 2.091735593
80 116 3 100 64603 2.091752239
112 214 3 100 8292243 2.091810452
11 181 3 100 32919 2.091816768
56 215 3 100 1470717 2.091847330
42 239 3 100 10693516 2.091863517
25 166 3 100 572803 2.091874158
55 173 3 100 21581 2.091885170
71 106 3 100 163784 2.091898772
119 105 3 100 72872 2.091986792
100 32 3 100 4267 2.091995991
36 175 3 100 445964 2.092005946
113 251 3 100 108830 2.092077871
82 130 3 100 60677 2.092120853
21 228 3 100 1112766 2.092143302
4 198 3 100 392992 2.092144899
124 222 3 100 63690 2.092155840
46 238 3 100 87582 2.092182744
105 23 3 100 74048 2.092184757
127 124 3 100 20321 2.092264305
1 43 3 100 1517855 2.092269023
21 228 3 100 1304251 2.092299928
9 162 3 100 8516437 2.092317298
2 231 3 100 165914 2.092324918
40 141 3 100 4703 2.092357309
5 229 3 100 2234142 2.092474202
90 211 3 100 2521243 2.092484872
0 89 3 100 8680 2.092503566
74 127 3 100 55894 2.092615018
126 153 3 100 24991 2.092641269
69 144 3 100 66188 2.092655630
50 244 3 100 1809480 2.092721765
2 254 3 100 1378780 2.092747438
24 149 3 100 44208 2.092793253
52 141 3 100 777255 2.092795682
77 26 3 100 1316862 2.092836097
123 5 3 100 69543 2.092901117
125 112 3 100 36063 2.092920992
17 240 3 100 556894 2.092924459
23 182 3 100 6208 2.092937419
54 239 3 100 955 2.092979893
11 138 3 100 2914073 2.093059773
69 225 3 100 18385 2.093177341
92 130 3 100 395865 2.093179191
11 88 3 100 7944 2.093181880
91 21 3 100 8495076 2.093215276
66 116 3 100 6128840 2.093246437
9 239 3 100 288308 2.093287810
89 169 3 100 8421795 2.093326544
94 155 3 100 155157 2.093335085
32 138 3 100 85685 2.093343576
116 129 3 100 231079 2.093347016
110 165 3 100 59901 2.093358202
122 160 3 100 4159093 2.093361409
0 105 3 100 51915 2.093372572
31 5 3 100 7842 2.093411381
24 6 3 100 25070439 2.093411682
47 251 3 100 3233112 2.093442784
54 202 3 100 74576 2.093463070
54 162 3 100 28911 2.093503649
27 206 3 100 28260 2.093522925
76 157 3 100 8324 2.093610646
107 117 3 100 73803 2.093654917
69 19 3 100 597340 2.093668473
118 12 3 100 1192832 2.093678360
26 198 3 100 26432 2.093691100
9 167 3 100 68775 2.093778358
60 189 3 100 79736 2.093799711
100 181 3 100 2775635 2.093845844
46 191 3 100 1935774 2.093878401
23 104 3 100 8475181 2.093906031
69 158 3 100 224 2.094029929
101 152 3 100 61559 2.094063257
48 207 3 100 53223 2.094104144
18 242 3 100 873691 2.094138650
79 7 3 100 142953 2.094238408
21 245 3 100 634689 2.094402747
16 236 3 100 2768564 2.094456264
60 157 3 100 6333556 2.094481945
46 172 3 100 127054 2.094522901
82 221 3 100 5551 2.094670737
124 188 3 100 48529 2.094694246
112 255 3 100 1352102 2.094830096
60 191 3 100 47027 2.094830544
121 40 3 100 54927 2.094858134
109 36 3 100 2086606 2.095012665
6 217 3 100 1224892 2.095050522
56 176 3 100 1483275 2.095055986
92 246 3 100 8010247 2.095074821
63 191 3 100 153597 2.095130937
105 145 3 100 255008 2.095164137
34 45 3 100 2405706 2.095263274
109 65 3 100 1614181 2.095300712
6 81 3 100 143527 2.095301402
72 174 3 100 70173 2.095328515
113 223 3 100 6312 2.095330171
16 143 3 100 3625705 2.095366252
26 228 3 100 3343444 2.095447517
23 178 3 100 2454821 2.095458456
98 238 3 100 54003 2.095466806
17 206 3 100 7519139 2.095482916
41 109 3 100 27079 2.095556528
45 53 3 100 870038 2.095583843
115 113 3 100 26108 2.095645023
21 176 3 100 71011 2.095656031
90 143 3 100 25299 2.095820546
25 136 3 100 178313 2.095829405
99 250 3 100 8293 2.095839099
88 39 3 100 8381967 2.095945002
112 157 3 100 33003 2.095981170
23 204 3 100 61593 2.096048581
59 205 3 100 159482 2.096081229
19 193 3 100 4621 2.096124048
121 164 3 100 76736 2.096178994
121 103 3 100 95733 2.096254836
69 224 3 100 39335 2.096294761
8 132 3 100 2744169 2.096451338
110 225 3 100 22001 2.096490068
34 12 3 100 1523879 2.096557580
11 52 3 100 4545564 2.096585397
52 135 3 100 20907 2.096605977
1 211 3 100 166704 2.096622884
56 129 3 100 16175 2.096634716
116 237 3 100 20668 2.096676572
36 180 3 100 736369 2.096682479
46 254 3 100 75910 2.096697938
94 4 3 100 648110 2.096702444
105 31 3 100 2278 2.096718809
93 133 3 100 51729 2.096810229
46 202 3 100 1491 2.096920383
23 176 3 100 6176093 2.096949544
109 61 3 100 7804958 2.096990542
59 132 3 100 32956 2.097175462
13 128 3 100 5735386 2.097180521
93 38 3 100 303230 2.097526119
6 236 3 100 36982 2.097571383
90 207 3 100 36687 2.097579578
56 219 3 100 780762 2.097611076
99 212 3 100 89086 2.097786712
87 100 3 100 3756 2.097860803
77 244 3 100 1151825 2.097915780
127 175 3 100 125095 2.097953755
112 216 3 100 38371 2.097999475
119 179 3 100 8782456 2.098083958
77 42 3 100 6443187 2.098297433
82 177 3 100 3299007 2.098298981
76 172 3 100 25053 2.098380350
118 135 3 100 24050 2.098458095
127 184 3 100 11469 2.098583358
104 186 3 100 630580 2.098594592
56 240 3 100 26790 2.098738256
113 223 3 100 58078 2.098743604
121 144 3 100 13688854 2.098810753
59 54 3 100 1356945 2.098847853
13 237 3 100 19682072 2.098877774
119 13 3 100 642821 2.099080172
103 136 3 100 34006 2.099151556
1 139 3 100 62268 2.099170372
18 211 3 100 54286 2.099845633
