2724 
33 111 3 100 26784 2.000016947
66 18 3 100 101449 2.000023015
52 109 3 100 11770 2.000026157
34 113 3 100 404254 2.000043673
12 63 3 100 1466480 2.000059219
75 65 3 100 7266276 2.000080065
54 32 3 100 3958087 2.000152961
95 28 3 100 2062099 2.000178149
36 42 3 100 1655440 2.000197613
38 232 3 100 20926 2.000206454
4 20 3 100 69451 2.000230986
86 14 3 100 41957 2.000291030
112 97 3 100 32493 2.000333098
32 21 3 100 6989 2.000342785
47 115 3 100 1582382 2.000352671
96 38 3 100 4075404 2.000355777
37 60 3 100 166790 2.000382292
116 94 3 100 16359 2.000393092
97 15 3 100 1984 2.000429186
121 192 3 100 550193 2.000487362
111 37 3 100 56673 2.000563327
104 11 3 100 72391 2.000729379
46 125 3 100 2001 2.000741519
54 86 3 100 109932 2.000775363
10 23 3 100 4930420 2.000825562
75 2 3 100 2386735 2.000828193
108 41 3 100 68456 2.000835281
49 115 3 100 74659 2.000863285
117 121 3 100 8802529 2.000879201
19 253 3 100 79846 2.000888297
66 4 3 100 39872 2.000888599
69 23 3 100 165741 2.000912222
52 110 3 100 25644 2.000977305
25 50 3 100 2476747 2.001006140
113 49 3 100 13372 2.001061246
89 109 3 100 42539 2.001071579
47 109 3 100 1961689 2.001183705
35 25 3 100 599152 2.001187468
87 108 3 100 116836 2.001238315
99 238 3 100 39132 2.001333497
55 99 3 100 3016219 2.001349664
110 13 3 100 31906 2.001368544
112 100 3 100 79409 2.001416801
39 80 3 100 4873818 2.001424675
74 116 3 100 50706 2.001428143
109 38 3 100 7535735 2.001570868
2 40 3 100 1089345 2.001605673
59 17 3 100 9428046 2.001610003
16 1 3 100 51201 2.001694787
109 244 3 100 7737 2.001764200
4 88 3 100 56495 2.001869860
29 76 3 100 1585924 2.001870853
52 101 3 100 67709 2.001893038
11 60 3 100 48112 2.001954513
71 64 3 100 592829 2.002008576
16 125 3 100 53255 2.002092842
120 65 3 100 10632 2.002095730
119 42 3 100 160770 2.002135081
127 46 3 100 37207 2.002154368
69 215 3 100 24224 2.002212696
27 20 3 100 2715057 2.002281771
101 121 3 100 4400 2.002326174
93 50 3 100 54516 2.002345402
62 127 3 100 13073 2.002407380
84 7 3 100 41371 2.002408329
39 2 3 100 185229 2.002412450
46 123 3 100 3371729 2.002433782
3 15 3 100 7750 2.002442433
12 40 3 100 17405 2.002458818
87 219 3 100 1329745 2.002495956
104 106 3 100 3199119 2.002503311
19 22 3 100 1468320 2.002516033
102 58 3 100 2232614 2.002518886
23 51 3 100 58231 2.002575112
67 101 3 100 4757021 2.002587501
95 122 3 100 62336 2.002595328
115 71 3 100 3860 2.002598305
80 72 3 100 10634 2.002604152
58 10 3 100 81979 2.002606656
23 220 3 100 5275755 2.002704010
20 67 3 100 860985 2.002739634
9 78 3 100 34201 2.002743977
57 6 3 100 265 2.002751453
87 75 3 100 5964202 2.002836690
19 102 3 100 920098 2.002856895
69 35 3 100 21990 2.002887582
26 54 3 100 21219 2.002927448
92 78 3 100 48163 2.002978877
83 78 3 100 8518819 2.002981948
60 145 3 100 176778 2.003013704
23 19 3 100 28085 2.003048813
12 65 3 100 38444 2.003071609
73 109 3 100 555079 2.003123456
109 2 3 100 7608 2.003128552
112 118 3 100 66999 2.003190232
119 50 3 100 8436 2.003213301
45 34 3 100 2006694 2.003222393
49 94 3 100 49078 2.003229271
88 90 3 100 69436 2.003242912
88 244 3 100 34489 2.003282252
34 56 3 100 17184 2.003323888
82 117 3 100 4858 2.003367674
40 81 3 100 68509 2.003405713
125 30 3 100 32688 2.003480022
23 95 3 100 58136 2.003597752
105 43 3 100 142568 2.003603399
109 121 3 100 24061 2.003672896
123 56 3 100 6227430 2.003697698
72 52 3 100 32281 2.003723419
95 188 3 100 60573 2.003739937
51 1 3 100 27813 2.003777165
18 54 3 100 1929741 2.003804667
32 39 3 100 61866 2.003812228
107 73 3 100 572883 2.003821440
123 22 3 100 2050 2.003861615
123 76 3 100 36337 2.003885000
105 112 3 100 34599 2.003887617
61 33 3 100 6922 2.003942829
78 117 3 100 627175 2.003964721
64 248 3 100 216737 2.004008679
8 121 3 100 7650877 2.004022286
99 90 3 100 59475 2.004062345
96 25 3 100 7041 2.004095533
101 118 3 100 22024 2.004160819
77 100 3 100 37756 2.004224375
40 35 3 100 54781 2.004279070
108 94 3 100 2593659 2.004290039
114 88 3 100 18190691 2.004369671
36 35 3 100 71599 2.004395482
126 218 3 100 15645 2.004407294
98 36 3 100 26141646 2.004437020
43 79 3 100 760113 2.004451947
39 46 3 100 28221 2.004534083
61 78 3 100 32593 2.004733194
16 24 3 100 27670 2.004762157
106 120 3 100 1962993 2.004798131
16 6 3 100 2290 2.004876651
100 94 3 100 1470650 2.004885139
80 93 3 100 24370 2.004908107
126 212 3 100 1726 2.004927799
18 70 3 100 117303 2.005010599
105 48 3 100 48233 2.005146631
9 119 3 100 700338 2.005147500
112 114 3 100 53178 2.005204091
73 112 3 100 41617 2.005211071
82 74 3 100 14301661 2.005254207
115 123 3 100 37063 2.005284585
119 92 3 100 172926 2.005345805
87 96 3 100 57647 2.005351140
36 201 3 100 2688773 2.005354018
109 3 3 100 27300291 2.005393597
91 115 3 100 7417 2.005453858
125 39 3 100 1694463 2.005462055
79 45 3 100 977782 2.005526842
23 7 3 100 3246837 2.005563729
83 25 3 100 8984832 2.005606400
40 85 3 100 28726 2.005640166
42 26 3 100 9722 2.005656510
31 49 3 100 77791 2.005664175
4 179 3 100 74935 2.005744580
69 40 3 100 1987060 2.005749141
110 102 3 100 29862467 2.005750048
74 83 3 100 22613 2.005853962
83 77 3 100 69032 2.005867608
80 122 3 100 61898 2.005901694
24 64 3 100 3464051 2.005913345
20 22 3 100 18274 2.005951658
37 40 3 100 21957 2.005986412
52 26 3 100 39829 2.006040695
122 204 3 100 6187 2.006070834
81 4 3 100 64487 2.006071778
70 43 3 100 25166 2.006100504
18 53 3 100 6835 2.006108551
31 91 3 100 1344722 2.006120737
57 12 3 100 574073 2.006131873
49 61 3 100 19182 2.006141489
70 126 3 100 60443 2.006142137
125 20 3 100 23432 2.006153432
32 92 3 100 5716 2.006187727
57 169 3 100 27272 2.006201858
1 30 3 100 68404 2.006242643
122 23 3 100 2982 2.006245079
100 70 3 100 74654 2.006254857
125 8 3 100 6942194 2.006255228
2 0 3 100 7361 2.006273508
6 31 3 100 821 2.006279904
78 117 3 100 8078821 2.006283656
104 74 3 100 492 2.006301950
25 20 3 100 10650 2.006363816
30 193 3 100 474453 2.006381889
31 113 3 100 27538 2.006514383
67 80 3 100 517921 2.006642737
127 95 3 100 1674492 2.006666512
12 86 3 100 24088 2.006697213
110 5 3 100 8348 2.006709873
7 84 3 100 702826 2.006727426
22 65 3 100 25991254 2.006743632
55 45 3 100 161229 2.006750942
67 36 3 100 68496 2.006762169
12 190 3 100 3312 2.006764523
87 11 3 100 44925 2.006788592
101 75 3 100 51772 2.006808894
54 82 3 100 3084 2.006835873
27 96 3 100 24825 2.006836561
64 125 3 100 26570 2.006844316
94 97 3 100 37906 2.006855467
124 83 3 100 7981263 2.006882882
65 56 3 100 830905 2.006920727
102 70 3 100 1604 2.007030961
119 129 3 100 4348423 2.007055905
61 7 3 100 25490 2.007096855
69 14 3 100 29433 2.007169425
78 2 3 100 183240 2.007182789
104 111 3 100 8236993 2.007186254
13 5 3 100 4375 2.007196931
41 108 3 100 959856 2.007327243
23 105 3 100 74582 2.007362698
29 96 3 100 58637 2.007436355
112 3 3 100 67780 2.007479295
62 174 3 100 65012 2.007492970
40 81 3 100 49266 2.007513290
88 31 3 100 3099 2.007562141
14 8 3 100 9350923 2.007585317
90 76 3 100 166563 2.007595582
76 15 3 100 4760580 2.007705078
26 48 3 100 1246577 2.007709850
67 123 3 100 568195 2.007763112
118 104 3 100 4598752 2.007806135
92 23 3 100 6579 2.007809166
12 131 3 100 29631 2.007859936
42 68 3 100 37620 2.007886012
117 56 3 100 4657 2.007924256
55 54 3 100 341009 2.007931360
26 10 3 100 9447899 2.007943905
51 19 3 100 1145222 2.007997409
70 76 3 100 877552 2.008040907
87 45 3 100 12200654 2.008067742
83 106 3 100 59888 2.008072543
32 89 3 100 142679 2.008102999
71 241 3 100 93333 2.008106509
71 48 3 100 52205 2.008214345
127 83 3 100 574 2.008283747
28 67 3 100 3319303 2.008293771
51 17 3 100 1662 2.008295096
64 116 3 100 2247613 2.008335860
58 10 3 100 18742 2.008336458
26 123 3 100 21938 2.008368318
27 127 3 100 6166 2.008385233
88 24 3 100 4711383 2.008411497
105 243 3 100 1839667 2.008490473
97 50 3 100 3102771 2.008496332
13 19 3 100 24008 2.008499146
82 104 3 100 717360 2.008520755
23 95 3 100 20687581 2.008533279
59 68 3 100 8706 2.008545207
10 120 3 100 13809 2.008563756
121 113 3 100 16707 2.008592574
74 86 3 100 26218 2.008672239
64 86 3 100 70715 2.008719067
42 147 3 100 430629 2.008731789
127 83 3 100 2048192 2.008755158
59 115 3 100 7274 2.008896270
78 50 3 100 56215 2.008900350
127 72 3 100 71793 2.008900425
68 55 3 100 20858 2.008934132
77 63 3 100 26488 2.008966255
56 52 3 100 4516937 2.008969303
1 105 3 100 123338 2.009026889
50 22 3 100 64927 2.009116208
35 129 3 100 24859 2.009131408
105 67 3 100 8997 2.009134169
126 60 3 100 15718 2.009144529
9 110 3 100 73955 2.009190585
12 98 3 100 34461 2.009194596
105 100 3 100 31445 2.009244354
20 100 3 100 29796973 2.009251690
117 114 3 100 74492 2.009255376
113 114 3 100 26819 2.009263124
73 102 3 100 8174 2.009277304
104 247 3 100 1963643 2.009327684
66 35 3 100 519446 2.009347920
102 25 3 100 72607 2.009366097
121 62 3 100 2493 2.009380270
99 26 3 100 899556 2.009428233
114 122 3 100 3064 2.009443155
6 50 3 100 72387 2.009544070
61 117 3 100 6391642 2.009577140
45 120 3 100 67734 2.009577986
66 78 3 100 8226 2.009666299
97 152 3 100 8560793 2.009710206
110 1 3 100 186841 2.009710247
81 95 3 100 1807553 2.009840087
42 56 3 100 87014 2.009860787
25 94 3 100 4253710 2.009877087
95 114 3 100 6536832 2.009960299
17 87 3 100 69667 2.009961932
22 120 3 100 8028 2.010125745
76 86 3 100 30817 2.010134082
110 50 3 100 41403 2.010141295
114 155 3 100 4030 2.010175719
11 88 3 100 50384 2.010209676
36 44 3 100 14190381 2.010245565
40 18 3 100 3494492 2.010266395
63 22 3 100 69362 2.010410938
26 80 3 100 1579 2.010454017
20 14 3 100 69199 2.010567317
119 39 3 100 3177 2.010615730
8 47 3 100 232278 2.010652954
98 13 3 100 2167 2.010729967
99 140 3 100 3668611 2.010747085
42 26 3 100 35286 2.010798502
85 37 3 100 7950 2.010812720
26 114 3 100 15450 2.010869547
109 119 3 100 27379 2.010993937
29 58 3 100 146797 2.011063729
86 0 3 100 38429 2.011071764
36 104 3 100 70718 2.011122636
69 73 3 100 3052 2.011202511
41 107 3 100 25892 2.011231026
105 165 3 100 68496 2.011335342
30 15 3 100 221 2.011360184
98 30 3 100 5689747 2.011422204
44 35 3 100 47325 2.011479707
46 103 3 100 9583 2.011497205
93 100 3 100 5093274 2.011499395
86 101 3 100 32942 2.011506185
17 104 3 100 70206 2.011513843
116 63 3 100 174535 2.011522756
64 35 3 100 4441 2.011628442
84 236 3 100 31426 2.011656188
74 99 3 100 824419 2.011690057
84 30 3 100 6796 2.011695893
52 109 3 100 6990713 2.011709943
59 64 3 100 3425 2.011748253
58 14 3 100 59742 2.011755765
109 62 3 100 6399 2.011817254
28 62 3 100 45895 2.011821054
71 9 3 100 77392 2.011852702
38 113 3 100 652514 2.011903857
88 245 3 100 23139699 2.011959589
30 19 3 100 46445 2.011998084
96 79 3 100 8985128 2.012002394
6 90 3 100 90070 2.012004608
106 79 3 100 45547 2.012012042
115 95 3 100 29956 2.012019983
98 99 3 100 23418 2.012036057
88 69 3 100 2490 2.012046282
55 32 3 100 18218 2.012052858
88 60 3 100 906255 2.012068297
67 206 3 100 49389 2.012086800
49 63 3 100 17642 2.012184729
24 6 3 100 54295 2.012194532
50 21 3 100 41500 2.012219327
27 9 3 100 261 2.012238332
33 28 3 100 2376551 2.012448489
58 4 3 100 67357 2.012453581
111 101 3 100 27991 2.012495602
34 27 3 100 20335274 2.012511735
88 116 3 100 66303 2.012519717
74 197 3 100 9005 2.012567942
76 67 3 100 36111 2.012574029
10 105 3 100 158402 2.012601071
17 10 3 100 21821 2.012624743
65 70 3 100 2946676 2.012625205
72 35 3 100 30276 2.012630334
3 38 3 100 930767 2.012682830
110 39 3 100 1897561 2.012705058
81 49 3 100 1939537 2.012717526
36 112 3 100 3324467 2.012746638
11 153 3 100 21165 2.012758050
83 43 3 100 939702 2.012767830
15 37 3 100 22579 2.012840912
116 74 3 100 65606 2.012865292
83 52 3 100 5836 2.012867860
48 47 3 100 15326 2.012870144
74 117 3 100 7069 2.012895213
6 28 3 100 603 2.012915733
29 90 3 100 59771 2.012926087
21 47 3 100 14209 2.012940067
113 254 3 100 7242 2.013033510
56 28 3 100 5917018 2.013167094
117 82 3 100 2037894 2.013196649
41 101 3 100 783036 2.013235299
45 75 3 100 718188 2.013257719
96 87 3 100 1582757 2.013273139
54 23 3 100 5054594 2.013284041
121 26 3 100 3420303 2.013287234
77 107 3 100 3983605 2.013307592
2 37 3 100 4824185 2.013336569
20 214 3 100 36549 2.013420934
66 96 3 100 52162 2.013423393
6 66 3 100 129425 2.013500440
102 41 3 100 29478 2.013559169
42 98 3 100 64131 2.013561712
9 120 3 100 72435 2.013571799
46 87 3 100 3319741 2.013582128
127 47 3 100 57880 2.013612753
86 33 3 100 25263371 2.013620684
117 57 3 100 54108 2.013663290
15 158 3 100 2401 2.013686424
36 10 3 100 4561 2.013695172
78 37 3 100 24710 2.013813615
72 8 3 100 6037 2.013877005
12 14 3 100 8948 2.013884047
88 102 3 100 43740 2.014015601
36 5 3 100 22372 2.014110426
79 124 3 100 175409 2.014130164
28 49 3 100 169475 2.014173253
65 100 3 100 55360 2.014263678
38 177 3 100 39438 2.014275577
36 37 3 100 482980 2.014299183
80 31 3 100 3660964 2.014316888
68 110 3 100 28996 2.014336601
106 36 3 100 25287 2.014348796
10 111 3 100 12011612 2.014363923
106 50 3 100 4939436 2.014395712
77 11 3 100 73802 2.014447062
98 22 3 100 25616637 2.014474228
98 108 3 100 79782 2.014587693
101 249 3 100 4594218 2.014635421
69 18 3 100 70240 2.014695356
104 30 3 100 66249 2.014754493
54 44 3 100 786354 2.014773821
1 83 3 100 1280268 2.014824080
117 65 3 100 136323 2.014825228
64 110 3 100 500223 2.014871833
95 52 3 100 54788 2.014905332
89 63 3 100 9193275 2.015016774
23 121 3 100 3778668 2.015078174
38 200 3 100 116461 2.015088834
41 75 3 100 36359 2.015113738
21 108 3 100 9962706 2.015136575
86 82 3 100 7646377 2.015149934
41 72 3 100 72899 2.015261065
9 98 3 100 167970 2.015364973
69 51 3 100 9542399 2.015400017
76 28 3 100 12306 2.015456181
11 127 3 100 3674896 2.015544593
117 89 3 100 4274526 2.015592966
67 166 3 100 610123 2.015593245
78 80 3 100 1552472 2.015618252
51 95 3 100 35846 2.015679470
7 11 3 100 75537 2.015741196
64 100 3 100 39302 2.015766854
100 72 3 100 49368 2.015852988
114 62 3 100 32233 2.015975501
65 22 3 100 203339 2.015978224
102 35 3 100 71276 2.016043615
7 106 3 100 62331 2.016076979
39 233 3 100 34037 2.016186841
82 20 3 100 20938147 2.016206878
38 11 3 100 9442 2.016282252
6 109 3 100 4418616 2.016307575
96 75 3 100 1294952 2.016357061
85 30 3 100 3448513 2.016366989
112 100 3 100 6988 2.016400329
10 125 3 100 56474 2.016475877
5 126 3 100 110330 2.016535773
118 104 3 100 6341118 2.016560907
113 153 3 100 536752 2.016615196
44 124 3 100 8057 2.016657879
71 122 3 100 58391 2.016720555
55 106 3 100 5057596 2.016761968
67 81 3 100 6393 2.016763661
110 88 3 100 27909 2.016776318
22 124 3 100 70 2.016852639
61 18 3 100 7862863 2.016869846
25 34 3 100 1028405 2.016909037
97 67 3 100 5176430 2.016967609
83 129 3 100 146047 2.016982086
82 49 3 100 157355 2.017049277
69 14 3 100 12451 2.017062389
105 19 3 100 2300071 2.017157598
106 101 3 100 68080 2.017225849
49 8 3 100 64435 2.017257157
1 45 3 100 2020393 2.017267536
126 123 3 100 79553 2.017338934
107 70 3 100 84276 2.017367418
85 64 3 100 68271 2.017415341
83 149 3 100 8161788 2.017422745
114 40 3 100 159425 2.017470849
103 125 3 100 73950 2.017472096
102 87 3 100 35896 2.017494654
11 102 3 100 138639 2.017506442
53 84 3 100 16387 2.017561276
93 29 3 100 84910 2.017585973
91 127 3 100 5009 2.017657930
117 3 3 100 64578 2.017680638
46 98 3 100 28510 2.017699353
54 136 3 100 4314403 2.017755581
67 91 3 100 57610 2.017757431
93 25 3 100 4155391 2.017801067
10 102 3 100 23386 2.017819733
51 31 3 100 7582 2.017832896
92 7 3 100 45409 2.017833218
53 54 3 100 62517 2.017856926
83 108 3 100 3256047 2.017870171
10 7 3 100 51750 2.017926640
117 85 3 100 510868 2.017936263
50 250 3 100 922 2.017941795
39 79 3 100 1726267 2.017957340
73 13 3 100 891944 2.018006028
112 16 3 100 41588 2.018019408
125 93 3 100 3030 2.018073718
12 63 3 100 21458 2.018083092
62 106 3 100 7890976 2.018102760
48 124 3 100 55274 2.018145988
11 73 3 100 4894354 2.018158830
94 75 3 100 12110339 2.018214700
38 136 3 100 82028 2.018290866
32 5 3 100 989273 2.018335960
8 3 3 100 23180 2.018425396
69 17 3 100 1393629 2.018435196
110 56 3 100 511738 2.018547139
32 106 3 100 57522 2.018565181
91 61 3 100 172538 2.018601728
27 126 3 100 3358776 2.018613870
98 127 3 100 89995 2.018621775
77 38 3 100 9038830 2.018644826
44 227 3 100 29626 2.018660975
46 81 3 100 11631 2.018740901
97 59 3 100 493444 2.018809268
123 30 3 100 193884 2.018862438
118 27 3 100 18472 2.018901467
1 108 3 100 46382 2.018905671
45 93 3 100 70795 2.018938059
115 36 3 100 4814 2.018964242
39 3 3 100 21727 2.019023188
108 127 3 100 1201279 2.019040265
55 171 3 100 29845 2.019045428
41 61 3 100 3062508 2.019046444
1 87 3 100 71912 2.019072531
52 8 3 100 70757 2.019101256
31 105 3 100 6849534 2.019127506
15 26 3 100 142041 2.019139869
68 90 3 100 3209 2.019143084
23 40 3 100 1643404 2.019162315
113 53 3 100 56126 2.019227349
3 18 3 100 49427 2.019328346
117 139 3 100 528692 2.019351251
123 108 3 100 24204 2.019440263
90 98 3 100 2790488 2.019540224
92 40 3 100 3331 2.019541490
70 41 3 100 9372940 2.019613806
8 56 3 100 9005 2.019627114
2 85 3 100 3331924 2.019645038
37 49 3 100 1384384 2.019658969
84 111 3 100 4993597 2.019676903
1 7 3 100 2012 2.019679595
97 233 3 100 9846101 2.019700497
45 63 3 100 175222 2.019707960
27 47 3 100 63406 2.019719972
101 68 3 100 2242821 2.019723785
81 16 3 100 59501 2.019727681
46 36 3 100 71022 2.019747218
59 113 3 100 150900 2.019785088
21 13 3 100 3045700 2.019812943
24 30 3 100 18456 2.019908226
23 12 3 100 906917 2.019958064
47 231 3 100 9270432 2.020017534
61 42 3 100 1659474 2.020032863
50 48 3 100 52799 2.020070748
29 115 3 100 11598 2.020147287
31 40 3 100 4307905 2.020183631
76 52 3 100 702599 2.020204693
115 45 3 100 49766 2.020357115
5 29 3 100 45957 2.020369616
22 33 3 100 27930 2.020472397
69 35 3 100 31253 2.020480863
63 169 3 100 144304 2.020481283
64 70 3 100 28382 2.020563639
105 2 3 100 5738 2.020578609
80 45 3 100 7378 2.020586883
112 113 3 100 1200221 2.020587315
73 8 3 100 28333 2.020712809
55 25 3 100 8988 2.020725935
4 61 3 100 29353 2.020746842
8 123 3 100 68703 2.020780820
115 24 3 100 2782489 2.020801394
10 164 3 100 25260 2.020879951
49 66 3 100 13818 2.020880464
97 41 3 100 13909 2.020886682
47 88 3 100 62489 2.020909034
27 4 3 100 24756 2.020923993
78 83 3 100 72989 2.020968514
5 71 3 100 72310 2.021002521
105 27 3 100 5480183 2.021009275
9 127 3 100 60790 2.021046551
47 52 3 100 2369451 2.021115708
56 205 3 100 75201 2.021174744
81 100 3 100 23118 2.021239991
79 67 3 100 4252390 2.021248581
61 7 3 100 7981650 2.021266833
53 26 3 100 1116495 2.021280167
0 78 3 100 23626 2.021287376
100 89 3 100 74800 2.021296872
59 23 3 100 4054 2.021332262
126 7 3 100 155016 2.021394756
41 48 3 100 3247651 2.021395509
20 154 3 100 190078 2.021450174
71 50 3 100 36880 2.021484898
73 67 3 100 1682869 2.021486246
63 4 3 100 6789889 2.021539005
20 120 3 100 4545 2.021544649
17 89 3 100 7937 2.021618062
24 48 3 100 10952 2.021748696
33 112 3 100 66087 2.021757952
91 110 3 100 8407243 2.021777312
15 42 3 100 37970 2.021777623
65 210 3 100 5883184 2.021807632
108 95 3 100 1621 2.021813464
112 65 3 100 3880019 2.021837943
94 0 3 100 6520 2.021870136
85 71 3 100 3647677 2.021870162
14 66 3 100 7976 2.021894079
86 14 3 100 3067182 2.021974780
57 115 3 100 2473 2.022001664
71 51 3 100 5553055 2.022059915
83 58 3 100 47685 2.022089943
63 143 3 100 198317 2.022110700
80 116 3 100 1551406 2.022197628
123 67 3 100 7097796 2.022220357
102 61 3 100 616 2.022236031
5 118 3 100 12315 2.022276320
28 93 3 100 73185 2.022287467
2 71 3 100 3162775 2.022350193
115 8 3 100 71276 2.022367680
21 96 3 100 5551747 2.022406253
79 86 3 100 7649969 2.022485156
109 195 3 100 18004 2.022527916
109 11 3 100 4905997 2.022534057
33 109 3 100 669439 2.022627441
36 87 3 100 6012 2.022630218
121 61 3 100 74299 2.022656336
35 43 3 100 16401 2.022666639
97 107 3 100 130601 2.022669816
81 108 3 100 2589 2.022741470
112 114 3 100 8383 2.022747543
62 126 3 100 73654 2.022750180
100 176 3 100 59947 2.022760901
21 92 3 100 3670525 2.022822679
108 4 3 100 29615 2.022838787
29 40 3 100 63799 2.022879927
69 117 3 100 39900 2.022940791
123 65 3 100 5352210 2.022955708
40 75 3 100 27614 2.023118643
91 54 3 100 7899 2.023139405
60 15 3 100 13332587 2.023148914
119 117 3 100 14410 2.023160075
6 216 3 100 10126 2.023244829
11 16 3 100 4010 2.023259677
100 22 3 100 3991 2.023269808
54 92 3 100 4176344 2.023305933
65 4 3 100 3563478 2.023332962
22 55 3 100 19678191 2.023391468
45 25 3 100 27271 2.023430560
57 9 3 100 76398 2.023445300
70 48 3 100 29156 2.023458967
1 24 3 100 1801698 2.023459284
82 191 3 100 954757 2.023467220
114 18 3 100 11354161 2.023532055
70 49 3 100 15420 2.023559310
103 121 3 100 26497 2.023614971
58 99 3 100 78521 2.023656279
27 18 3 100 27617 2.023672766
41 77 3 100 8419 2.023686929
33 19 3 100 48165 2.023717053
107 124 3 100 56779 2.023738988
25 103 3 100 6905 2.023894093
38 244 3 100 162024 2.023909175
109 124 3 100 25763 2.023947942
15 0 3 100 29287505 2.023952004
24 70 3 100 6236 2.023958778
104 62 3 100 75635 2.024000936
69 86 3 100 104314 2.024003451
113 79 3 100 69504 2.024079432
28 115 3 100 47775 2.024133881
127 80 3 100 56026 2.024148535
126 64 3 100 652824 2.024155717
110 183 3 100 14502483 2.024209810
40 76 3 100 153677 2.024240121
120 100 3 100 412537 2.024288657
95 80 3 100 8031 2.024294411
54 113 3 100 3806974 2.024319872
82 34 3 100 78954 2.024338542
53 124 3 100 25972 2.024344517
8 17 3 100 18888 2.024349709
92 41 3 100 21958 2.024366740
38 109 3 100 9485916 2.024373072
97 212 3 100 7687 2.024378997
21 20 3 100 4005 2.024435213
43 112 3 100 177966 2.024437025
122 79 3 100 567372 2.024482268
54 112 3 100 3320 2.024494979
37 80 3 100 6599 2.024566048
66 104 3 100 55501 2.024569483
7 72 3 100 4816075 2.024605416
25 117 3 100 4239992 2.024641573
119 14 3 100 1875825 2.024688151
125 203 3 100 116028 2.024702789
9 19 3 100 5814 2.024735035
37 67 3 100 874422 2.024764652
28 61 3 100 1484969 2.024796016
61 70 3 100 3437328 2.024808334
47 22 3 100 35938 2.024812244
47 85 3 100 4824148 2.024827783
31 1 3 100 35372 2.024887094
123 103 3 100 760 2.024946567
109 32 3 100 3533191 2.024986774
120 229 3 100 5011 2.025014721
33 78 3 100 5058 2.025044057
69 102 3 100 23899 2.025108980
34 36 3 100 2577 2.025111843
36 8 3 100 25403 2.025125146
88 0 3 100 6261504 2.025199241
41 63 3 100 1945937 2.025201838
27 33 3 100 68895 2.025203778
17 126 3 100 73957 2.025213738
27 104 3 100 3987774 2.025260829
26 220 3 100 51232 2.025281451
104 61 3 100 1143418 2.025284145
6 44 3 100 68003 2.025314066
72 10 3 100 7449 2.025398698
95 23 3 100 1200820 2.025438247
1 106 3 100 7330 2.025488813
23 84 3 100 20169 2.025493585
125 94 3 100 55161 2.025525769
29 60 3 100 21350 2.025597557
44 27 3 100 1055617 2.025657282
109 218 3 100 3378 2.025693005
22 10 3 100 3101 2.025753319
43 10 3 100 1112380 2.025821707
21 24 3 100 1563315 2.025843477
114 52 3 100 32835 2.025848702
125 96 3 100 8209 2.025858803
100 107 3 100 2070243 2.025869013
2 1 3 100 8380366 2.025887028
112 120 3 100 11509977 2.025907642
121 90 3 100 116184 2.025975812
67 238 3 100 4582170 2.026007235
99 120 3 100 999 2.026119993
109 0 3 100 42081 2.026171277
97 28 3 100 190906 2.026227680
74 65 3 100 838524 2.026283438
88 31 3 100 75333 2.026288665
85 38 3 100 1976380 2.026315816
20 90 3 100 11089 2.026368208
127 76 3 100 696780 2.026398809
14 67 3 100 1525812 2.026471458
55 210 3 100 116308 2.026488269
83 14 3 100 20303 2.026596863
102 40 3 100 3976 2.026632671
36 123 3 100 1911447 2.026672336
56 31 3 100 34240 2.026691190
68 67 3 100 26577 2.026713516
61 24 3 100 36517 2.026804908
50 115 3 100 2296 2.026829963
106 91 3 100 4242736 2.026875173
95 89 3 100 23888 2.026897165
13 189 3 100 71487 2.026911174
66 113 3 100 26397 2.026976047
69 114 3 100 21747772 2.027024440
64 101 3 100 8638 2.027090519
77 3 3 100 654270 2.027098045
54 79 3 100 47211 2.027102494
36 34 3 100 11479 2.027120545
90 30 3 100 8002 2.027135161
52 104 3 100 1404596 2.027173956
1 46 3 100 7354 2.027179469
69 136 3 100 40678 2.027289146
52 30 3 100 20580676 2.027333755
79 116 3 100 1565 2.027346405
113 53 3 100 32476 2.027401523
58 107 3 100 9036684 2.027455837
90 51 3 100 1283875 2.027465192
90 4 3 100 10903 2.027515759
39 68 3 100 6781 2.027553063
26 115 3 100 33382 2.027563497
11 96 3 100 27062 2.027594769
34 234 3 100 4891308 2.027605949
100 56 3 100 1851272 2.027634260
76 90 3 100 73883 2.027682674
76 30 3 100 184864 2.027701345
97 106 3 100 102117 2.027755373
62 103 3 100 763845 2.027781171
62 31 3 100 4567741 2.027799416
45 21 3 100 7466877 2.027800898
54 9 3 100 740524 2.027811302
68 63 3 100 239430 2.027849423
48 254 3 100 9258898 2.027910608
102 13 3 100 27284 2.027918493
78 87 3 100 30256 2.027943441
47 85 3 100 79066 2.027952738
81 49 3 100 52815 2.027957298
7 78 3 100 28543 2.028013466
92 36 3 100 198358 2.028028553
96 2 3 100 3541816 2.028042756
70 102 3 100 3075741 2.028104263
80 105 3 100 6864 2.028207264
28 201 3 100 3665958 2.028256304
106 55 3 100 3846526 2.028270123
54 59 3 100 27508 2.028285938
111 57 3 100 4261508 2.028344341
23 0 3 100 7075638 2.028368591
58 38 3 100 56578 2.028392451
60 118 3 100 56842 2.028431873
5 31 3 100 1280965 2.028447566
123 8 3 100 1506318 2.028464343
44 78 3 100 35934 2.028521619
69 186 3 100 40062 2.028538771
46 29 3 100 3367526 2.028556339
69 52 3 100 2979 2.028564805
120 40 3 100 70177 2.028580711
33 11 3 100 6890 2.028601648
102 66 3 100 100106 2.028682065
55 81 3 100 28311 2.028708513
90 58 3 100 7440479 2.028715549
33 21 3 100 836 2.028765976
19 71 3 100 3425 2.028772685
32 189 3 100 4830201 2.028847989
36 71 3 100 43472 2.028928171
17 28 3 100 3081502 2.028955110
85 64 3 100 4755770 2.028991232
59 106 3 100 25195 2.029007385
98 83 3 100 91818 2.029106016
110 35 3 100 50360 2.029140006
59 42 3 100 1190433 2.029186567
125 86 3 100 4174 2.029197850
78 56 3 100 23506 2.029251076
82 147 3 100 5709 2.029255419
13 53 3 100 20966 2.029273616
72 99 3 100 1554489 2.029277524
25 31 3 100 1403 2.029308465
40 77 3 100 27862 2.029344591
78 127 3 100 13054 2.029370065
5 113 3 100 58940 2.029448266
109 78 3 100 1519484 2.029453882
66 17 3 100 1297616 2.029464242
38 103 3 100 119964 2.029589181
49 216 3 100 62077 2.029591183
54 24 3 100 74803 2.029600953
9 18 3 100 8181 2.029602367
123 112 3 100 8583899 2.029680231
29 26 3 100 48898 2.029734858
35 44 3 100 6206 2.029892908
91 47 3 100 1529051 2.029923886
43 58 3 100 482569 2.029929102
42 102 3 100 52889 2.029950688
38 109 3 100 1030029 2.029967204
122 183 3 100 2550 2.030000785
108 113 3 100 55683 2.030059309
99 60 3 100 179 2.030226910
38 22 3 100 50501 2.030277676
30 104 3 100 4161507 2.030299290
116 37 3 100 1691851 2.030339039
63 71 3 100 706501 2.030339807
115 1 3 100 776613 2.030360717
60 61 3 100 5974 2.030376711
43 91 3 100 2477 2.030403261
48 241 3 100 28841686 2.030414776
71 19 3 100 160912 2.030454083
118 10 3 100 2155289 2.030514357
96 28 3 100 18973 2.030539620
43 5 3 100 72865 2.030599301
93 89 3 100 11855 2.030630804
9 21 3 100 25989 2.030638760
85 34 3 100 147484 2.030646976
98 109 3 100 1540605 2.030654671
53 28 3 100 32396 2.030691956
14 219 3 100 46551 2.030829263
93 33 3 100 9932 2.030829825
89 57 3 100 1429814 2.030913822
46 121 3 100 197472 2.030933602
3 109 3 100 27551 2.030972424
80 31 3 100 1837432 2.030984651
54 127 3 100 91125 2.031032934
45 6 3 100 398909 2.031059838
88 28 3 100 19795 2.031103009
104 36 3 100 4688438 2.031115858
39 250 3 100 17885 2.031137637
101 91 3 100 173875 2.031158875
44 22 3 100 179211 2.031199161
107 90 3 100 308159 2.031228469
88 52 3 100 6819017 2.031276651
19 22 3 100 5081 2.031292922
97 22 3 100 67150 2.031312033
76 47 3 100 2691 2.031331719
13 9 3 100 149397 2.031338483
93 124 3 100 84324 2.031386493
59 212 3 100 1155362 2.031388261
36 84 3 100 8394 2.031414891
11 52 3 100 699758 2.031423377
91 114 3 100 6671080 2.031431604
7 21 3 100 43142 2.031444910
60 54 3 100 30553 2.031495728
66 32 3 100 25794 2.031515547
45 48 3 100 52972 2.031527757
39 58 3 100 3433020 2.031532474
35 25 3 100 86989 2.031571224
117 202 3 100 74684 2.031590965
110 90 3 100 117944 2.031596414
78 53 3 100 9590 2.031602026
54 25 3 100 1620139 2.031607037
110 37 3 100 8755 2.031637415
63 114 3 100 49079 2.031699475
73 20 3 100 55551 2.031736594
54 63 3 100 152182 2.031756109
85 19 3 100 14266 2.031769006
117 105 3 100 74262 2.031787736
115 209 3 100 24588 2.031807496
20 79 3 100 789874 2.031823635
12 110 3 100 5392 2.031838276
119 62 3 100 16721645 2.031840533
11 113 3 100 1996605 2.031857040
125 97 3 100 27350 2.031908327
52 47 3 100 64646 2.031969610
18 107 3 100 747546 2.032006175
90 86 3 100 119302 2.032021305
51 32 3 100 79344 2.032070113
76 142 3 100 1987237 2.032091987
17 77 3 100 9010 2.032117349
33 80 3 100 55269 2.032129385
127 0 3 100 770046 2.032138739
113 21 3 100 73940 2.032150794
41 80 3 100 598 2.032169902
35 0 3 100 28322 2.032172160
98 93 3 100 61195 2.032226178
77 110 3 100 7249 2.032246349
5 93 3 100 71595 2.032297516
85 147 3 100 61170 2.032304987
115 80 3 100 140519 2.032385706
121 102 3 100 60046 2.032399841
115 107 3 100 26802 2.032516706
114 120 3 100 27486 2.032528131
48 102 3 100 2983542 2.032542326
15 5 3 100 67393 2.032547065
80 122 3 100 49483 2.032566573
56 53 3 100 2431201 2.032611332
127 4 3 100 29213 2.032773509
85 211 3 100 851763 2.032845070
50 112 3 100 7632981 2.032849131
61 120 3 100 30992 2.032858106
42 69 3 100 55829 2.032864983
120 105 3 100 21281 2.032945216
24 18 3 100 3399332 2.032958650
122 84 3 100 830348 2.033013940
108 66 3 100 32283 2.033071561
51 21 3 100 31579 2.033098820
118 109 3 100 3176353 2.033147609
49 152 3 100 41949 2.033158993
14 8 3 100 11621534 2.033184234
67 44 3 100 350043 2.033185211
103 93 3 100 133630 2.033208306
46 6 3 100 58080 2.033238659
55 33 3 100 26034923 2.033241537
48 72 3 100 2211 2.033298279
66 101 3 100 4474 2.033298502
44 112 3 100 28987 2.033319738
76 100 3 100 1393643 2.033362985
47 222 3 100 3971 2.033366605
19 22 3 100 920920 2.033434938
126 121 3 100 24935060 2.033450228
93 44 3 100 7778187 2.033472132
120 24 3 100 9870 2.033570015
85 11 3 100 17168 2.033582076
81 45 3 100 7411 2.033665296
35 1 3 100 4862 2.033677755
123 27 3 100 37485 2.033756568
121 86 3 100 48676 2.033781853
25 223 3 100 24750 2.033861580
32 40 3 100 179062 2.033907323
102 88 3 100 44740 2.033957540
52 15 3 100 809694 2.034085860
101 107 3 100 28029366 2.034099524
17 1 3 100 617187 2.034142541
100 10 3 100 57692 2.034152842
50 85 3 100 4492280 2.034206306
108 21 3 100 4407155 2.034215535
126 6 3 100 3273 2.034226680
87 160 3 100 1693569 2.034299963
60 36 3 100 7129518 2.034307676
66 58 3 100 44136 2.034382261
14 68 3 100 4544 2.034386569
13 52 3 100 2619533 2.034464940
64 123 3 100 41843 2.034483026
32 61 3 100 1420524 2.034513713
8 117 3 100 6449771 2.034560016
70 29 3 100 7324340 2.034613459
120 39 3 100 547528 2.034614972
57 173 3 100 10658 2.034621282
66 100 3 100 3423171 2.034657465
123 45 3 100 31236 2.034658648
85 124 3 100 1764013 2.034689173
23 11 3 100 9195 2.034809921
77 19 3 100 2794 2.034826166
33 25 3 100 1552729 2.034873377
108 95 3 100 3730628 2.034887404
20 22 3 100 8729 2.034888019
24 119 3 100 6088 2.034918643
60 139 3 100 56986 2.034929140
0 126 3 100 25745 2.034929914
8 123 3 100 21625 2.034932403
65 53 3 100 2160 2.034994063
68 60 3 100 18912164 2.035040715
64 87 3 100 73995 2.035053350
47 70 3 100 24847 2.035156765
50 98 3 100 75870 2.035180840
45 5 3 100 7209 2.035219335
60 54 3 100 54990 2.035275722
32 221 3 100 53449 2.035366407
81 118 3 100 25346 2.035427893
68 92 3 100 8463948 2.035433920
124 97 3 100 23047 2.035489732
108 64 3 100 43778 2.035502118
86 51 3 100 98316 2.035511898
14 109 3 100 33383 2.035579764
64 74 3 100 4226218 2.035691855
33 88 3 100 58557 2.035716617
79 127 3 100 39674 2.035769716
114 215 3 100 881539 2.035780134
50 44 3 100 29818660 2.035790639
30 35 3 100 4649660 2.035801086
22 8 3 100 8483 2.035828329
124 55 3 100 29018 2.035847706
39 9 3 100 613054 2.035847983
112 89 3 100 127099 2.035872045
44 114 3 100 49671 2.035881970
118 52 3 100 48879 2.035920638
92 20 3 100 1309 2.035952872
58 200 3 100 26358799 2.035966446
110 84 3 100 440734 2.036052866
102 33 3 100 44291 2.036093744
76 30 3 100 32873 2.036103613
43 93 3 100 47488 2.036109385
5 72 3 100 14325119 2.036126030
60 119 3 100 2029861 2.036206363
32 56 3 100 14660 2.036225161
8 73 3 100 3495462 2.036229452
77 70 3 100 8794717 2.036254232
125 179 3 100 45539 2.036255349
75 39 3 100 18402 2.036381558
10 52 3 100 9308271 2.036414220
25 71 3 100 56241 2.036423200
116 51 3 100 64491 2.036429629
55 67 3 100 3820759 2.036550004
26 46 3 100 10306152 2.036616773
22 27 3 100 8802175 2.036631916
85 23 3 100 5842 2.036706837
42 70 3 100 54532 2.036730635
72 181 3 100 202340 2.036843662
19 91 3 100 1653518 2.036855206
25 48 3 100 16127 2.036869763
17 68 3 100 739 2.036888601
120 0 3 100 29809 2.036917319
4 18 3 100 1058 2.036974167
71 28 3 100 819016 2.037024131
51 92 3 100 54950 2.037039305
59 80 3 100 180676 2.037070558
6 30 3 100 4682077 2.037089839
33 249 3 100 40948 2.037137439
8 10 3 100 634864 2.037153416
11 12 3 100 70244 2.037176981
91 68 3 100 3055149 2.037186209
63 120 3 100 38878 2.037226473
6 28 3 100 39435 2.037273747
99 22 3 100 1223890 2.037381307
64 24 3 100 58359 2.037423461
19 102 3 100 31125 2.037443786
91 64 3 100 1061233 2.037451654
85 223 3 100 142180 2.037458532
99 40 3 100 4583 2.037504922
81 71 3 100 4794 2.037556169
11 59 3 100 313552 2.037575435
72 45 3 100 1963745 2.037606245
65 76 3 100 160755 2.037656972
16 6 3 100 12549865 2.037682523
16 87 3 100 4135 2.037684569
112 103 3 100 480573 2.037756794
48 108 3 100 5657 2.037767532
41 210 3 100 74063 2.037773349
13 75 3 100 5771 2.037787956
56 49 3 100 78262 2.037792900
63 124 3 100 26412 2.037821215
68 62 3 100 15776 2.037829902
7 41 3 100 7076748 2.037848967
13 115 3 100 109614 2.037851608
112 19 3 100 46956 2.037854438
64 107 3 100 2810392 2.037899223
36 59 3 100 1253068 2.037901416
82 188 3 100 326480 2.038018160
41 7 3 100 55430 2.038033022
38 47 3 100 21369 2.038055577
73 69 3 100 55955 2.038063498
105 47 3 100 3781017 2.038069193
114 81 3 100 3218611 2.038083863
26 127 3 100 59812 2.038110548
81 30 3 100 26476 2.038142528
7 98 3 100 1300384 2.038160139
53 125 3 100 55888 2.038161936
35 183 3 100 27728049 2.038165981
35 30 3 100 181418 2.038184879
31 21 3 100 2936 2.038207650
92 16 3 100 29672 2.038218164
51 64 3 100 23548 2.038271445
103 51 3 100 19310 2.038312524
90 54 3 100 22979 2.038315690
13 82 3 100 5956825 2.038323982
114 88 3 100 11561 2.038333490
0 57 3 100 9649 2.038357724
119 249 3 100 1069266 2.038407791
82 120 3 100 56659 2.038415575
45 121 3 100 522082 2.038469708
61 118 3 100 8112030 2.038488326
104 112 3 100 40221 2.038539142
47 91 3 100 16946 2.038629857
2 25 3 100 24166 2.038634191
41 44 3 100 602699 2.038634806
78 96 3 100 438058 2.038648866
27 37 3 100 18375 2.038657500
62 230 3 100 51224 2.038686970
68 19 3 100 55351 2.038691453
8 44 3 100 23098 2.038697819
115 118 3 100 743349 2.038699530
63 86 3 100 7053 2.038770576
43 119 3 100 2719643 2.038867531
118 58 3 100 76607 2.038925469
51 115 3 100 6412305 2.039053290
81 124 3 100 2481 2.039119783
51 42 3 100 4985257 2.039126221
74 186 3 100 19734 2.039143231
30 57 3 100 25075 2.039150668
8 60 3 100 12130387 2.039345984
69 41 3 100 8577 2.039369515
20 62 3 100 1990024 2.039376491
104 56 3 100 1049996 2.039409894
52 44 3 100 33595 2.039410726
116 38 3 100 21382 2.039475990
120 124 3 100 22760 2.039496544
87 6 3 100 73830 2.039514578
63 205 3 100 28803 2.039529240
9 84 3 100 78181 2.039540036
125 41 3 100 41090 2.039550085
58 53 3 100 7857937 2.039556934
114 75 3 100 33638 2.039628682
54 17 3 100 129217 2.039676491
58 87 3 100 78597 2.039751912
116 81 3 100 4041 2.039759764
44 43 3 100 23909 2.039943180
89 109 3 100 3723468 2.039954041
56 155 3 100 1154404 2.039973816
114 124 3 100 4070 2.039996447
72 70 3 100 2869836 2.040078392
93 104 3 100 1776149 2.040138638
43 119 3 100 57057 2.040150496
26 10 3 100 18024 2.040351335
45 118 3 100 39692 2.040364732
102 90 3 100 79591 2.040400094
113 64 3 100 542 2.040452720
82 17 3 100 34812 2.040481059
11 170 3 100 754312 2.040555746
66 114 3 100 1954286 2.040672559
16 109 3 100 1065 2.040692603
73 60 3 100 4507 2.040739325
44 125 3 100 7032683 2.040753382
101 25 3 100 6870754 2.040904741
8 76 3 100 1166249 2.040928294
74 14 3 100 1966960 2.040951687
57 100 3 100 1043451 2.040986218
78 58 3 100 71978 2.041005553
69 214 3 100 79038 2.041044842
59 32 3 100 6825 2.041082901
99 73 3 100 4227190 2.041084185
71 72 3 100 453037 2.041087628
53 63 3 100 7564125 2.041184069
17 4 3 100 4107215 2.041191213
12 84 3 100 822455 2.041195440
39 99 3 100 2479 2.041210489
0 45 3 100 86416 2.041238566
69 97 3 100 40304 2.041309687
20 130 3 100 20829 2.041322161
16 53 3 100 28348 2.041324930
17 93 3 100 22249 2.041327860
104 25 3 100 138695 2.041343403
108 87 3 100 785303 2.041385420
43 125 3 100 739325 2.041428400
108 13 3 100 20219 2.041472592
93 13 3 100 3827184 2.041483451
21 9 3 100 49999 2.041504608
64 43 3 100 358318 2.041505862
97 223 3 100 6337 2.041510869
59 77 3 100 53398 2.041513765
68 41 3 100 612569 2.041542939
80 95 3 100 8085 2.041557792
36 103 3 100 23954 2.041635342
127 121 3 100 675798 2.041641209
109 26 3 100 39931 2.041667487
92 87 3 100 126444 2.041682618
56 75 3 100 1043 2.041696911
38 22 3 100 31747 2.041717603
56 231 3 100 9316227 2.041719031
45 52 3 100 156752 2.041755290
76 71 3 100 195534 2.041774998
17 68 3 100 142629 2.041806885
37 116 3 100 15916 2.041807920
106 78 3 100 1058 2.041838214
110 102 3 100 20097 2.041856511
14 115 3 100 334803 2.041867080
114 26 3 100 11314 2.041938669
38 55 3 100 28868 2.041984965
35 236 3 100 1200941 2.042055201
118 125 3 100 524025 2.042089624
61 24 3 100 27707576 2.042129687
88 86 3 100 62413 2.042148060
68 25 3 100 1891702 2.042157895
70 20 3 100 47921 2.042163729
107 108 3 100 1536 2.042203647
100 126 3 100 154091 2.042236878
107 24 3 100 6445 2.042259936
73 18 3 100 72386 2.042269276
95 166 3 100 425022 2.042271109
57 2 3 100 9784 2.042285251
121 57 3 100 514939 2.042376108
61 58 3 100 903466 2.042382002
112 73 3 100 1301242 2.042383814
64 115 3 100 191797 2.042402308
43 120 3 100 1916 2.042504122
79 68 3 100 4496108 2.042521583
48 111 3 100 1349097 2.042525897
35 44 3 100 8680 2.042582453
57 158 3 100 3225052 2.042623762
109 15 3 100 72060 2.042729255
106 21 3 100 32379 2.042755388
66 119 3 100 21767 2.042771564
115 7 3 100 1225979 2.042796002
9 37 3 100 10956 2.042800792
0 47 3 100 27444 2.042849553
35 46 3 100 6168137 2.042867735
86 126 3 100 6706385 2.042967424
127 5 3 100 6023611 2.042986368
54 136 3 100 54974 2.043017878
114 58 3 100 5658 2.043103577
52 77 3 100 28490 2.043165726
125 104 3 100 3110 2.043186601
96 83 3 100 29688 2.043234618
47 50 3 100 20169 2.043241270
82 68 3 100 37410 2.043263782
19 63 3 100 107013 2.043285468
73 74 3 100 26962 2.043289310
0 99 3 100 1344738 2.043297559
87 191 3 100 499431 2.043330738
21 30 3 100 22115 2.043362797
98 79 3 100 817910 2.043375990
94 65 3 100 9732 2.043417917
85 38 3 100 34637 2.043455191
49 123 3 100 2318 2.043460083
105 118 3 100 1714028 2.043515434
62 84 3 100 77927 2.043538243
22 127 3 100 22914385 2.043622901
7 8 3 100 36592 2.043626934
122 211 3 100 1058 2.043641696
65 115 3 100 7417466 2.043645662
22 78 3 100 3974057 2.043700082
109 75 3 100 1294353 2.043708395
122 41 3 100 1858031 2.043812602
44 80 3 100 748 2.043836112
31 42 3 100 23046 2.043841904
119 38 3 100 9276857 2.043867025
87 94 3 100 145074 2.043913312
83 116 3 100 4077806 2.044068853
7 153 3 100 1481322 2.044169120
29 52 3 100 7016 2.044180955
72 127 3 100 35722 2.044192531
78 91 3 100 40131 2.044233761
38 34 3 100 1347584 2.044241281
105 16 3 100 3468084 2.044255408
23 66 3 100 91722 2.044280730
111 98 3 100 1333 2.044372558
25 120 3 100 17422 2.044401644
92 8 3 100 6919 2.044445679
93 204 3 100 1637141 2.044454231
29 101 3 100 24255 2.044464786
2 66 3 100 73622 2.044510154
104 6 3 100 1492382 2.044614267
15 127 3 100 51326 2.044647442
45 115 3 100 20078 2.044652732
46 58 3 100 6884065 2.044680790
112 107 3 100 124618 2.044722617
1 84 3 100 613620 2.044728482
121 105 3 100 22024 2.044786329
86 226 3 100 66160 2.044791586
9 103 3 100 46484 2.044823272
47 17 3 100 5261 2.044918427
21 106 3 100 7910264 2.044994824
21 95 3 100 8597528 2.045042303
45 18 3 100 27861 2.045049407
11 43 3 100 28010 2.045073660
94 86 3 100 7867671 2.045165609
45 116 3 100 1888871 2.045194128
113 39 3 100 39898 2.045229491
92 204 3 100 1856974 2.045248843
39 107 3 100 95466 2.045261299
53 25 3 100 178870 2.045303167
84 85 3 100 1228532 2.045426190
124 103 3 100 28911275 2.045489233
110 124 3 100 45867 2.045498552
77 105 3 100 232 2.045512336
121 88 3 100 1948207 2.045551356
62 15 3 100 2373 2.045581608
63 22 3 100 6800 2.045595612
112 250 3 100 3963106 2.045618610
122 102 3 100 2456 2.045679743
107 25 3 100 9008309 2.045712119
40 82 3 100 24522 2.045847121
63 14 3 100 19270 2.045857560
19 89 3 100 73346 2.045864774
101 82 3 100 4744930 2.045893143
93 60 3 100 3005 2.045897777
123 13 3 100 58169 2.045923384
110 84 3 100 5401 2.045930473
38 239 3 100 7371558 2.045938208
73 9 3 100 47543 2.045964388
90 44 3 100 79049 2.045967434
18 49 3 100 34419 2.046010577
10 6 3 100 6791746 2.046090328
99 125 3 100 958078 2.046105833
8 53 3 100 2371670 2.046122336
24 112 3 100 5180 2.046208005
4 44 3 100 45226 2.046240174
51 127 3 100 46077 2.046262743
52 197 3 100 6376581 2.046375050
1 126 3 100 66400 2.046423974
27 49 3 100 67100 2.046435262
77 91 3 100 5061176 2.046441043
93 38 3 100 57812 2.046471445
48 87 3 100 4923871 2.046627317
46 57 3 100 1850599 2.046628004
99 8 3 100 70968 2.046669098
90 63 3 100 60456 2.046671135
13 33 3 100 4733 2.046671240
60 226 3 100 68074 2.046681349
122 71 3 100 65707 2.046712268
41 46 3 100 803770 2.046745847
3 14 3 100 125384 2.046812468
69 23 3 100 103794 2.046825344
102 53 3 100 48250 2.046836910
42 121 3 100 4708273 2.046897907
69 31 3 100 2116488 2.046961472
36 41 3 100 126 2.047093640
18 89 3 100 24855705 2.047096802
74 195 3 100 1194 2.047116374
93 29 3 100 709497 2.047128538
50 41 3 100 364203 2.047150229
49 24 3 100 1448869 2.047250551
123 4 3 100 5977251 2.047269992
119 22 3 100 636144 2.047462422
123 19 3 100 46908 2.047471376
29 33 3 100 19188 2.047510596
53 61 3 100 7710 2.047562265
108 7 3 100 68045 2.047590524
7 220 3 100 67160 2.047591528
40 44 3 100 3274800 2.047677147
124 95 3 100 8755 2.047805815
43 31 3 100 870422 2.047808277
88 87 3 100 938878 2.047844755
105 117 3 100 8918 2.047865669
59 92 3 100 3676312 2.047894750
2 1 3 100 21031 2.047906292
94 17 3 100 352 2.047949941
126 103 3 100 23656 2.047957571
21 162 3 100 1270045 2.047966667
111 86 3 100 43251 2.048124656
39 34 3 100 370231 2.048282127
97 40 3 100 789401 2.048285704
20 62 3 100 9853662 2.048315615
92 24 3 100 3007461 2.048330432
108 12 3 100 910106 2.048338208
24 113 3 100 9738 2.048351195
24 70 3 100 110153 2.048364363
83 69 3 100 1429907 2.048369064
27 131 3 100 28333 2.048442360
23 107 3 100 1729662 2.048510785
92 110 3 100 9079 2.048562988
21 104 3 100 182966 2.048605401
71 8 3 100 237551 2.048615692
67 102 3 100 25998 2.048670094
64 62 3 100 182230 2.048684817
87 51 3 100 11903274 2.048709658
8 107 3 100 3022 2.048721885
54 28 3 100 56214 2.048760754
126 236 3 100 4827777 2.048889692
4 70 3 100 797 2.048923055
114 39 3 100 39478 2.048998173
43 111 3 100 6202477 2.049014367
27 80 3 100 8950 2.049022986
26 49 3 100 9731 2.049037900
103 30 3 100 4519 2.049059382
87 21 3 100 50894 2.049117688
14 29 3 100 3791 2.049157135
29 86 3 100 1444499 2.049203777
41 197 3 100 1100 2.049261394
66 31 3 100 47329 2.049289884
77 29 3 100 511919 2.049299024
77 72 3 100 27767 2.049325576
61 5 3 100 2181 2.049345453
57 88 3 100 980240 2.049369067
121 101 3 100 2079 2.049410907
15 115 3 100 56037 2.049423441
70 59 3 100 296045 2.049434694
26 79 3 100 120711 2.049504319
97 246 3 100 110392 2.049597867
7 32 3 100 1344877 2.049608871
94 12 3 100 63257 2.049635187
53 112 3 100 63040 2.049654993
4 53 3 100 434558 2.049658303
98 3 3 100 4633373 2.049698541
108 41 3 100 31763 2.049710408
41 93 3 100 28709 2.049820774
61 107 3 100 1261 2.049824548
47 97 3 100 3914344 2.049837167
80 170 3 100 845484 2.049867022
109 9 3 100 1486793 2.049922650
115 113 3 100 20254 2.049923732
108 48 3 100 161536 2.049935945
68 5 3 100 1939183 2.049975688
100 16 3 100 306852 2.050011871
47 94 3 100 9884494 2.050076587
87 67 3 100 3745 2.050102769
0 49 3 100 8738649 2.050136300
84 14 3 100 5181260 2.050156397
66 149 3 100 62031 2.050192494
95 65 3 100 2255986 2.050216009
77 64 3 100 37735 2.050225389
55 111 3 100 47458 2.050306465
93 53 3 100 1331310 2.050331831
51 50 3 100 1995868 2.050416312
13 89 3 100 192734 2.050436777
114 107 3 100 1526023 2.050505020
118 43 3 100 24069 2.050529876
0 123 3 100 32218 2.050599738
82 203 3 100 1587220 2.050606336
55 117 3 100 9906887 2.050632362
78 0 3 100 46850 2.050651082
101 112 3 100 164152 2.050665336
14 47 3 100 892600 2.050695998
98 49 3 100 14657 2.050704149
57 4 3 100 32437 2.050881790
55 44 3 100 20549 2.050948004
98 106 3 100 65155 2.050951420
12 38 3 100 4596350 2.050965428
101 130 3 100 2894104 2.051010067
97 115 3 100 27029 2.051084925
3 9 3 100 9796505 2.051116864
91 86 3 100 52637 2.051204371
113 35 3 100 23475 2.051259639
71 82 3 100 4107 2.051268686
122 30 3 100 3074098 2.051287027
124 66 3 100 185780 2.051292193
10 29 3 100 1249211 2.051381443
102 84 3 100 3895579 2.051422491
117 238 3 100 1314061 2.051435081
93 21 3 100 3154768 2.051440642
14 21 3 100 7054 2.051492658
39 50 3 100 5132998 2.051533633
51 29 3 100 180377 2.051535637
30 71 3 100 23150 2.051544165
120 25 3 100 21682 2.051669381
114 48 3 100 2421 2.051757879
94 126 3 100 30667 2.051809801
76 19 3 100 1253409 2.051826181
97 151 3 100 26199365 2.051965586
47 83 3 100 36352 2.052041979
107 34 3 100 9697973 2.052055417
57 29 3 100 20573 2.052116006
16 26 3 100 24797 2.052131403
72 14 3 100 23254 2.052149135
96 36 3 100 15590 2.052168766
52 120 3 100 19700 2.052173802
125 126 3 100 652 2.052191653
53 116 3 100 281807 2.052196369
6 160 3 100 4658230 2.052203293
66 21 3 100 162691 2.052207857
34 95 3 100 3108956 2.052223709
109 110 3 100 170534 2.052233765
7 12 3 100 63621 2.052275975
124 57 3 100 9394552 2.052288133
51 27 3 100 914858 2.052290421
77 23 3 100 55770 2.052368704
118 127 3 100 1828979 2.052373167
37 118 3 100 5583583 2.052385237
40 169 3 100 7698607 2.052457045
115 16 3 100 695120 2.052511415
28 25 3 100 829261 2.052515371
105 0 3 100 4781760 2.052568794
77 40 3 100 7308 2.052606836
5 113 3 100 9712340 2.052607600
125 0 3 100 9643689 2.052633640
35 84 3 100 25553 2.052680103
43 108 3 100 18747 2.052682874
58 116 3 100 25699 2.052685160
106 226 3 100 76990 2.052836430
18 48 3 100 1842052 2.052850660
12 127 3 100 46475 2.052861969
43 10 3 100 55939 2.052952903
18 87 3 100 8741 2.053069678
20 10 3 100 1984848 2.053078242
38 40 3 100 49688 2.053129232
111 79 3 100 1587394 2.053285753
57 32 3 100 2685015 2.053351234
111 73 3 100 6074 2.053352222
10 193 3 100 3854 2.053391917
64 11 3 100 55239 2.053403796
25 28 3 100 4007 2.053423063
33 59 3 100 78158 2.053493777
31 99 3 100 69508 2.053521889
1 88 3 100 1166675 2.053523069
48 85 3 100 1252078 2.053622771
43 38 3 100 1063 2.053648723
103 9 3 100 1001886 2.053675732
70 111 3 100 71358 2.053680440
67 137 3 100 941260 2.053693471
56 9 3 100 64782 2.053748096
35 66 3 100 16837 2.053804144
7 75 3 100 2363 2.053817944
89 125 3 100 5271 2.053823293
24 50 3 100 51412 2.053825081
85 41 3 100 1489 2.053899946
111 19 3 100 25407 2.053930861
10 15 3 100 1349904 2.053941471
2 123 3 100 1143647 2.053956259
12 189 3 100 59778 2.053956643
123 92 3 100 5645 2.053970356
60 57 3 100 1767112 2.053989865
81 72 3 100 1285 2.054023627
12 51 3 100 9353 2.054110046
2 35 3 100 5024240 2.054219702
106 116 3 100 64146 2.054313134
41 76 3 100 6289 2.054313629
4 44 3 100 27616 2.054313895
99 0 3 100 647218 2.054342043
61 232 3 100 2563500 2.054353473
20 94 3 100 57702 2.054377905
32 17 3 100 2923668 2.054437072
96 112 3 100 72372 2.054450018
63 4 3 100 8612 2.054545149
93 50 3 100 64689 2.054556373
62 81 3 100 21400 2.054587545
69 42 3 100 73578 2.054641131
24 89 3 100 1586519 2.054756907
74 95 3 100 51776 2.054785012
49 234 3 100 2579542 2.054839367
116 115 3 100 23478 2.054839526
38 120 3 100 13860 2.055000713
98 96 3 100 9672 2.055007207
66 85 3 100 5616 2.055068554
13 71 3 100 16311 2.055095997
105 58 3 100 2002711 2.055113221
88 13 3 100 9063 2.055149201
24 27 3 100 106962 2.055259733
59 51 3 100 916611 2.055325298
90 194 3 100 1310 2.055333956
113 87 3 100 584464 2.055389020
17 26 3 100 7905740 2.055397578
48 37 3 100 3656 2.055420570
127 97 3 100 19696 2.055431813
30 40 3 100 198918 2.055575996
55 96 3 100 1961664 2.055603464
82 46 3 100 3841271 2.055659340
4 111 3 100 47871 2.055666067
7 23 3 100 46048 2.055707900
122 210 3 100 29683 2.055732396
4 111 3 100 76185 2.055758211
37 86 3 100 50903 2.055763095
98 62 3 100 64331 2.055806392
41 109 3 100 384181 2.055813443
86 113 3 100 5938 2.055874549
41 26 3 100 47095 2.055957125
99 5 3 100 977853 2.056022169
44 78 3 100 2450797 2.056065515
56 41 3 100 70054 2.056084136
2 203 3 100 20405 2.056138198
109 28 3 100 4729308 2.056226373
76 36 3 100 7921801 2.056245013
13 117 3 100 100664 2.056338655
94 3 3 100 13320 2.056392819
21 113 3 100 137848 2.056401887
87 14 3 100 63645 2.056405111
51 8 3 100 445812 2.056412043
56 38 3 100 43120 2.056482556
28 32 3 100 44844 2.056552016
27 214 3 100 39071 2.056574019
63 41 3 100 1113094 2.056581740
43 91 3 100 19682 2.056604522
8 22 3 100 947204 2.056629309
79 41 3 100 7253 2.056654586
27 103 3 100 34187 2.056709528
96 1 3 100 75669 2.056792199
118 1 3 100 2514 2.056798413
62 75 3 100 48028 2.056805149
40 104 3 100 3829211 2.056805489
39 170 3 100 9422 2.056827390
58 82 3 100 57612 2.056828427
44 113 3 100 842912 2.056846015
111 114 3 100 3930 2.056883447
27 48 3 100 75727 2.056894426
120 70 3 100 74115 2.056928781
100 92 3 100 642402 2.056991101
93 97 3 100 1510978 2.057003208
34 46 3 100 3627017 2.057051653
0 6 3 100 4821916 2.057070226
66 206 3 100 1491892 2.057099420
54 58 3 100 42024 2.057103827
116 1 3 100 36580 2.057130258
7 27 3 100 119 2.057134974
81 118 3 100 8540069 2.057171548
68 53 3 100 3923821 2.057206462
41 91 3 100 9774 2.057230722
106 69 3 100 2744 2.057262153
52 99 3 100 44203 2.057301073
114 63 3 100 198 2.057341678
9 211 3 100 426 2.057383347
53 40 3 100 33762 2.057408603
18 88 3 100 38407 2.057421340
107 34 3 100 33934 2.057427886
104 75 3 100 135894 2.057436046
72 112 3 100 1466496 2.057437469
66 48 3 100 19418 2.057543671
111 66 3 100 2184 2.057545194
55 2 3 100 57778 2.057604952
80 110 3 100 32438 2.057686793
126 154 3 100 6032709 2.057711249
110 90 3 100 1278340 2.057711359
29 14 3 100 65828 2.057844288
58 60 3 100 7506 2.057853208
114 26 3 100 5657317 2.057879760
44 87 3 100 1815 2.057881063
39 17 3 100 26653 2.057903711
56 27 3 100 977880 2.057980848
57 124 3 100 19071808 2.057982753
17 21 3 100 190337 2.058006508
21 226 3 100 8586 2.058012760
71 56 3 100 46083 2.058021049
18 58 3 100 876884 2.058026357
85 5 3 100 260 2.058079875
81 26 3 100 159245 2.058168235
57 86 3 100 1120953 2.058180714
127 3 3 100 70869 2.058235221
14 99 3 100 6772929 2.058263170
86 54 3 100 47124 2.058266212
81 69 3 100 5763 2.058408767
88 200 3 100 532674 2.058440232
52 57 3 100 510 2.058462519
16 21 3 100 21182 2.058550727
0 17 3 100 1354862 2.058561355
93 107 3 100 2222680 2.058620267
43 86 3 100 16496325 2.058658875
33 4 3 100 3459 2.058688940
121 106 3 100 507269 2.058813645
55 11 3 100 42716 2.058833906
71 98 3 100 747533 2.058870370
76 232 3 100 587 2.058897160
5 10 3 100 20649 2.058939719
100 85 3 100 4354 2.058950131
126 99 3 100 418009 2.058965442
16 78 3 100 19569 2.059028818
81 33 3 100 7840488 2.059031188
45 119 3 100 10437 2.059066769
9 67 3 100 33941 2.059104777
35 84 3 100 359647 2.059112116
41 8 3 100 24343 2.059221347
123 238 3 100 361404 2.059238266
58 96 3 100 38796 2.059247828
86 28 3 100 28425 2.059249744
48 28 3 100 21845 2.059329112
79 13 3 100 974530 2.059336627
12 111 3 100 182319 2.059346063
108 5 3 100 28695307 2.059421374
91 27 3 100 744 2.059423811
45 22 3 100 10614 2.059493066
115 108 3 100 1483367 2.059582290
79 193 3 100 463763 2.059594879
24 13 3 100 9179 2.059607677
105 111 3 100 1180916 2.059633649
68 82 3 100 38069 2.059638555
68 4 3 100 28890 2.059676212
41 79 3 100 49280 2.059751883
105 96 3 100 3320435 2.059795329
104 36 3 100 3487465 2.059799124
95 43 3 100 8223 2.059871839
115 77 3 100 188206 2.059929129
91 195 3 100 27506 2.059942862
19 21 3 100 51156 2.059962481
108 89 3 100 78789 2.060040785
82 58 3 100 67345 2.060053015
57 88 3 100 3729107 2.060066064
8 108 3 100 176886 2.060139875
123 32 3 100 140735 2.060262029
36 91 3 100 6854 2.060301618
56 94 3 100 1050191 2.060395217
25 74 3 100 75245 2.060457572
28 221 3 100 17893 2.060481445
53 72 3 100 43583 2.060511439
77 62 3 100 33548 2.060515652
108 0 3 100 2593 2.060590724
112 0 3 100 6721 2.060612121
101 91 3 100 3137351 2.060642054
7 13 3 100 66431 2.060678008
91 93 3 100 31820 2.060742880
47 5 3 100 973002 2.060744586
50 120 3 100 1118377 2.060838405
73 158 3 100 25319 2.060849268
90 26 3 100 23894 2.060886174
113 4 3 100 22471 2.060906023
109 91 3 100 21907 2.060917378
105 28 3 100 7543 2.060921881
114 126 3 100 1494352 2.060998729
30 114 3 100 130242 2.061021949
99 104 3 100 637559 2.061026830
100 1 3 100 42821 2.061099169
67 42 3 100 66931 2.061100717
6 166 3 100 12328 2.061110564
72 63 3 100 99 2.061119361
47 121 3 100 15581 2.061123948
108 90 3 100 29483781 2.061144163
106 80 3 100 1316 2.061158210
48 114 3 100 19347 2.061217544
2 100 3 100 4643 2.061225269
126 117 3 100 59470 2.061250209
118 16 3 100 10817 2.061269914
1 41 3 100 29128 2.061290374
86 152 3 100 1482967 2.061352675
37 1 3 100 144830 2.061384634
113 3 3 100 1529862 2.061447296
37 92 3 100 36110 2.061495482
75 70 3 100 1273827 2.061535097
88 13 3 100 190812 2.061535881
8 31 3 100 21048 2.061552336
96 73 3 100 4691724 2.061590639
22 109 3 100 1361808 2.061617056
50 115 3 100 3792335 2.061632887
2 178 3 100 9723 2.061748148
48 113 3 100 57726 2.061764725
108 110 3 100 241464 2.061771544
47 58 3 100 22173 2.061772209
24 0 3 100 1156558 2.061776546
56 80 3 100 6760660 2.061798346
47 104 3 100 105496 2.061838260
68 69 3 100 8361 2.061958857
87 103 3 100 1174745 2.061969737
79 86 3 100 60728 2.061970164
83 201 3 100 183418 2.062045677
106 110 3 100 1197881 2.062062978
24 115 3 100 3604570 2.062081252
68 56 3 100 12589 2.062091124
41 101 3 100 31205 2.062109621
87 105 3 100 8554 2.062118704
48 29 3 100 16174317 2.062128738
54 9 3 100 984041 2.062139805
15 21 3 100 39544 2.062149740
2 57 3 100 2712027 2.062208942
73 238 3 100 22360 2.062252616
29 95 3 100 462203 2.062338659
102 5 3 100 466465 2.062355965
33 89 3 100 7812476 2.062390839
72 59 3 100 85005 2.062394357
118 111 3 100 161859 2.062407617
18 64 3 100 20449062 2.062441569
39 77 3 100 7628 2.062444439
100 58 3 100 32088 2.062458054
81 126 3 100 15 2.062469854
90 208 3 100 69156 2.062495674
86 100 3 100 66590 2.062520897
39 122 3 100 4191 2.062580521
54 91 3 100 79869 2.062624724
53 113 3 100 80743 2.062646060
40 108 3 100 62421 2.062671883
1 118 3 100 110780 2.062679345
106 3 3 100 1751223 2.062746141
5 85 3 100 954477 2.062793146
36 82 3 100 3694 2.062869649
46 241 3 100 6613 2.062873128
52 56 3 100 182587 2.062936888
61 37 3 100 29607 2.062984319
87 82 3 100 74827 2.063023613
75 64 3 100 35167 2.063027534
113 53 3 100 170383 2.063053350
90 1 3 100 3099 2.063098402
110 0 3 100 3214828 2.063135961
127 125 3 100 36655 2.063138315
11 44 3 100 13576635 2.063140882
4 130 3 100 3783057 2.063177436
104 63 3 100 5286 2.063236495
98 117 3 100 72054 2.063250789
37 68 3 100 58471 2.063257589
72 124 3 100 861603 2.063267919
115 71 3 100 1201666 2.063444030
98 92 3 100 748729 2.063454982
115 15 3 100 62388 2.063467441
57 19 3 100 29546 2.063482167
110 46 3 100 154967 2.063507473
96 219 3 100 118756 2.063539626
107 20 3 100 34177 2.063573270
28 11 3 100 9773360 2.063626674
79 67 3 100 47944 2.063672279
10 90 3 100 53191 2.063691345
72 74 3 100 31860 2.063714193
104 97 3 100 73033 2.063759254
36 25 3 100 9063743 2.063820389
95 79 3 100 16069 2.063831134
108 15 3 100 66560 2.063970410
17 227 3 100 1664383 2.063987645
64 21 3 100 57783 2.063991211
111 62 3 100 2427 2.064003394
23 65 3 100 1617369 2.064027410
102 2 3 100 44421 2.064054999
111 75 3 100 6964 2.064070016
119 117 3 100 2554 2.064106958
98 42 3 100 5485 2.064219114
90 16 3 100 30699 2.064239296
48 62 3 100 1016 2.064259906
95 130 3 100 5488217 2.064283325
81 35 3 100 3030268 2.064290598
27 22 3 100 4254308 2.064372390
84 70 3 100 44729 2.064402058
16 25 3 100 994677 2.064403335
83 89 3 100 49940 2.064426072
99 37 3 100 68666 2.064516564
26 110 3 100 3926172 2.064552799
76 122 3 100 13097 2.064565585
74 16 3 100 4385 2.064631024
52 155 3 100 1070054 2.064637020
111 25 3 100 47509 2.064643255
91 89 3 100 42422 2.064649922
78 100 3 100 191 2.064681564
71 52 3 100 620952 2.064683763
83 105 3 100 1869321 2.064767236
35 28 3 100 3744891 2.064799715
22 100 3 100 9236854 2.064845561
113 46 3 100 3298163 2.064854160
109 57 3 100 6669 2.064867181
18 131 3 100 4163159 2.064876396
58 26 3 100 25957 2.064907307
90 85 3 100 5292 2.064936848
101 0 3 100 905671 2.064966565
122 92 3 100 1478576 2.065005795
117 14 3 100 2655604 2.065043136
10 107 3 100 941543 2.065052983
33 13 3 100 25974 2.065206177
57 93 3 100 13207180 2.065237671
83 124 3 100 4641092 2.065374678
10 195 3 100 1251786 2.065378531
57 112 3 100 7616793 2.065394049
115 27 3 100 5802829 2.065404957
120 106 3 100 28186422 2.065438555
88 20 3 100 30613 2.065515729
115 24 3 100 63635 2.065594862
69 119 3 100 2174 2.065623720
62 22 3 100 23697 2.065641958
75 16 3 100 28332 2.065659302
88 43 3 100 692 2.065719718
6 255 3 100 60481 2.065720931
27 45 3 100 6552 2.065732736
97 5 3 100 18737 2.065821451
50 45 3 100 640232 2.065822135
120 88 3 100 549640 2.065946771
118 24 3 100 239 2.065959943
94 56 3 100 5171365 2.065966026
15 65 3 100 67506 2.065978984
91 39 3 100 1070839 2.066101993
86 100 3 100 48339 2.066127455
109 222 3 100 20773 2.066132181
27 57 3 100 2218479 2.066156107
66 28 3 100 741966 2.066185169
16 93 3 100 1293 2.066205234
77 67 3 100 5128 2.066205421
31 99 3 100 79870 2.066307188
69 80 3 100 4282614 2.066350708
90 120 3 100 114635 2.066380511
115 37 3 100 9050 2.066446895
15 36 3 100 28127 2.066543662
98 239 3 100 38346 2.066566279
31 32 3 100 29351 2.066689195
44 37 3 100 1868284 2.066695817
74 101 3 100 21432 2.066753722
77 40 3 100 7977 2.066765845
48 25 3 100 49518 2.066800791
105 57 3 100 70406 2.066851268
119 25 3 100 19691389 2.066872202
62 72 3 100 4662088 2.066886855
115 11 3 100 1573153 2.066897121
120 215 3 100 6376335 2.066911098
29 61 3 100 53153 2.066923075
91 71 3 100 5591 2.066961756
91 40 3 100 83809 2.067038168
41 40 3 100 3872184 2.067047709
21 107 3 100 5404972 2.067065638
64 68 3 100 4236912 2.067067765
80 74 3 100 73589 2.067099947
85 123 3 100 20718 2.067104786
91 94 3 100 54085 2.067144475
48 129 3 100 70240 2.067180279
125 59 3 100 5078 2.067216218
121 76 3 100 1990089 2.067321982
94 109 3 100 4075921 2.067341561
107 50 3 100 21469 2.067393906
34 15 3 100 977 2.067422653
61 117 3 100 20568 2.067442840
57 56 3 100 75283 2.067487001
13 73 3 100 4966613 2.067511492
94 18 3 100 3951588 2.067574310
34 187 3 100 58446 2.067623633
113 57 3 100 27058 2.067631625
119 96 3 100 2515100 2.067651770
7 45 3 100 44640 2.067653008
108 10 3 100 9558 2.067684635
4 35 3 100 7652841 2.067733967
10 27 3 100 46096 2.067759893
47 15 3 100 633375 2.067850169
28 99 3 100 170510 2.067896870
106 61 3 100 65860 2.067924097
102 195 3 100 26998 2.067978562
27 71 3 100 1785 2.067979090
43 110 3 100 4443689 2.067995284
99 31 3 100 3626337 2.068019313
22 0 3 100 48227 2.068042642
109 115 3 100 74658 2.068074511
3 21 3 100 28332496 2.068120297
76 90 3 100 1867455 2.068146520
105 11 3 100 3187 2.068149099
83 47 3 100 23899 2.068231126
25 134 3 100 27381 2.068241438
121 127 3 100 39061 2.068255556
101 108 3 100 3841612 2.068262853
48 66 3 100 4110 2.068287789
49 33 3 100 5428870 2.068339400
94 5 3 100 54001 2.068395120
44 127 3 100 1224100 2.068483304
8 2 3 100 10176 2.068488717
87 101 3 100 113855 2.068515406
127 56 3 100 195334 2.068528295
120 222 3 100 6536 2.068553822
77 118 3 100 398704 2.068690722
104 118 3 100 78781 2.068725947
12 33 3 100 38709 2.068766627
113 69 3 100 21646 2.068811581
46 22 3 100 3454915 2.068826367
9 103 3 100 1962 2.068840623
4 65 3 100 68188 2.068888298
122 125 3 100 47630 2.068892532
49 107 3 100 34695 2.068895830
121 170 3 100 1524845 2.068913140
102 90 3 100 1672545 2.068949764
11 4 3 100 39694 2.069006124
62 50 3 100 55297 2.069040977
51 85 3 100 75820 2.069060994
66 28 3 100 3188 2.069082430
15 38 3 100 1149725 2.069121267
11 112 3 100 1215 2.069148478
71 114 3 100 8146043 2.069154329
120 73 3 100 1865798 2.069162136
94 255 3 100 1824289 2.069167126
54 75 3 100 7596 2.069171157
58 119 3 100 3026305 2.069182415
101 76 3 100 867688 2.069193117
100 46 3 100 3373 2.069259969
27 64 3 100 58163 2.069314995
48 8 3 100 29769 2.069367373
50 27 3 100 8664 2.069380660
53 12 3 100 51829 2.069455034
43 103 3 100 118756 2.069503340
71 232 3 100 37637 2.069541333
56 65 3 100 48914 2.069550900
95 26 3 100 642 2.069599150
49 84 3 100 8502 2.069722952
26 37 3 100 29683 2.069789781
20 88 3 100 191281 2.069799523
56 90 3 100 65158 2.069805951
25 99 3 100 12156 2.069815534
21 61 3 100 2771525 2.069828116
112 109 3 100 7756 2.069985536
71 169 3 100 28706 2.070102549
103 58 3 100 437845 2.070117361
35 49 3 100 3091599 2.070130965
81 71 3 100 69103 2.070143521
48 58 3 100 645712 2.070161556
2 106 3 100 38575 2.070163357
54 84 3 100 6959992 2.070248690
63 4 3 100 674631 2.070260922
11 98 3 100 4266605 2.070267686
114 7 3 100 1350884 2.070406833
95 207 3 100 12574222 2.070410956
45 61 3 100 115561 2.070491385
19 16 3 100 693986 2.070598525
21 17 3 100 52846 2.070624806
114 8 3 100 2012580 2.070626358
73 102 3 100 5963651 2.070659557
43 50 3 100 26054 2.070675795
122 81 3 100 26246 2.070686044
122 102 3 100 6021 2.070718097
93 116 3 100 265444 2.070762673
115 205 3 100 3659483 2.070762824
71 97 3 100 1767 2.070770027
31 87 3 100 22731 2.070802496
45 51 3 100 8688 2.070836678
100 114 3 100 17136 2.070838384
68 100 3 100 9906 2.070839143
104 62 3 100 23979 2.070843729
17 87 3 100 1758624 2.070857835
99 75 3 100 29257 2.070921992
32 80 3 100 1734029 2.071012715
78 158 3 100 2287 2.071035370
62 31 3 100 3535 2.071050224
104 8 3 100 27726 2.071058229
57 44 3 100 41833 2.071065761
21 105 3 100 35585 2.071210372
89 81 3 100 12300255 2.071242012
99 97 3 100 1947320 2.071254814
10 94 3 100 99195 2.071255515
13 81 3 100 385408 2.071260956
64 28 3 100 2200 2.071261458
93 228 3 100 47928 2.071319280
19 103 3 100 170586 2.071364475
23 17 3 100 55166 2.071394888
82 12 3 100 1163990 2.071421182
1 84 3 100 62088 2.071427866
34 110 3 100 2775276 2.071446751
41 70 3 100 48125 2.071544346
47 71 3 100 669769 2.071622036
102 54 3 100 1151276 2.071638522
99 95 3 100 3683125 2.071713497
110 133 3 100 11182 2.071714787
11 113 3 100 4696970 2.071731107
30 124 3 100 17052 2.071743983
100 34 3 100 7018990 2.071780074
84 85 3 100 29098 2.071783044
9 32 3 100 1850963 2.071783738
124 103 3 100 5579422 2.071786559
23 29 3 100 9224 2.071868284
118 122 3 100 1088638 2.071921142
95 66 3 100 51463 2.071947776
50 210 3 100 326698 2.072021159
56 42 3 100 25704 2.072044667
74 24 3 100 37833 2.072080340
103 23 3 100 1172482 2.072084678
103 12 3 100 21928 2.072117736
31 14 3 100 4859 2.072118172
104 78 3 100 1938113 2.072125046
101 97 3 100 11093 2.072189360
8 53 3 100 27220476 2.072221783
108 39 3 100 10063 2.072230045
20 187 3 100 1027189 2.072264542
86 55 3 100 73598 2.072301338
63 112 3 100 7209 2.072326296
50 11 3 100 14617 2.072335909
5 111 3 100 8484360 2.072346488
75 97 3 100 270509 2.072395570
19 20 3 100 71473 2.072489222
124 63 3 100 1549918 2.072492497
120 87 3 100 1299 2.072518356
123 68 3 100 426499 2.072524522
125 149 3 100 173429 2.072560282
115 49 3 100 7780 2.072574904
40 100 3 100 38153 2.072667798
45 7 3 100 22296 2.072679959
43 16 3 100 21644 2.072723047
52 2 3 100 20484 2.072723660
93 82 3 100 18260323 2.072735515
77 43 3 100 10752 2.072749425
108 55 3 100 63523 2.072760633
90 94 3 100 78070 2.072789803
19 247 3 100 15218 2.072873203
56 95 3 100 286597 2.072873706
85 25 3 100 2101 2.072879647
97 62 3 100 7158472 2.072898937
99 23 3 100 3306 2.072920195
72 98 3 100 4142307 2.072977328
83 51 3 100 2886928 2.073030991
108 85 3 100 58848 2.073090130
54 29 3 100 38200 2.073115825
18 44 3 100 8162958 2.073130018
101 225 3 100 29269 2.073137765
94 127 3 100 3799667 2.073217596
89 32 3 100 646722 2.073229150
78 107 3 100 8591179 2.073249261
27 47 3 100 11976 2.073268555
81 100 3 100 25263 2.073320152
106 22 3 100 1333781 2.073346784
7 29 3 100 2575199 2.073360772
42 58 3 100 4262257 2.073368520
29 48 3 100 79589 2.073410142
37 163 3 100 1282795 2.073488333
93 95 3 100 7040287 2.073573994
54 108 3 100 4609977 2.073581610
8 21 3 100 37159 2.073584400
13 29 3 100 704114 2.073651745
38 76 3 100 379581 2.073682519
100 97 3 100 74238 2.073707041
2 67 3 100 10521 2.073740285
62 46 3 100 6865 2.073741691
24 119 3 100 1821605 2.073752671
101 226 3 100 49639 2.073794183
126 116 3 100 59520 2.073825951
13 95 3 100 6807 2.073862902
31 3 3 100 62679 2.073968197
111 117 3 100 24319 2.073969973
120 13 3 100 66102 2.074030764
77 78 3 100 51299 2.074038301
40 15 3 100 1924285 2.074147650
111 87 3 100 50836 2.074201281
0 99 3 100 6083 2.074210858
50 180 3 100 3443672 2.074214755
26 37 3 100 137772 2.074245230
13 7 3 100 4363202 2.074256211
37 16 3 100 7697 2.074261182
8 41 3 100 12729 2.074294416
63 60 3 100 522998 2.074361970
97 103 3 100 56987 2.074374993
55 86 3 100 99968 2.074384562
19 55 3 100 67435 2.074391649
51 15 3 100 6413 2.074393632
80 225 3 100 169914 2.074419800
88 89 3 100 1716366 2.074420497
65 103 3 100 29307 2.074428122
26 60 3 100 22495 2.074444491
67 120 3 100 40694 2.074448703
48 43 3 100 42548 2.074581536
79 63 3 100 53113 2.074593043
70 32 3 100 68392 2.074611018
27 37 3 100 7922122 2.074621808
58 40 3 100 29693 2.074641659
25 145 3 100 64758 2.074649373
41 104 3 100 236465 2.074657565
9 108 3 100 7030 2.074693213
81 57 3 100 1918805 2.074706512
45 101 3 100 54842 2.074724575
81 36 3 100 1846224 2.074787682
13 1 3 100 38081 2.074802410
72 82 3 100 29069 2.074831956
103 11 3 100 38383 2.074836754
62 97 3 100 7544 2.074849387
47 241 3 100 23302505 2.074851304
30 47 3 100 3061 2.074892093
109 25 3 100 55372 2.074892946
56 26 3 100 27920 2.074987693
12 121 3 100 835268 2.075027103
43 61 3 100 38105 2.075031139
40 48 3 100 2980 2.075070472
29 96 3 100 97538 2.075146708
64 17 3 100 7762473 2.075156784
90 102 3 100 75433 2.075161999
51 137 3 100 33978 2.075177448
50 33 3 100 69201 2.075246088
88 121 3 100 35570 2.075251060
39 19 3 100 360839 2.075368521
85 59 3 100 8735528 2.075377505
55 125 3 100 54805 2.075393820
68 96 3 100 63815 2.075419789
80 77 3 100 3590379 2.075422003
6 63 3 100 589892 2.075515268
27 24 3 100 11233 2.075529854
114 134 3 100 1111878 2.075530617
4 85 3 100 4089706 2.075537354
31 13 3 100 4293 2.075542479
62 84 3 100 550281 2.075557332
36 17 3 100 1530636 2.075599589
93 85 3 100 1078 2.075665458
31 47 3 100 73224 2.075720262
92 109 3 100 334485 2.075772529
71 19 3 100 61951 2.075775992
30 122 3 100 986020 2.075782217
2 150 3 100 242727 2.075818711
114 56 3 100 3228893 2.075874586
93 16 3 100 36986 2.075936943
74 114 3 100 92090 2.075974419
3 122 3 100 72788 2.075989457
9 83 3 100 1803959 2.076043611
37 106 3 100 5131841 2.076057280
115 72 3 100 7059 2.076058720
50 119 3 100 60501 2.076096377
49 41 3 100 1048085 2.076096849
111 253 3 100 40230 2.076117289
17 78 3 100 234 2.076174303
60 77 3 100 23458 2.076181318
35 65 3 100 39558 2.076201605
61 120 3 100 806695 2.076278099
26 40 3 100 8149509 2.076374354
3 59 3 100 3212847 2.076395890
33 111 3 100 690596 2.076489323
64 36 3 100 31073 2.076539329
112 84 3 100 82789 2.076600924
26 212 3 100 3353 2.076641798
61 116 3 100 29589 2.076659567
42 119 3 100 36770 2.076703929
73 122 3 100 2764811 2.076782772
31 67 3 100 9970408 2.076804685
40 6 3 100 457497 2.076898599
80 75 3 100 2591 2.076961416
62 37 3 100 9152 2.076975328
47 80 3 100 20619657 2.077027701
110 55 3 100 690390 2.077063197
58 237 3 100 11718 2.077073341
58 122 3 100 75844 2.077082326
25 102 3 100 62366 2.077322215
18 38 3 100 91973 2.077371564
61 21 3 100 1769455 2.077375488
75 90 3 100 51836 2.077378532
115 100 3 100 938296 2.077460945
77 29 3 100 6817 2.077493803
42 113 3 100 4280109 2.077546005
93 57 3 100 139373 2.077562181
52 218 3 100 2751 2.077572855
105 17 3 100 2067094 2.077600941
16 20 3 100 926336 2.077615665
99 31 3 100 41464 2.077633388
49 99 3 100 8474 2.077652544
35 98 3 100 29154 2.077658559
107 67 3 100 31689 2.077681523
74 84 3 100 6016 2.077683270
121 71 3 100 727003 2.077710552
43 82 3 100 3015 2.077746853
60 206 3 100 70959 2.077756428
116 15 3 100 148480 2.077759272
117 104 3 100 49102 2.077761860
36 92 3 100 25350 2.077792359
81 9 3 100 1040941 2.077814881
120 25 3 100 19295002 2.077827032
57 46 3 100 9857 2.077899710
13 120 3 100 3346042 2.077948827
48 71 3 100 5181324 2.078008341
74 125 3 100 980761 2.078021060
94 190 3 100 1304331 2.078035067
70 99 3 100 617457 2.078046189
69 85 3 100 103172 2.078052412
1 28 3 100 20463 2.078077686
80 32 3 100 13118942 2.078094549
13 61 3 100 3380153 2.078124051
34 102 3 100 2478 2.078251519
28 42 3 100 8595195 2.078264594
126 7 3 100 165726 2.078327753
19 18 3 100 25270 2.078367341
34 157 3 100 20618 2.078380233
52 99 3 100 40363 2.078381253
39 118 3 100 24597 2.078390143
107 122 3 100 6110751 2.078420340
102 84 3 100 22710 2.078501724
13 80 3 100 171194 2.078579013
13 99 3 100 1476099 2.078586664
22 4 3 100 1724813 2.078649295
90 117 3 100 21501 2.078650117
90 46 3 100 1481882 2.078651146
62 200 3 100 9893938 2.078668537
53 9 3 100 183950 2.078698283
71 99 3 100 1306499 2.078700139
23 25 3 100 24437 2.078752987
81 77 3 100 1040658 2.078779998
48 91 3 100 14628 2.078820678
15 24 3 100 73313 2.078836606
11 0 3 100 9373 2.078837812
89 120 3 100 1886262 2.078897108
60 23 3 100 2033886 2.078928916
98 174 3 100 22755 2.078958197
87 58 3 100 48493 2.079072796
6 96 3 100 4334264 2.079093948
50 78 3 100 4038072 2.079094529
10 86 3 100 42446 2.079103042
55 100 3 100 729370 2.079125799
55 95 3 100 3476622 2.079161314
56 2 3 100 44139 2.079169512
46 59 3 100 15521 2.079211556
63 90 3 100 335765 2.079213394
105 252 3 100 654 2.079286848
36 9 3 100 32 2.079328102
49 65 3 100 3073760 2.079369623
44 89 3 100 903094 2.079406836
7 107 3 100 71331 2.079453730
66 100 3 100 1719599 2.079464201
80 9 3 100 2582 2.079508453
80 34 3 100 2282242 2.079515298
67 113 3 100 3339518 2.079525473
78 82 3 100 3573010 2.079631284
103 230 3 100 7464 2.079631486
84 62 3 100 65725 2.079636573
60 95 3 100 5748 2.079700724
97 115 3 100 59544 2.079756410
74 17 3 100 1976 2.079776622
67 41 3 100 2570 2.079802707
22 32 3 100 3924 2.079820262
103 101 3 100 38866 2.079903995
117 90 3 100 5457783 2.079929394
53 106 3 100 34961 2.079950255
67 148 3 100 59654 2.079960842
30 16 3 100 43908 2.080071353
117 66 3 100 18814 2.080075682
121 85 3 100 188188 2.080086306
73 42 3 100 31613 2.080138513
64 88 3 100 409336 2.080158668
104 59 3 100 30886 2.080203004
10 125 3 100 1696685 2.080275929
125 58 3 100 13580253 2.080292601
2 6 3 100 27701 2.080381819
26 251 3 100 1520157 2.080384146
10 3 3 100 4708479 2.080536854
6 41 3 100 21366 2.080541901
15 87 3 100 65806 2.080546306
53 47 3 100 33515 2.080604092
88 65 3 100 59301 2.080646765
24 97 3 100 575821 2.080673808
32 45 3 100 1140038 2.080673828
90 73 3 100 21476 2.080815455
30 0 3 100 1154797 2.080819165
15 130 3 100 1683275 2.080864787
34 17 3 100 1652169 2.080885026
28 123 3 100 4825 2.080910979
109 9 3 100 37181 2.080945233
91 67 3 100 1709877 2.080970360
91 64 3 100 37367 2.081190964
58 35 3 100 1549 2.081239720
68 65 3 100 1011 2.081247141
112 93 3 100 971 2.081279076
66 35 3 100 27110 2.081281989
115 189 3 100 25775 2.081291025
102 83 3 100 72303 2.081313475
59 122 3 100 3922914 2.081364147
1 100 3 100 9778 2.081377529
27 57 3 100 4860714 2.081477830
126 36 3 100 4876020 2.081496873
122 43 3 100 46211 2.081510769
124 95 3 100 45486 2.081526249
15 47 3 100 21410 2.081548296
11 102 3 100 75256 2.081568810
28 159 3 100 55808 2.081602470
57 75 3 100 632138 2.081690762
43 111 3 100 1990238 2.081705210
94 91 3 100 1365 2.081708621
10 30 3 100 1534643 2.081778685
100 41 3 100 27975 2.081800610
22 54 3 100 56892 2.081820113
41 100 3 100 9470 2.081824176
75 77 3 100 206947 2.081994067
127 2 3 100 56804 2.082005874
46 152 3 100 26969 2.082007961
98 7 3 100 23066 2.082104159
18 112 3 100 28790 2.082117684
74 4 3 100 2235870 2.082119402
127 28 3 100 3210 2.082131117
109 78 3 100 2613687 2.082158087
88 105 3 100 1888 2.082215295
14 21 3 100 52827 2.082232045
67 80 3 100 4940 2.082244538
114 1 3 100 2469786 2.082282200
105 212 3 100 45946 2.082285191
80 85 3 100 9709 2.082349531
0 124 3 100 3041792 2.082364284
104 83 3 100 62705 2.082384722
119 107 3 100 1762844 2.082458708
26 122 3 100 149805 2.082474525
36 98 3 100 2731 2.082563868
105 58 3 100 4123973 2.082685147
86 24 3 100 640121 2.082698230
0 101 3 100 4100527 2.082706872
108 248 3 100 1103022 2.082781911
99 14 3 100 29070 2.082811471
74 5 3 100 10312 2.082838817
37 76 3 100 901352 2.082862330
125 104 3 100 165825 2.082978656
92 127 3 100 512203 2.083021392
101 40 3 100 32384 2.083052807
57 46 3 100 31579 2.083056551
99 2 3 100 86734 2.083057629
73 111 3 100 20250 2.083066665
76 235 3 100 16025214 2.083085598
24 49 3 100 265786 2.083205086
37 47 3 100 2610 2.083224413
85 114 3 100 27594 2.083351777
23 57 3 100 16438 2.083380242
5 44 3 100 34173 2.083384117
104 46 3 100 311083 2.083407430
116 42 3 100 917565 2.083439823
108 8 3 100 1971266 2.083456986
99 222 3 100 7765 2.083489656
106 15 3 100 20330 2.083551716
48 75 3 100 32798 2.083559564
66 59 3 100 127087 2.083573619
53 46 3 100 5749 2.083604128
74 40 3 100 978 2.083610431
89 14 3 100 33561 2.083632238
1 113 3 100 5956 2.083636704
60 116 3 100 52256 2.083637529
71 96 3 100 31255 2.083744438
113 183 3 100 16445343 2.083773440
76 71 3 100 22482 2.083832761
5 56 3 100 26100 2.083853862
75 54 3 100 5495800 2.083859037
117 68 3 100 12080 2.083949009
53 19 3 100 25647 2.083999729
77 6 3 100 3642 2.084085121
48 1 3 100 32673 2.084134436
90 5 3 100 64281 2.084153162
116 10 3 100 4184034 2.084163998
2 183 3 100 4361351 2.084186417
67 12 3 100 7362 2.084193429
45 90 3 100 865568 2.084201511
20 79 3 100 24360 2.084246930
39 43 3 100 1538 2.084261133
111 4 3 100 68135 2.084264947
37 104 3 100 26978 2.084270250
39 121 3 100 9422 2.084327242
1 30 3 100 56543 2.084346795
101 33 3 100 28627 2.084365289
56 207 3 100 49455 2.084430320
75 16 3 100 770943 2.084505976
101 61 3 100 1844517 2.084508879
72 104 3 100 71540 2.084529041
96 51 3 100 123780 2.084529178
122 40 3 100 41613 2.084549897
123 71 3 100 5162 2.084575042
45 41 3 100 158508 2.084592417
35 4 3 100 24312 2.084596896
56 22 3 100 3057 2.084642357
54 232 3 100 10260527 2.084701088
20 98 3 100 26621 2.084735248
105 90 3 100 54255 2.084742791
67 90 3 100 5113132 2.084768689
123 52 3 100 241551 2.084834708
122 69 3 100 46738 2.084855481
27 92 3 100 4376175 2.084906866
36 39 3 100 187389 2.084972106
18 63 3 100 2805026 2.084992029
41 13 3 100 6721865 2.084994728
118 173 3 100 15866 2.085026095
87 106 3 100 5511059 2.085027773
121 44 3 100 28826 2.085036939
5 84 3 100 4976360 2.085038762
35 32 3 100 1536 2.085118332
79 42 3 100 15744 2.085177657
20 16 3 100 8744 2.085266680
90 40 3 100 25369 2.085297493
113 85 3 100 4948231 2.085322692
58 191 3 100 4217995 2.085397584
81 103 3 100 2232033 2.085424716
98 113 3 100 7514398 2.085461722
11 97 3 100 16395679 2.085481363
25 34 3 100 312 2.085524040
41 52 3 100 528533 2.085537727
45 16 3 100 56993 2.085540906
31 57 3 100 9312667 2.085567011
56 72 3 100 16058 2.085586425
87 104 3 100 5456 2.085594369
86 216 3 100 141243 2.085618933
59 80 3 100 34279 2.085629043
65 63 3 100 4757902 2.085656941
35 91 3 100 49183 2.085737073
46 63 3 100 2011738 2.085767932
25 117 3 100 5546 2.085793993
36 67 3 100 2201127 2.085878116
73 8 3 100 15569 2.085892697
96 52 3 100 797108 2.085960068
116 133 3 100 848993 2.085976566
96 119 3 100 3640241 2.086071900
103 113 3 100 51046 2.086088396
86 27 3 100 75609 2.086100745
48 75 3 100 760536 2.086138485
10 69 3 100 26292 2.086142717
23 43 3 100 3340910 2.086158699
112 23 3 100 4750939 2.086270016
104 92 3 100 34426 2.086364098
55 145 3 100 4736998 2.086400979
52 92 3 100 71371 2.086412909
21 36 3 100 443699 2.086445760
71 79 3 100 24370 2.086454770
97 12 3 100 25 2.086597335
105 115 3 100 1127366 2.086628719
73 37 3 100 37485 2.086646836
92 30 3 100 1204210 2.086661742
54 19 3 100 41166 2.086662033
7 91 3 100 41734 2.086699621
46 199 3 100 36474 2.086706548
110 25 3 100 62726 2.086762255
16 123 3 100 297891 2.086786192
32 46 3 100 459780 2.086808305
21 80 3 100 7070 2.086913924
127 116 3 100 3005 2.087027390
124 4 3 100 4064 2.087033878
24 117 3 100 1614403 2.087046025
111 118 3 100 2688 2.087053108
34 203 3 100 866996 2.087055118
113 84 3 100 332589 2.087066449
62 69 3 100 10720 2.087075360
119 116 3 100 2920 2.087098219
20 37 3 100 30708 2.087189261
49 78 3 100 1604 2.087322985
90 25 3 100 7316819 2.087348053
99 43 3 100 1991036 2.087369524
124 78 3 100 72535 2.087375362
74 91 3 100 8900336 2.087425409
94 165 3 100 27747 2.087433789
3 31 3 100 2838934 2.087440581
34 6 3 100 58445 2.087480587
33 64 3 100 4505238 2.087487691
68 17 3 100 59013 2.087487979
61 120 3 100 68201 2.087509240
21 22 3 100 94543 2.087615310
127 20 3 100 47095 2.087623409
76 123 3 100 25467 2.087640776
117 33 3 100 7092 2.087646254
125 197 3 100 28481 2.087742793
116 64 3 100 59380 2.087759905
117 83 3 100 56882 2.087805365
10 28 3 100 45298 2.087837355
123 29 3 100 50009 2.087952135
65 100 3 100 3557961 2.087958084
117 101 3 100 61590 2.087961035
67 123 3 100 375343 2.087995065
47 13 3 100 1086 2.088023228
4 45 3 100 20910 2.088059193
88 172 3 100 17298 2.088059578
16 32 3 100 27048 2.088076674
96 84 3 100 68560 2.088082563
111 36 3 100 5461725 2.088122828
107 108 3 100 3673279 2.088134897
83 112 3 100 19538 2.088166400
78 116 3 100 1596220 2.088188770
120 72 3 100 47780 2.088191795
49 24 3 100 7941272 2.088203799
74 11 3 100 1095380 2.088230441
63 209 3 100 5276 2.088233029
20 95 3 100 22508 2.088328361
69 111 3 100 1086 2.088340760
47 120 3 100 8007 2.088341145
122 64 3 100 5324 2.088355263
28 11 3 100 26603 2.088396413
7 37 3 100 3127840 2.088470761
2 11 3 100 1135735 2.088481593
16 97 3 100 77878 2.088486750
90 59 3 100 42132 2.088607983
109 25 3 100 695026 2.088642388
36 92 3 100 62593 2.088663562
43 102 3 100 10393312 2.088707795
80 25 3 100 7737480 2.088772990
16 62 3 100 23597 2.088854046
89 118 3 100 328353 2.088861674
11 78 3 100 1540017 2.088879265
23 89 3 100 914710 2.088888510
89 221 3 100 129764 2.088914455
68 58 3 100 9472896 2.088978458
122 87 3 100 4522886 2.089001441
20 18 3 100 76090 2.089024622
76 53 3 100 56326 2.089054161
78 80 3 100 5821749 2.089058186
117 46 3 100 8818 2.089075950
68 64 3 100 73394 2.089105302
89 88 3 100 4976 2.089138565
110 88 3 100 15643571 2.089176253
89 55 3 100 50501 2.089240478
68 86 3 100 312082 2.089243694
78 127 3 100 424974 2.089252447
65 119 3 100 3403762 2.089259732
43 104 3 100 41996 2.089267296
112 53 3 100 41473 2.089277083
42 20 3 100 5119 2.089435031
120 13 3 100 23881 2.089443838
109 134 3 100 14613 2.089481181
123 20 3 100 87528 2.089494002
111 43 3 100 20191 2.089526582
127 44 3 100 1977612 2.089624499
78 88 3 100 19557 2.089650042
13 16 3 100 14423 2.089653155
90 41 3 100 11239 2.089683826
119 12 3 100 29561 2.089687572
1 149 3 100 52398 2.089693611
66 97 3 100 49684 2.089714211
125 108 3 100 30996 2.089724805
121 126 3 100 37984 2.089815906
51 118 3 100 437705 2.089837410
35 10 3 100 67868 2.089928749
27 109 3 100 38841 2.090000189
10 75 3 100 189936 2.090006912
96 79 3 100 24286 2.090065014
106 56 3 100 739300 2.090103167
40 135 3 100 50378 2.090229774
42 2 3 100 3165843 2.090240484
107 115 3 100 12135 2.090278728
54 55 3 100 54107 2.090289397
109 121 3 100 755613 2.090291510
8 31 3 100 17733 2.090319872
94 112 3 100 1557924 2.090331110
56 30 3 100 2279 2.090418203
85 38 3 100 73915 2.090493306
103 202 3 100 4917679 2.090524044
97 88 3 100 4391025 2.090557984
8 71 3 100 16392 2.090653354
22 61 3 100 344959 2.090703027
74 112 3 100 33281 2.090719178
97 23 3 100 155099 2.090744669
55 20 3 100 33774 2.090764969
21 103 3 100 1785441 2.090800620
75 20 3 100 83287 2.090826773
41 17 3 100 1662691 2.090843277
65 52 3 100 47928 2.090971920
111 37 3 100 55604 2.091015914
8 122 3 100 2325195 2.091198442
55 86 3 100 16206 2.091249671
3 40 3 100 46933 2.091287862
109 41 3 100 2849220 2.091289481
60 187 3 100 46287 2.091316915
114 77 3 100 58327 2.091317366
104 116 3 100 333806 2.091353030
72 68 3 100 17402 2.091523349
53 57 3 100 1946921 2.091549423
44 16 3 100 2281 2.091648557
94 93 3 100 2588820 2.091719484
15 33 3 100 7666 2.091736356
110 45 3 100 24961 2.091760947
70 84 3 100 2430205 2.091823195
113 48 3 100 4095545 2.091880832
107 112 3 100 7152 2.091892320
99 22 3 100 38134 2.091906270
52 254 3 100 27847839 2.091928715
35 46 3 100 30553 2.091944302
73 109 3 100 321691 2.091957179
14 29 3 100 40826 2.091960330
77 126 3 100 20927 2.092024986
119 47 3 100 19869 2.092072145
98 104 3 100 6701 2.092149009
60 92 3 100 24119 2.092170399
2 221 3 100 758136 2.092193346
123 66 3 100 1030 2.092221667
19 64 3 100 62130 2.092241018
98 111 3 100 78757 2.092334610
5 8 3 100 2625246 2.092442438
114 84 3 100 307728 2.092454535
94 6 3 100 1503048 2.092525804
54 37 3 100 948586 2.092537701
27 228 3 100 16362 2.092598708
104 45 3 100 193248 2.092693862
9 87 3 100 57614 2.092704559
101 5 3 100 9509467 2.092850816
42 127 3 100 69799 2.092864216
86 100 3 100 521 2.092896061
50 15 3 100 31584 2.092904748
86 49 3 100 1285610 2.092909603
18 186 3 100 17871 2.092938974
33 80 3 100 52228 2.092939062
14 127 3 100 23146 2.093086655
13 85 3 100 18816 2.093292451
9 60 3 100 733444 2.093314015
116 173 3 100 53219 2.093384924
41 109 3 100 953282 2.093403801
27 52 3 100 1213899 2.093424735
62 112 3 100 911880 2.093465495
96 99 3 100 4809352 2.093478752
126 9 3 100 27733 2.093524121
54 56 3 100 7169 2.093564298
44 21 3 100 3410626 2.093643116
48 9 3 100 132183 2.093704427
40 111 3 100 4540955 2.093708789
82 34 3 100 48093 2.093798949
113 14 3 100 173739 2.093849461
80 49 3 100 29817 2.093885276
110 50 3 100 3617899 2.093902786
40 75 3 100 1238275 2.093977421
109 221 3 100 854823 2.094046529
120 71 3 100 4050 2.094179796
78 32 3 100 3345760 2.094182264
109 1 3 100 9666798 2.094262081
111 36 3 100 551031 2.094440549
110 186 3 100 7728 2.094502200
1 67 3 100 24808 2.094509284
36 9 3 100 25123 2.094522171
14 126 3 100 319119 2.094636534
16 51 3 100 30218 2.094639205
89 103 3 100 1697703 2.094712498
105 36 3 100 7401973 2.094762785
54 253 3 100 2499568 2.094786276
47 74 3 100 2292286 2.094803079
7 13 3 100 68245 2.094822929
77 67 3 100 67852 2.094968231
125 101 3 100 97685 2.095162664
122 110 3 100 67131 2.095248850
36 26 3 100 1853949 2.095249764
48 197 3 100 4456358 2.095326408
116 97 3 100 3513267 2.095423324
35 0 3 100 3539827 2.095483785
60 116 3 100 42579 2.095652429
14 55 3 100 5065 2.095768616
96 77 3 100 30137 2.095773743
36 141 3 100 3423 2.095913821
1 41 3 100 7675 2.095915994
68 72 3 100 27939 2.095924024
54 96 3 100 12892458 2.095958804
80 85 3 100 8903 2.096021006
68 91 3 100 64348 2.096095172
42 187 3 100 130905 2.096223681
47 124 3 100 16798304 2.096245751
89 114 3 100 195752 2.096262621
113 54 3 100 16411 2.096315951
47 114 3 100 3314827 2.096358634
36 61 3 100 94 2.096369530
104 86 3 100 9024458 2.096382865
42 63 3 100 127827 2.096513209
75 107 3 100 77268 2.096654911
28 69 3 100 36674 2.096698997
10 25 3 100 37879 2.096895668
7 66 3 100 206837 2.096940237
120 54 3 100 25811 2.097169277
56 86 3 100 7616693 2.097176390
64 81 3 100 23774 2.097292317
105 73 3 100 7032 2.097685772
13 39 3 100 20982 2.097727759
2 42 3 100 491630 2.097883772
35 25 3 100 48688 2.097884550
11 208 3 100 3211239 2.097943574
80 113 3 100 3250403 2.098046585
1 20 3 100 22346858 2.098053277
16 51 3 100 24546 2.098128285
105 100 3 100 9924559 2.098144505
89 141 3 100 533837 2.098247509
107 76 3 100 1361279 2.098405214
52 116 3 100 21708 2.098495517
17 46 3 100 4047816 2.098694209
54 5 3 100 4508064 2.098776876
1 127 3 100 52065 2.099037075
107 0 3 100 6013 2.099089310
17 169 3 100 7977 2.099299327
75 123 3 100 24620 2.099416862
